timeStamp,elapsed,label,responseCode,responseMessage,threadName,dataType,success,failureMessage,bytes,sentBytes,grpThreads,allThreads,Latency,IdleTime,Connect
1537442892165,111,Add_MainPage,200,OK,AddContact 1-1,text,true,,4039,446,2,4,110,0,66
1537442891106,111,Add_MainPage,200,"Number of samples in transaction : 2, number of failing samples : 0",AddContact 1-1,,true,,4039,446,2,4,110,1065,66
1537442893151,24,Add_MainPage,200,OK,AddContact 1-2,text,true,,4039,446,3,6,24,0,1
1537442892178,24,Add_MainPage,200,"Number of samples in transaction : 2, number of failing samples : 0",AddContact 1-2,,true,,4039,446,3,6,24,975,1
1537442893268,67,Add_ContactForm,200,OK,AddContact 1-1,text,true,,3239,474,3,6,67,0,0
1537442892282,67,Add_ContactForm,200,"Number of samples in transaction : 2, number of failing samples : 0",AddContact 1-1,,true,,3239,474,3,6,67,988,0
1537442894125,21,Add_MainPage,200,OK,AddContact 1-3,text,true,,4039,446,4,8,21,0,1
1537442893135,21,Add_MainPage,200,"Number of samples in transaction : 2, number of failing samples : 0",AddContact 1-3,,true,,4039,446,4,8,21,991,1
1537442894151,17,Add_ContactForm,200,OK,AddContact 1-2,text,true,,3239,474,4,8,16,0,0
1537442893177,17,Add_ContactForm,200,"Number of samples in transaction : 2, number of failing samples : 0",AddContact 1-2,,true,,3239,474,4,8,16,975,0
1537442895122,46,Add_ContactForm,200,OK,AddContact 1-3,text,true,,3239,474,5,10,46,0,0
1537442894147,46,Add_ContactForm,200,"Number of samples in transaction : 2, number of failing samples : 0",AddContact 1-3,,true,,3239,474,5,10,46,976,0
1537442895116,88,Add_MainPage,200,OK,AddContact 1-4,text,true,,4039,446,5,10,88,0,1
1537442894131,88,Add_MainPage,200,"Number of samples in transaction : 2, number of failing samples : 0",AddContact 1-4,,true,,4039,446,5,10,88,986,1
1537442896133,23,Add_MainPage,200,OK,AddContact 1-5,text,true,,4039,446,6,12,23,0,0
1537442895119,23,Add_MainPage,200,"Number of samples in transaction : 2, number of failing samples : 0",AddContact 1-5,,true,,4039,446,6,12,23,985,0
1537442896220,15,Add_ContactForm,200,OK,AddContact 1-4,text,true,,3239,474,6,12,15,0,0
1537442895205,15,Add_ContactForm,200,"Number of samples in transaction : 2, number of failing samples : 0",AddContact 1-4,,true,,3239,474,6,12,15,985,0
1537442896312,298,Add_ContactAction,200,OK,AddContact 1-1,text,true,,2477,1301,6,12,298,0,4
1537442893337,298,Add_ContactAction,200,"Number of samples in transaction : 2, number of failing samples : 0",AddContact 1-1,,true,,2477,1301,6,12,298,2945,4
1537442897060,39,Del_MainPage,200,OK,DeleteContact 2-1,text,true,,4409,446,7,14,38,0,1
1537442896074,39,Del_MainPage,200,"Number of samples in transaction : 2, number of failing samples : 0",DeleteContact 2-1,,true,,4409,446,7,14,38,1142,1
1537442897257,308,Add_ContactForm,200,OK,AddContact 1-5,text,true,,3239,474,7,14,308,0,0
1537442896158,308,Add_ContactForm,200,"Number of samples in transaction : 2, number of failing samples : 0",AddContact 1-5,,true,,3239,474,7,14,308,1116,0
1537442897256,331,Add_MainPage,200,OK,AddContact 1-6,text,true,,4409,446,7,14,331,0,1
1537442896129,331,Add_MainPage,200,"Number of samples in transaction : 2, number of failing samples : 0",AddContact 1-6,,true,,4409,446,7,14,331,1128,1
1537442897258,342,Add_ContactAction,200,OK,AddContact 1-2,text,true,,2477,1313,7,14,342,0,1
1537442894169,342,Add_ContactAction,200,"Number of samples in transaction : 2, number of failing samples : 0",AddContact 1-2,,true,,2477,1313,7,14,342,3059,1
1537442898075,29,Add_MainPage,200,OK,AddContact 1-7,text,true,,4621,446,8,16,29,0,1
1537442897091,29,Add_MainPage,200,"Number of samples in transaction : 2, number of failing samples : 0",AddContact 1-7,,true,,4621,446,8,16,29,988,1
1537442898151,34,Add_ContactAction,200,OK,AddContact 1-3,text,true,,2477,1361,8,16,34,0,6
1537442895169,34,Add_ContactAction,200,"Number of samples in transaction : 2, number of failing samples : 0",AddContact 1-3,,true,,2477,1361,8,16,34,2953,6
1537442898244,31,Del_MainPage,200,OK,DeleteContact 2-2,text,true,,4813,446,8,16,31,0,3
1537442897256,31,Del_MainPage,200,"Number of samples in transaction : 2, number of failing samples : 0",DeleteContact 2-2,,true,,4813,446,8,16,31,1036,3
1537442898569,25,Add_ContactForm,200,OK,AddContact 1-6,text,true,,3239,474,8,16,16,0,0
1537442897591,25,Add_ContactForm,200,"Number of samples in transaction : 2, number of failing samples : 0",AddContact 1-6,,true,,3239,474,8,16,16,979,0
1537442898952,49,Add_MainPage,200,OK,AddContact 1-8,text,true,,4813,446,9,18,49,0,1
1537442897974,50,Add_MainPage,200,"Number of samples in transaction : 2, number of failing samples : 0",AddContact 1-8,,true,,4813,446,9,18,49,996,1
1537442899043,17,Del_MainPage,200,OK,DeleteContact 2-3,text,true,,4813,446,9,18,17,0,1
1537442898059,17,Del_MainPage,200,"Number of samples in transaction : 2, number of failing samples : 0",DeleteContact 2-3,,true,,4813,446,9,18,17,1013,1
1537442899090,16,Add_ContactForm,200,OK,AddContact 1-7,text,true,,3239,474,9,18,16,0,0
1537442898108,16,Add_ContactForm,200,"Number of samples in transaction : 2, number of failing samples : 0",AddContact 1-7,,true,,3239,474,9,18,16,983,0
1537442899181,44,Add_ContactAction,200,OK,AddContact 1-4,text,true,,2477,1145,9,18,44,0,9
1537442896236,44,Add_ContactAction,200,"Number of samples in transaction : 2, number of failing samples : 0",AddContact 1-4,,true,,2477,1145,9,18,44,2946,9
1537442899829,35,Add_MainPage,200,OK,AddContact 1-9,text,true,,4935,446,10,20,35,0,3
1537442898847,35,Add_MainPage,200,"Number of samples in transaction : 2, number of failing samples : 0",AddContact 1-9,,true,,4935,446,10,20,35,983,3
1537442899997,139,Add_ContactForm,200,OK,AddContact 1-8,text,true,,3239,474,10,20,139,0,0
1537442899020,139,Add_ContactForm,200,"Number of samples in transaction : 2, number of failing samples : 0",AddContact 1-8,,true,,3239,474,10,20,139,978,0
1537442900044,96,Del_MainPage,200,OK,DeleteContact 2-4,text,true,,4935,446,10,20,96,0,1
1537442899058,96,Del_MainPage,200,"Number of samples in transaction : 2, number of failing samples : 0",DeleteContact 2-4,,true,,4935,446,10,20,96,1038,1
1537442900199,15,Del_ContactFrom,200,OK,DeleteContact 2-1,text,true,,3323,480,10,20,15,0,1
1537442897256,15,Del_ContactFrom,200,"Number of samples in transaction : 2, number of failing samples : 0",DeleteContact 2-1,,true,,3323,480,10,20,15,2944,1
1537442901019,43,Add_ContactAction,200,OK,AddContact 1-5,text,true,,2477,1511,10,20,43,0,9
1537442897583,43,Add_ContactAction,200,"Number of samples in transaction : 2, number of failing samples : 0",AddContact 1-5,,true,,2477,1511,10,20,43,2940,9
1537442901209,20,Add_MainPage,200,OK,AddContact 1-10,text,true,,5167,446,11,22,20,0,1
1537442899741,20,Add_MainPage,200,"Number of samples in transaction : 2, number of failing samples : 0",AddContact 1-10,,true,,5167,446,11,22,20,974,1
1537442901339,27,Add_ContactForm,200,OK,AddContact 1-9,text,true,,3239,474,11,22,27,0,0
1537442899865,27,Add_ContactForm,200,"Number of samples in transaction : 2, number of failing samples : 0",AddContact 1-9,,true,,3239,474,11,22,27,978,0
1537442901525,26,Del_MainPage,200,OK,DeleteContact 2-5,text,true,,5167,446,11,22,26,0,1
1537442900046,26,Del_MainPage,200,"Number of samples in transaction : 2, number of failing samples : 0",DeleteContact 2-5,,true,,5167,446,11,22,26,996,1
1537442901756,70,Del_ContactFrom,200,OK,DeleteContact 2-2,text,true,,3323,480,11,22,70,0,1
1537442898323,70,Del_ContactFrom,200,"Number of samples in transaction : 2, number of failing samples : 0",DeleteContact 2-2,,true,,3323,480,11,22,70,2947,1
1537442902217,60,Add_ContactForm,200,OK,AddContact 1-10,text,true,,3239,474,12,24,57,0,0
1537442901231,60,Add_ContactForm,200,"Number of samples in transaction : 2, number of failing samples : 0",AddContact 1-10,,true,,3239,474,12,24,57,987,0
1537442902109,178,Add_MainPage,200,OK,AddContact 1-11,text,true,,5167,446,12,24,178,0,0
1537442901130,178,Add_MainPage,200,"Number of samples in transaction : 2, number of failing samples : 0",AddContact 1-11,,true,,5167,446,12,24,178,985,0
1537442902095,214,Add_ContactAction,200,OK,AddContact 1-6,text,true,,2477,1577,12,24,213,0,4
1537442898595,214,Add_ContactAction,200,"Number of samples in transaction : 2, number of failing samples : 0",AddContact 1-6,,true,,2477,1577,12,24,213,3004,4
1537442902479,31,Del_MainPage,200,OK,DeleteContact 2-6,text,true,,5388,446,12,24,31,0,1
1537442901508,31,Del_MainPage,200,"Number of samples in transaction : 2, number of failing samples : 0",DeleteContact 2-6,,true,,5388,446,12,24,31,980,1
1537442902521,33,Del_ContactFrom,200,OK,DeleteContact 2-3,text,true,,3325,480,12,24,32,0,0
1537442899089,33,Del_ContactFrom,200,"Number of samples in transaction : 2, number of failing samples : 0",DeleteContact 2-3,,true,,3325,480,12,24,32,2937,0
1537442902528,31,Add_ContactAction,200,OK,AddContact 1-7,text,true,,2477,1139,12,24,31,0,2
1537442899107,31,Add_ContactAction,200,"Number of samples in transaction : 2, number of failing samples : 0",AddContact 1-7,,true,,2477,1139,12,24,31,2925,2
1537442903064,38,Add_MainPage,200,OK,AddContact 1-12,text,true,,5499,446,13,26,38,0,2
1537442902094,38,Add_MainPage,200,"Number of samples in transaction : 2, number of failing samples : 0",AddContact 1-12,,true,,5499,446,13,26,38,986,2
1537442903279,16,Add_ContactForm,200,OK,AddContact 1-11,text,true,,3239,474,13,26,16,0,0
1537442902293,16,Add_ContactForm,200,"Number of samples in transaction : 2, number of failing samples : 0",AddContact 1-11,,true,,3239,474,13,26,16,987,0
1537442903450,27,Del_MainPage,200,OK,DeleteContact 2-7,text,true,,5499,446,13,26,27,0,1
1537442902466,27,Del_MainPage,200,"Number of samples in transaction : 2, number of failing samples : 0",DeleteContact 2-7,,true,,5499,446,13,26,27,1005,1
1537442903555,25,Add_ContactAction,200,OK,AddContact 1-8,text,true,,2477,1403,13,26,24,0,4
1537442900137,25,Add_ContactAction,200,"Number of samples in transaction : 2, number of failing samples : 0",AddContact 1-8,,true,,2477,1403,13,26,24,2922,4
1537442903602,15,Del_ContactFrom,200,OK,DeleteContact 2-4,text,true,,3325,480,13,26,15,0,0
1537442900192,15,Del_ContactFrom,200,"Number of samples in transaction : 2, number of failing samples : 0",DeleteContact 2-4,,true,,3325,480,13,26,15,2926,0
1537442903634,18,Del_Contact,200,OK,DeleteContact 2-1,text,true,,2483,509,13,26,18,0,1
1537442900215,18,Del_Contact,200,"Number of samples in transaction : 2, number of failing samples : 0",DeleteContact 2-1,,true,,2483,509,13,26,18,2924,1
1537442903879,31,Add_MainPage,200,OK,AddContact 1-13,text,true,,5523,446,14,28,31,0,1
1537442902899,31,Add_MainPage,200,"Number of samples in transaction : 2, number of failing samples : 0",AddContact 1-13,,true,,5523,446,14,28,31,982,1
1537442904109,16,Add_ContactForm,200,OK,AddContact 1-12,text,true,,3239,474,14,28,16,0,0
1537442903118,16,Add_ContactForm,200,"Number of samples in transaction : 2, number of failing samples : 0",AddContact 1-12,,true,,3239,474,14,28,16,994,0
1537442904294,60,Add_ContactAction,200,OK,AddContact 1-9,text,true,,2477,1535,14,28,60,0,27
1537442901366,60,Add_ContactAction,200,"Number of samples in transaction : 2, number of failing samples : 0",AddContact 1-9,,true,,2477,1535,14,28,60,2928,27
1537442904326,31,Del_MainPage,200,OK,DeleteContact 2-8,text,true,,5523,446,14,28,30,0,1
1537442903324,31,Del_MainPage,200,"Number of samples in transaction : 2, number of failing samples : 0",DeleteContact 2-8,,true,,5523,446,14,28,30,1005,1
1537442904494,19,Del_ContactFrom,200,OK,DeleteContact 2-5,text,true,,3174,480,14,28,19,0,1
1537442901565,19,Del_ContactFrom,200,"Number of samples in transaction : 2, number of failing samples : 0",DeleteContact 2-5,,true,,3174,480,14,28,19,2931,1
1537442904726,25,Del_Contact,200,OK,DeleteContact 2-2,text,true,,2489,509,15,30,24,0,0
1537442901836,25,Del_Contact,200,"Number of samples in transaction : 2, number of failing samples : 0",DeleteContact 2-2,,true,,2489,509,15,30,24,2891,0
1537442904803,38,Add_MainPage,200,OK,AddContact 1-14,text,true,,5757,446,15,30,38,0,1
1537442903792,38,Add_MainPage,200,"Number of samples in transaction : 2, number of failing samples : 0",AddContact 1-14,,true,,5757,446,15,30,38,1012,1
1537442904880,20,Add_ContactForm,200,OK,AddContact 1-13,text,true,,3239,474,15,30,19,0,0
1537442903912,20,Add_ContactForm,200,"Number of samples in transaction : 2, number of failing samples : 0",AddContact 1-13,,true,,3239,474,15,30,19,969,0
1537442904925,22,Add_MainPage,200,OK,AddContact 1-1,text,true,,5757,446,15,30,22,0,2
1537442903955,22,Add_MainPage,200,"Number of samples in transaction : 2, number of failing samples : 0",AddContact 1-1,,true,,5757,446,15,30,22,971,2
1537442905174,25,Del_MainPage,200,OK,DeleteContact 2-9,text,true,,5757,446,15,30,24,0,6
1537442904202,25,Del_MainPage,200,"Number of samples in transaction : 2, number of failing samples : 0",DeleteContact 2-9,,true,,5757,446,15,30,24,980,6
1537442905207,70,Add_ContactAction,200,OK,AddContact 1-10,text,true,,2477,1181,15,30,70,0,4
1537442902280,70,Add_ContactAction,200,"Number of samples in transaction : 2, number of failing samples : 0",AddContact 1-10,,true,,2477,1181,15,30,70,2927,4
1537442905448,28,Del_ContactFrom,200,OK,DeleteContact 2-6,text,true,,3399,480,15,30,28,0,2
1537442902519,28,Del_ContactFrom,200,"Number of samples in transaction : 2, number of failing samples : 0",DeleteContact 2-6,,true,,3399,480,15,30,28,2930,2
1537442905479,18,Del_Contact,200,OK,DeleteContact 2-3,text,true,,2483,509,15,30,18,0,1
1537442902555,18,Del_Contact,200,"Number of samples in transaction : 2, number of failing samples : 0",DeleteContact 2-3,,true,,2483,509,15,30,18,2926,1
1537442905664,35,Add_MainPage,200,OK,AddContact 1-15,text,true,,5711,446,15,30,35,0,1
1537442904691,35,Add_MainPage,200,"Number of samples in transaction : 2, number of failing samples : 0",AddContact 1-15,,true,,5711,446,15,30,35,974,1
1537442906405,17,Add_ContactForm,200,OK,AddContact 1-14,text,true,,3239,474,15,30,16,0,0
1537442904842,17,Add_ContactForm,200,"Number of samples in transaction : 2, number of failing samples : 0",AddContact 1-14,,true,,3239,474,15,30,16,989,0
1537442906559,52,Add_ContactForm,200,OK,AddContact 1-1,text,true,,3239,474,15,30,52,0,0
1537442904948,52,Add_ContactForm,200,"Number of samples in transaction : 2, number of failing samples : 0",AddContact 1-1,,true,,3239,474,15,30,52,1025,0
1537442906513,104,Add_MainPage,200,OK,AddContact 1-2,text,true,,5711,446,15,30,104,0,1
1537442904940,104,Add_MainPage,200,"Number of samples in transaction : 2, number of failing samples : 0",AddContact 1-2,,true,,5711,446,15,30,104,986,1
1537442906648,22,Del_MainPage,200,OK,DeleteContact 2-10,text,true,,5711,446,15,30,21,0,2
1537442905079,22,Del_MainPage,200,"Number of samples in transaction : 2, number of failing samples : 0",DeleteContact 2-10,,true,,5711,446,15,30,21,988,2
1537442906807,26,Add_ContactAction,200,OK,AddContact 1-11,text,true,,2477,1385,15,30,26,0,2
1537442903296,26,Add_ContactAction,200,"Number of samples in transaction : 2, number of failing samples : 0",AddContact 1-11,,true,,2477,1385,15,30,26,2924,2
1537442907006,31,Del_ContactFrom,200,OK,DeleteContact 2-7,text,true,,3275,480,15,30,31,0,4
1537442903498,31,Del_ContactFrom,200,"Number of samples in transaction : 2, number of failing samples : 0",DeleteContact 2-7,,true,,3275,480,15,30,31,2921,4
1537442907098,25,Add_MainPage,200,OK,AddContact 1-3,text,true,,5901,446,15,30,25,0,2
1537442905525,25,Add_MainPage,200,"Number of samples in transaction : 2, number of failing samples : 0",AddContact 1-3,,true,,5901,446,15,30,25,987,2
1537442907131,16,Del_Contact,200,OK,DeleteContact 2-4,text,true,,2489,509,15,30,16,0,1
1537442903629,16,Del_Contact,200,"Number of samples in transaction : 2, number of failing samples : 0",DeleteContact 2-4,,true,,2489,509,15,30,16,2915,1
1537442907268,24,Add_ContactForm,200,OK,AddContact 1-15,text,true,,3239,474,15,30,24,0,0
1537442906288,24,Add_ContactForm,200,"Number of samples in transaction : 2, number of failing samples : 0",AddContact 1-15,,true,,3239,474,15,30,24,982,0
1537442907545,43,Del_MainPage,200,OK,DeleteContact 2-11,text,true,,5901,446,15,30,42,0,1
1537442906560,43,Del_MainPage,200,"Number of samples in transaction : 2, number of failing samples : 0",DeleteContact 2-11,,true,,5901,446,15,30,42,1015,1
1537442907622,14,Add_ContactForm,200,OK,AddContact 1-2,text,true,,3239,474,15,30,13,0,0
1537442906618,14,Add_ContactForm,200,"Number of samples in transaction : 2, number of failing samples : 0",AddContact 1-2,,true,,3239,474,15,30,13,1004,0
1537442907637,16,Add_ContactAction,200,OK,AddContact 1-12,text,true,,2477,1223,15,30,16,0,0
1537442904128,16,Add_ContactAction,200,"Number of samples in transaction : 2, number of failing samples : 0",AddContact 1-12,,true,,2477,1223,15,30,16,2921,0
1537442907852,16,Del_ContactFrom,200,OK,DeleteContact 2-8,text,true,,3275,480,15,30,16,0,1
1537442904360,16,Del_ContactFrom,200,"Number of samples in transaction : 2, number of failing samples : 0",DeleteContact 2-8,,true,,3275,480,15,30,16,2905,1
1537442908006,25,Del_Contact,200,OK,DeleteContact 2-5,text,true,,2489,509,15,30,25,0,1
1537442904516,25,Del_Contact,200,"Number of samples in transaction : 2, number of failing samples : 0",DeleteContact 2-5,,true,,2489,509,15,30,25,2906,1
1537442908100,29,Add_ContactForm,200,OK,AddContact 1-3,text,true,,3239,474,15,30,29,0,0
1537442907131,29,Add_ContactForm,200,"Number of samples in transaction : 2, number of failing samples : 0",AddContact 1-3,,true,,3239,474,15,30,29,970,0
1537442908102,32,Add_MainPage,200,OK,AddContact 1-4,text,true,,6024,446,15,30,32,0,0
1537442907133,32,Add_MainPage,200,"Number of samples in transaction : 2, number of failing samples : 0",AddContact 1-4,,true,,6024,446,15,30,32,975,0
1537442908406,56,Add_ContactAction,200,OK,AddContact 1-13,text,true,,2477,1451,15,30,56,0,1
1537442904902,56,Add_ContactAction,200,"Number of samples in transaction : 2, number of failing samples : 0",AddContact 1-13,,true,,2477,1451,15,30,56,2917,1
1537442908441,32,Del_MainPage,200,OK,DeleteContact 2-12,text,true,,6211,446,15,30,31,0,1
1537442907452,32,Del_MainPage,200,"Number of samples in transaction : 2, number of failing samples : 0",DeleteContact 2-12,,true,,6211,446,15,30,31,992,1
1537442908715,29,Del_ContactFrom,200,OK,DeleteContact 2-9,text,true,,3275,480,15,30,29,0,2
1537442905207,29,Del_ContactFrom,200,"Number of samples in transaction : 2, number of failing samples : 0",DeleteContact 2-9,,true,,3275,480,15,30,29,2921,2
1537442908961,27,Del_Contact,200,OK,DeleteContact 2-6,text,true,,2483,509,15,30,27,0,1
1537442905477,27,Del_Contact,200,"Number of samples in transaction : 2, number of failing samples : 0",DeleteContact 2-6,,true,,2483,509,15,30,27,2898,1
1537442909099,27,Add_ContactForm,200,OK,AddContact 1-4,text,true,,3239,474,15,30,27,0,0
1537442908140,27,Add_ContactForm,200,"Number of samples in transaction : 2, number of failing samples : 0",AddContact 1-4,,true,,3239,474,15,30,27,960,0
1537442909300,49,Del_MainPage,200,OK,DeleteContact 2-13,text,true,,5982,446,15,30,46,0,1
1537442908329,49,Del_MainPage,200,"Number of samples in transaction : 2, number of failing samples : 0",DeleteContact 2-13,,true,,5982,446,15,30,46,1003,1
1537442909382,21,Add_ContactAction,200,OK,AddContact 1-14,text,true,,2477,1451,15,30,20,0,1
1537442906436,21,Add_ContactAction,200,"Number of samples in transaction : 2, number of failing samples : 0",AddContact 1-14,,true,,2477,1451,15,30,20,2946,1
1537442909439,43,Add_MainPage,200,OK,AddContact 1-5,text,true,,6189,446,15,30,43,0,1
1537442908469,43,Add_MainPage,200,"Number of samples in transaction : 2, number of failing samples : 0",AddContact 1-5,,true,,6189,446,15,30,43,984,1
1537442909516,31,Add_ContactAction,200,OK,AddContact 1-1,text,true,,2477,1163,15,30,31,0,3
1537442906613,31,Add_ContactAction,200,"Number of samples in transaction : 2, number of failing samples : 0",AddContact 1-1,,true,,2477,1163,15,30,31,2903,3
1537442909591,30,Del_ContactFrom,200,OK,DeleteContact 2-10,text,true,,3350,480,15,30,30,0,5
1537442906677,30,Del_ContactFrom,200,"Number of samples in transaction : 2, number of failing samples : 0",DeleteContact 2-10,,true,,3350,480,15,30,30,2915,5
1537442909945,33,Del_Contact,200,OK,DeleteContact 2-7,text,true,,2483,509,15,30,33,0,2
1537442907038,33,Del_Contact,200,"Number of samples in transaction : 2, number of failing samples : 0",DeleteContact 2-7,,true,,2483,509,15,30,33,2908,2
1537442910070,37,Del_MainPage,200,OK,DeleteContact 2-1,text,true,,6178,446,15,30,37,0,2
1537442909100,37,Del_MainPage,200,"Number of samples in transaction : 2, number of failing samples : 0",DeleteContact 2-1,,true,,6178,446,15,30,37,1011,2
1537442910193,32,Del_MainPage,200,OK,DeleteContact 2-14,text,true,,6178,446,15,30,31,0,1
1537442909221,32,Del_MainPage,200,"Number of samples in transaction : 2, number of failing samples : 0",DeleteContact 2-14,,true,,6178,446,15,30,31,1008,1
1537442910195,70,Add_ContactAction,200,OK,AddContact 1-15,text,true,,2477,1217,15,30,70,0,2
1537442907294,70,Add_ContactAction,200,"Number of samples in transaction : 2, number of failing samples : 0",AddContact 1-15,,true,,2477,1217,15,30,70,2901,2
1537442910453,26,Add_ContactForm,200,OK,AddContact 1-5,text,true,,3239,474,15,30,26,0,0
1537442909496,26,Add_ContactForm,200,"Number of samples in transaction : 2, number of failing samples : 0",AddContact 1-5,,true,,3239,474,15,30,26,958,0
1537442910515,27,Del_ContactFrom,200,OK,DeleteContact 2-11,text,true,,3282,480,15,30,27,0,1
1537442907618,27,Del_ContactFrom,200,"Number of samples in transaction : 2, number of failing samples : 0",DeleteContact 2-11,,true,,3282,480,15,30,27,2898,1
1537442910546,19,Add_ContactAction,200,OK,AddContact 1-2,text,true,,2477,1692,15,30,19,0,1
1537442907636,19,Add_ContactAction,200,"Number of samples in transaction : 2, number of failing samples : 0",AddContact 1-2,,true,,2477,1692,15,30,19,2910,1
1537442910684,32,Add_MainPage,200,OK,AddContact 1-6,text,true,,6567,446,15,30,31,0,1
1537442909714,32,Add_MainPage,200,"Number of samples in transaction : 2, number of failing samples : 0",AddContact 1-6,,true,,6567,446,15,30,31,972,1
1537442910791,26,Del_Contact,200,OK,DeleteContact 2-8,text,true,,2490,509,15,30,26,0,1
1537442907869,26,Del_Contact,200,"Number of samples in transaction : 2, number of failing samples : 0",DeleteContact 2-8,,true,,2490,509,15,30,26,2923,1
1537442910932,33,Add_MainPage,200,OK,AddContact 1-7,text,true,,6567,446,15,30,32,0,1
1537442909945,33,Add_MainPage,200,"Number of samples in transaction : 2, number of failing samples : 0",AddContact 1-7,,true,,6567,446,15,30,32,1004,1
1537442911067,86,Add_ContactAction,200,OK,AddContact 1-3,text,true,,2477,1481,15,30,86,0,5
1537442908130,86,Add_ContactAction,200,"Number of samples in transaction : 2, number of failing samples : 0",AddContact 1-3,,true,,2477,1481,15,30,86,2938,5
1537442911100,56,Del_MainPage,200,OK,DeleteContact 2-15,text,true,,6567,446,15,30,56,0,1
1537442910098,56,Del_MainPage,200,"Number of samples in transaction : 2, number of failing samples : 0",DeleteContact 2-15,,true,,6567,446,15,30,56,1100,1
1537442911545,79,Del_ContactFrom,200,OK,DeleteContact 2-12,text,true,,3339,480,15,30,79,0,1
1537442908476,79,Del_ContactFrom,200,"Number of samples in transaction : 2, number of failing samples : 0",DeleteContact 2-12,,true,,3339,480,15,30,79,2917,1
1537442911409,220,Del_MainPage,200,OK,DeleteContact 2-2,text,true,,6768,446,15,30,219,0,1
1537442910197,220,Del_MainPage,200,"Number of samples in transaction : 2, number of failing samples : 0",DeleteContact 2-2,,true,,6768,446,15,30,219,1091,1
1537442911823,44,Del_Contact,200,OK,DeleteContact 2-9,text,true,,2490,509,15,30,44,0,6
1537442908745,44,Del_Contact,200,"Number of samples in transaction : 2, number of failing samples : 0",DeleteContact 2-9,,true,,2490,509,15,30,44,2926,6
1537442911850,24,Add_ContactForm,200,OK,AddContact 1-6,text,true,,3239,474,15,30,24,0,0
1537442910718,24,Add_ContactForm,200,"Number of samples in transaction : 2, number of failing samples : 0",AddContact 1-6,,true,,3239,474,15,30,24,979,0
1537442912120,29,Add_ContactForm,200,OK,AddContact 1-7,text,true,,3239,474,15,30,29,0,0
1537442910982,29,Add_ContactForm,200,"Number of samples in transaction : 2, number of failing samples : 0",AddContact 1-7,,true,,3239,474,15,30,29,985,0
1537442912095,59,Del_MainPage,200,OK,DeleteContact 2-3,text,true,,6768,446,15,30,59,0,1
1537442910945,59,Del_MainPage,200,"Number of samples in transaction : 2, number of failing samples : 0",DeleteContact 2-3,,true,,6768,446,15,30,59,1000,1
1537442912121,43,Add_MainPage,200,OK,AddContact 1-8,text,true,,6768,446,15,30,43,0,1
1537442910983,43,Add_MainPage,200,"Number of samples in transaction : 2, number of failing samples : 0",AddContact 1-8,,true,,6768,446,15,30,43,985,1
1537442912208,31,Add_ContactAction,200,OK,AddContact 1-4,text,true,,2477,1103,15,30,31,0,3
1537442909127,31,Add_ContactAction,200,"Number of samples in transaction : 2, number of failing samples : 0",AddContact 1-4,,true,,2477,1103,15,30,31,2929,3
1537442912469,27,Del_ContactFrom,200,OK,DeleteContact 2-13,text,true,,3366,480,15,30,27,0,1
1537442909382,27,Del_ContactFrom,200,"Number of samples in transaction : 2, number of failing samples : 0",DeleteContact 2-13,,true,,3366,480,15,30,27,2934,1
1537442912715,28,Del_Contact,200,OK,DeleteContact 2-10,text,true,,2483,509,15,30,28,0,1
1537442909622,28,Del_Contact,200,"Number of samples in transaction : 2, number of failing samples : 0",DeleteContact 2-10,,true,,2483,509,15,30,28,2940,1
1537442912884,30,Add_MainPage,200,OK,AddContact 1-9,text,true,,6681,446,15,30,30,0,2
1537442911899,30,Add_MainPage,200,"Number of samples in transaction : 2, number of failing samples : 0",AddContact 1-9,,true,,6681,446,15,30,30,986,2
1537442913153,28,Add_ContactForm,200,OK,AddContact 1-8,text,true,,3239,474,15,30,28,0,0
1537442912165,28,Add_ContactForm,200,"Number of samples in transaction : 2, number of failing samples : 0",AddContact 1-8,,true,,3239,474,15,30,28,997,0
1537442913146,54,Del_MainPage,200,OK,DeleteContact 2-4,text,true,,6681,446,15,30,54,0,1
1537442912161,54,Del_MainPage,200,"Number of samples in transaction : 2, number of failing samples : 0",DeleteContact 2-4,,true,,6681,446,15,30,54,1025,1
1537442913241,14,Del_ContactFrom,200,OK,DeleteContact 2-1,text,true,,3366,480,15,30,14,0,1
1537442910148,14,Del_ContactFrom,200,"Number of samples in transaction : 2, number of failing samples : 0",DeleteContact 2-1,,true,,3366,480,15,30,14,2940,1
1537442913346,24,Del_ContactFrom,200,OK,DeleteContact 2-14,text,true,,3339,480,15,30,24,0,1
1537442910261,24,Del_ContactFrom,200,"Number of samples in transaction : 2, number of failing samples : 0",DeleteContact 2-14,,true,,3339,480,15,30,24,2932,1
1537442913562,34,Add_ContactAction,200,OK,AddContact 1-5,text,true,,2477,1662,15,30,34,0,3
1537442910480,34,Add_ContactAction,200,"Number of samples in transaction : 2, number of failing samples : 0",AddContact 1-5,,true,,2477,1662,15,30,34,2929,3
1537442913623,21,Del_Contact,200,OK,DeleteContact 2-11,text,true,,2483,509,15,30,21,0,0
1537442910543,21,Del_Contact,200,"Number of samples in transaction : 2, number of failing samples : 0",DeleteContact 2-11,,true,,2483,509,15,30,21,2926,0
1537442913825,31,Add_MainPage,200,OK,AddContact 1-10,text,true,,6829,446,15,30,31,0,1
1537442912841,31,Add_MainPage,200,"Number of samples in transaction : 2, number of failing samples : 0",AddContact 1-10,,true,,6829,446,15,30,31,985,1
1537442913900,25,Add_ContactForm,200,OK,AddContact 1-9,text,true,,3239,474,15,30,25,0,0
1537442912915,25,Add_ContactForm,200,"Number of samples in transaction : 2, number of failing samples : 0",AddContact 1-9,,true,,3239,474,15,30,25,987,0
1537442914039,30,Del_MainPage,200,OK,DeleteContact 2-5,text,true,,6829,446,15,30,29,0,1
1537442913054,30,Del_MainPage,200,"Number of samples in transaction : 2, number of failing samples : 0",DeleteContact 2-5,,true,,6829,446,15,30,29,1006,1
1537442914347,25,Del_ContactFrom,200,OK,DeleteContact 2-15,text,true,,3366,480,15,30,25,0,1
1537442911409,25,Del_ContactFrom,200,"Number of samples in transaction : 2, number of failing samples : 0",DeleteContact 2-15,,true,,3366,480,15,30,25,2938,1
1537442914561,27,Del_Contact,200,OK,DeleteContact 2-12,text,true,,2483,509,15,30,27,0,1
1537442911626,27,Del_Contact,200,"Number of samples in transaction : 2, number of failing samples : 0",DeleteContact 2-12,,true,,2483,509,15,30,27,2936,1
1537442914593,22,Del_ContactFrom,200,OK,DeleteContact 2-2,text,true,,3288,480,15,30,22,0,1
1537442911662,22,Del_ContactFrom,200,"Number of samples in transaction : 2, number of failing samples : 0",DeleteContact 2-2,,true,,3288,480,15,30,22,2931,1
1537442914777,30,Add_MainPage,200,OK,AddContact 1-11,text,true,,6660,446,15,30,30,0,1
1537442913793,30,Add_MainPage,200,"Number of samples in transaction : 2, number of failing samples : 0",AddContact 1-11,,true,,6660,446,15,30,30,985,1
1537442914824,26,Add_ContactAction,200,OK,AddContact 1-6,text,true,,2477,1397,15,30,26,0,1
1537442911875,26,Add_ContactAction,200,"Number of samples in transaction : 2, number of failing samples : 0",AddContact 1-6,,true,,2477,1397,15,30,26,2949,1
1537442914839,16,Add_ContactForm,200,OK,AddContact 1-10,text,true,,3239,474,15,30,16,0,0
1537442913857,16,Add_ContactForm,200,"Number of samples in transaction : 2, number of failing samples : 0",AddContact 1-10,,true,,3239,474,15,30,16,984,0
1537442915009,29,Del_MainPage,200,OK,DeleteContact 2-6,text,true,,6835,446,15,30,29,0,1
1537442914023,29,Del_MainPage,200,"Number of samples in transaction : 2, number of failing samples : 0",DeleteContact 2-6,,true,,6835,446,15,30,29,1047,1
1537442915102,28,Del_ContactFrom,200,OK,DeleteContact 2-3,text,true,,3366,480,15,30,27,0,1
1537442912158,28,Del_ContactFrom,200,"Number of samples in transaction : 2, number of failing samples : 0",DeleteContact 2-3,,true,,3366,480,15,30,27,2944,1
1537442915101,33,Add_ContactAction,200,OK,AddContact 1-7,text,true,,2477,1620,15,30,33,0,1
1537442912150,33,Add_ContactAction,200,"Number of samples in transaction : 2, number of failing samples : 0",AddContact 1-7,,true,,2477,1620,15,30,33,2951,1
1537442915424,28,Del_Contact,200,OK,DeleteContact 2-13,text,true,,2484,509,15,30,27,0,1
1537442912497,28,Del_Contact,200,"Number of samples in transaction : 2, number of failing samples : 0",DeleteContact 2-13,,true,,2484,509,15,30,27,2928,1
1537442915608,34,Add_MainPage,200,OK,AddContact 1-12,text,true,,6918,446,15,30,33,0,2
1537442914623,34,Add_MainPage,200,"Number of samples in transaction : 2, number of failing samples : 0",AddContact 1-12,,true,,6918,446,15,30,33,985,2
1537442915795,52,Add_ContactForm,200,OK,AddContact 1-11,text,true,,3239,474,15,30,52,0,0
1537442914808,52,Add_ContactForm,200,"Number of samples in transaction : 2, number of failing samples : 0",AddContact 1-11,,true,,3239,474,15,30,52,988,0
1537442916032,68,Del_MainPage,200,OK,DeleteContact 2-7,text,true,,6918,446,15,30,66,0,3
1537442915023,68,Del_MainPage,200,"Number of samples in transaction : 2, number of failing samples : 0",DeleteContact 2-7,,true,,6918,446,15,30,66,1025,3
1537442916116,31,Add_ContactAction,200,OK,AddContact 1-8,text,true,,2477,1217,15,30,31,0,1
1537442913190,31,Add_ContactAction,200,"Number of samples in transaction : 2, number of failing samples : 0",AddContact 1-8,,true,,2477,1217,15,30,31,2926,1
1537442916311,14,Del_ContactFrom,200,OK,DeleteContact 2-4,text,true,,3174,480,15,30,14,0,0
1537442913240,14,Del_ContactFrom,200,"Number of samples in transaction : 2, number of failing samples : 0",DeleteContact 2-4,,true,,3174,480,15,30,14,2938,0
1537442916325,182,Del_Contact,200,OK,DeleteContact 2-1,text,true,,2489,509,15,30,182,0,36
1537442913256,182,Del_Contact,200,"Number of samples in transaction : 2, number of failing samples : 0",DeleteContact 2-1,,true,,2489,509,15,30,182,2936,36
1537442916436,73,Del_Contact,200,OK,DeleteContact 2-14,text,true,,2490,509,15,30,73,0,1
1537442913371,73,Del_Contact,200,"Number of samples in transaction : 2, number of failing samples : 0",DeleteContact 2-14,,true,,2490,509,15,30,73,2933,1
1537442916557,30,Add_MainPage,200,OK,AddContact 1-13,text,true,,7043,446,15,30,29,0,1
1537442915438,30,Add_MainPage,200,"Number of samples in transaction : 2, number of failing samples : 0",AddContact 1-13,,true,,7043,446,15,30,29,986,1
1537442916757,24,Add_ContactForm,200,OK,AddContact 1-12,text,true,,3239,474,15,30,24,0,0
1537442915642,24,Add_ContactForm,200,"Number of samples in transaction : 2, number of failing samples : 0",AddContact 1-12,,true,,3239,474,15,30,24,983,0
1537442916997,30,Del_MainPage,200,OK,DeleteContact 2-8,text,true,,7043,446,15,30,30,0,1
1537442915858,30,Del_MainPage,200,"Number of samples in transaction : 2, number of failing samples : 0",DeleteContact 2-8,,true,,7043,446,15,30,30,1016,1
1537442916998,43,Add_ContactAction,200,OK,AddContact 1-9,text,true,,2477,1289,15,30,43,0,3
1537442913927,43,Add_ContactAction,200,"Number of samples in transaction : 2, number of failing samples : 0",AddContact 1-9,,true,,2477,1289,15,30,43,2939,3
1537442917141,25,Del_ContactFrom,200,OK,DeleteContact 2-5,text,true,,3298,480,15,30,24,0,1
1537442914090,25,Del_ContactFrom,200,"Number of samples in transaction : 2, number of failing samples : 0",DeleteContact 2-5,,true,,3298,480,15,30,24,2918,1
1537442917418,24,Del_Contact,200,OK,DeleteContact 2-15,text,true,,2489,509,15,30,24,0,1
1537442914372,24,Del_Contact,200,"Number of samples in transaction : 2, number of failing samples : 0",DeleteContact 2-15,,true,,2489,509,15,30,24,2916,1
1537442917480,19,Add_MainPage,200,OK,AddContact 1-14,text,true,,7188,446,15,30,18,0,1
1537442916510,19,Add_MainPage,200,"Number of samples in transaction : 2, number of failing samples : 0",AddContact 1-14,,true,,7188,446,15,30,18,970,1
1537442917557,25,Add_ContactForm,200,OK,AddContact 1-13,text,true,,3239,474,15,30,24,0,0
1537442916588,25,Add_ContactForm,200,"Number of samples in transaction : 2, number of failing samples : 0",AddContact 1-13,,true,,3239,474,15,30,24,971,0
1537442917634,21,Add_MainPage,200,OK,AddContact 1-1,text,true,,7188,446,15,30,21,0,2
1537442916665,21,Add_MainPage,200,"Number of samples in transaction : 2, number of failing samples : 0",AddContact 1-1,,true,,7188,446,15,30,21,970,2
1537442917665,14,Del_Contact,200,OK,DeleteContact 2-2,text,true,,2483,509,15,30,14,0,0
1537442914616,14,Del_Contact,200,"Number of samples in transaction : 2, number of failing samples : 0",DeleteContact 2-2,,true,,2483,509,15,30,14,2917,0
1537442917865,30,Del_MainPage,200,OK,DeleteContact 2-9,text,true,,7070,446,15,30,30,0,2
1537442916894,30,Del_MainPage,200,"Number of samples in transaction : 2, number of failing samples : 0",DeleteContact 2-9,,true,,7070,446,15,30,30,1012,2
1537442917936,20,Add_ContactAction,200,OK,AddContact 1-10,text,true,,2477,1397,15,30,20,0,1
1537442914857,20,Add_ContactAction,200,"Number of samples in transaction : 2, number of failing samples : 0",AddContact 1-10,,true,,2477,1397,15,30,20,2946,1
1537442918142,42,Del_ContactFrom,200,OK,DeleteContact 2-6,text,true,,3429,480,15,30,41,0,1
1537442915099,42,Del_ContactFrom,200,"Number of samples in transaction : 2, number of failing samples : 0",DeleteContact 2-6,,true,,3429,480,15,30,41,2911,1
1537442918164,29,Del_Contact,200,OK,DeleteContact 2-3,text,true,,2489,509,15,30,29,0,1
1537442915130,29,Del_Contact,200,"Number of samples in transaction : 2, number of failing samples : 0",DeleteContact 2-3,,true,,2489,509,15,30,29,2902,1
1537442918342,30,Add_MainPage,200,OK,AddContact 1-15,text,true,,7258,446,15,30,29,0,1
1537442917372,30,Add_MainPage,200,"Number of samples in transaction : 2, number of failing samples : 0",AddContact 1-15,,true,,7258,446,15,30,29,970,1
1537442918466,24,Add_ContactForm,200,OK,AddContact 1-14,text,true,,3239,474,15,30,24,0,0
1537442917499,24,Add_ContactForm,200,"Number of samples in transaction : 2, number of failing samples : 0",AddContact 1-14,,true,,3239,474,15,30,24,968,0
1537442918618,15,Add_ContactForm,200,OK,AddContact 1-1,text,true,,3239,474,15,30,15,0,0
1537442917656,15,Add_ContactForm,200,"Number of samples in transaction : 2, number of failing samples : 0",AddContact 1-1,,true,,3239,474,15,30,15,963,0
1537442918650,15,Add_MainPage,200,OK,AddContact 1-2,text,true,,7258,446,15,30,15,0,0
1537442917680,15,Add_MainPage,200,"Number of samples in transaction : 2, number of failing samples : 0",AddContact 1-2,,true,,7258,446,15,30,15,973,0
1537442918714,36,Del_MainPage,200,OK,DeleteContact 2-10,text,true,,7258,446,15,30,35,0,1
1537442917742,36,Del_MainPage,200,"Number of samples in transaction : 2, number of failing samples : 0",DeleteContact 2-10,,true,,7258,446,15,30,35,987,1
1537442918880,41,Add_ContactAction,200,OK,AddContact 1-11,text,true,,2477,1451,15,30,41,0,5
1537442915848,41,Add_ContactAction,200,"Number of samples in transaction : 2, number of failing samples : 0",AddContact 1-11,,true,,2477,1451,15,30,41,2899,5
1537442919157,26,Del_ContactFrom,200,OK,DeleteContact 2-7,text,true,,3347,480,15,30,26,0,1
1537442916116,26,Del_ContactFrom,200,"Number of samples in transaction : 2, number of failing samples : 0",DeleteContact 2-7,,true,,3347,480,15,30,26,2911,1
1537442919258,18,Del_Contact,200,OK,DeleteContact 2-4,text,true,,2490,509,15,30,18,0,1
1537442916325,18,Del_Contact,200,"Number of samples in transaction : 2, number of failing samples : 0",DeleteContact 2-4,,true,,2490,509,15,30,18,2935,1
1537442919235,49,Add_MainPage,200,OK,AddContact 1-3,text,true,,7458,446,15,30,49,0,2
1537442918250,49,Add_MainPage,200,"Number of samples in transaction : 2, number of failing samples : 0",AddContact 1-3,,true,,7458,446,15,30,49,986,2
1537442919358,23,Add_ContactForm,200,OK,AddContact 1-15,text,true,,3239,474,15,30,23,0,0
1537442918372,23,Add_ContactForm,200,"Number of samples in transaction : 2, number of failing samples : 0",AddContact 1-15,,true,,3239,474,15,30,23,986,0
1537442919619,28,Del_MainPage,200,OK,DeleteContact 2-11,text,true,,7458,446,15,30,28,0,2
1537442918634,28,Del_MainPage,200,"Number of samples in transaction : 2, number of failing samples : 0",DeleteContact 2-11,,true,,7458,446,15,30,28,988,2
1537442919651,13,Add_ContactForm,200,OK,AddContact 1-2,text,true,,3239,474,15,30,13,0,0
1537442918668,13,Add_ContactForm,200,"Number of samples in transaction : 2, number of failing samples : 0",AddContact 1-2,,true,,3239,474,15,30,13,983,0
1537442919696,20,Add_ContactAction,200,OK,AddContact 1-12,text,true,,2477,1205,15,30,18,0,4
1537442916782,20,Add_ContactAction,200,"Number of samples in transaction : 2, number of failing samples : 0",AddContact 1-12,,true,,2477,1205,15,30,18,2914,4
1537442919958,28,Del_ContactFrom,200,OK,DeleteContact 2-8,text,true,,3298,480,15,30,28,0,2
1537442917037,28,Del_ContactFrom,200,"Number of samples in transaction : 2, number of failing samples : 0",DeleteContact 2-8,,true,,3298,480,15,30,28,2922,2
1537442920081,43,Del_Contact,200,OK,DeleteContact 2-5,text,true,,2483,509,15,30,43,0,10
1537442917166,43,Del_Contact,200,"Number of samples in transaction : 2, number of failing samples : 0",DeleteContact 2-5,,true,,2483,509,15,30,43,2915,10
1537442920158,20,Add_MainPage,200,OK,AddContact 1-4,text,true,,7440,446,15,30,20,0,1
1537442919188,20,Add_MainPage,200,"Number of samples in transaction : 2, number of failing samples : 0",AddContact 1-4,,true,,7440,446,15,30,20,972,1
1537442920250,30,Add_ContactForm,200,OK,AddContact 1-3,text,true,,3239,474,15,30,30,0,0
1537442919285,30,Add_ContactForm,200,"Number of samples in transaction : 2, number of failing samples : 0",AddContact 1-3,,true,,3239,474,15,30,30,965,0
1537442920481,36,Add_ContactAction,200,OK,AddContact 1-13,text,true,,2477,1595,15,30,36,0,1
1537442917584,36,Add_ContactAction,200,"Number of samples in transaction : 2, number of failing samples : 0",AddContact 1-13,,true,,2477,1595,15,30,36,2897,1
1537442920543,19,Del_MainPage,200,OK,DeleteContact 2-12,text,true,,7666,446,15,30,19,0,1
1537442919573,19,Del_MainPage,200,"Number of samples in transaction : 2, number of failing samples : 0",DeleteContact 2-12,,true,,7666,446,15,30,19,980,1
1537442920836,23,Del_ContactFrom,200,OK,DeleteContact 2-9,text,true,,3381,480,15,30,23,0,1
1537442917936,23,Del_ContactFrom,200,"Number of samples in transaction : 2, number of failing samples : 0",DeleteContact 2-9,,true,,3381,480,15,30,23,2901,1
1537442921112,26,Del_Contact,200,OK,DeleteContact 2-6,text,true,,2483,509,15,30,26,0,1
1537442918185,26,Del_Contact,200,"Number of samples in transaction : 2, number of failing samples : 0",DeleteContact 2-6,,true,,2483,509,15,30,26,2937,1
1537442921161,22,Add_ContactForm,200,OK,AddContact 1-4,text,true,,3239,474,15,30,22,0,0
1537442920180,22,Add_ContactForm,200,"Number of samples in transaction : 2, number of failing samples : 0",AddContact 1-4,,true,,3239,474,15,30,22,981,0
1537442921100,39,Del_MainPage,200,OK,DeleteContact 2-13,text,true,,7422,446,15,30,38,0,1
1537442920435,39,Del_MainPage,200,"Number of samples in transaction : 2, number of failing samples : 0",DeleteContact 2-13,,true,,7422,446,15,30,38,994,1
1537442921084,68,Add_ContactAction,200,OK,AddContact 1-14,text,true,,2477,1493,15,30,68,0,1
1537442918491,68,Add_ContactAction,200,"Number of samples in transaction : 2, number of failing samples : 0",AddContact 1-14,,true,,2477,1493,15,30,68,2913,1
1537442921208,50,Add_MainPage,200,OK,AddContact 1-5,text,true,,7620,446,15,30,50,0,1
1537442920544,50,Add_MainPage,200,"Number of samples in transaction : 2, number of failing samples : 0",AddContact 1-5,,true,,7620,446,15,30,50,988,1
1537442921224,40,Add_ContactAction,200,OK,AddContact 1-1,text,true,,2477,1199,15,30,40,0,1
1537442918634,40,Add_ContactAction,200,"Number of samples in transaction : 2, number of failing samples : 0",AddContact 1-1,,true,,2477,1199,15,30,40,2910,1
1537442921361,31,Del_ContactFrom,200,OK,DeleteContact 2-10,text,true,,3323,480,15,30,31,0,1
1537442918765,31,Del_ContactFrom,200,"Number of samples in transaction : 2, number of failing samples : 0",DeleteContact 2-10,,true,,3323,480,15,30,31,2916,1
1537442921777,46,Del_Contact,200,OK,DeleteContact 2-7,text,true,,2483,509,15,30,46,0,21
1537442919186,46,Del_Contact,200,"Number of samples in transaction : 2, number of failing samples : 0",DeleteContact 2-7,,true,,2483,509,15,30,46,2911,21
1537442921977,25,Add_ContactAction,200,OK,AddContact 1-15,text,true,,2477,1163,15,30,25,0,1
1537442919381,25,Add_ContactAction,200,"Number of samples in transaction : 2, number of failing samples : 0",AddContact 1-15,,true,,2477,1163,15,30,25,2916,1
1537442922023,32,Del_MainPage,200,OK,DeleteContact 2-1,text,true,,7665,446,15,30,31,0,1
1537442921038,32,Del_MainPage,200,"Number of samples in transaction : 2, number of failing samples : 0",DeleteContact 2-1,,true,,7665,446,15,30,31,987,1
1537442922025,46,Del_MainPage,200,OK,DeleteContact 2-14,text,true,,7665,446,15,30,38,0,0
1537442921038,46,Del_MainPage,200,"Number of samples in transaction : 2, number of failing samples : 0",DeleteContact 2-14,,true,,7665,446,15,30,38,989,0
1537442922239,54,Add_ContactForm,200,OK,AddContact 1-5,text,true,,3239,474,15,30,54,0,0
1537442921262,54,Add_ContactForm,200,"Number of samples in transaction : 2, number of failing samples : 0",AddContact 1-5,,true,,3239,474,15,30,54,977,0
1537442922254,43,Del_ContactFrom,200,OK,DeleteContact 2-11,text,true,,3283,480,15,30,43,0,0
1537442919650,43,Del_ContactFrom,200,"Number of samples in transaction : 2, number of failing samples : 0",DeleteContact 2-11,,true,,3283,480,15,30,43,2942,0
1537442922255,82,Add_ContactAction,200,OK,AddContact 1-2,text,true,,2477,1427,15,30,82,0,2
1537442919664,82,Add_ContactAction,200,"Number of samples in transaction : 2, number of failing samples : 0",AddContact 1-2,,true,,2477,1427,15,30,82,2912,2
1537442922454,33,Add_MainPage,200,OK,AddContact 1-6,text,true,,7854,446,15,30,33,0,1
1537442921469,33,Add_MainPage,200,"Number of samples in transaction : 2, number of failing samples : 0",AddContact 1-6,,true,,7854,446,15,30,33,985,1
1537442922596,28,Del_Contact,200,OK,DeleteContact 2-8,text,true,,2483,509,15,30,27,0,1
1537442919987,28,Del_Contact,200,"Number of samples in transaction : 2, number of failing samples : 0",DeleteContact 2-8,,true,,2483,509,15,30,27,2929,1
1537442922747,33,Add_MainPage,200,OK,AddContact 1-7,text,true,,7733,446,15,30,33,0,3
1537442921761,33,Add_MainPage,200,"Number of samples in transaction : 2, number of failing samples : 0",AddContact 1-7,,true,,7733,446,15,30,33,987,3
1537442922917,41,Add_ContactAction,200,OK,AddContact 1-3,text,true,,2477,1511,15,30,41,0,2
1537442920280,41,Add_ContactAction,200,"Number of samples in transaction : 2, number of failing samples : 0",AddContact 1-3,,true,,2477,1511,15,30,41,2958,2
1537442922977,30,Del_MainPage,200,OK,DeleteContact 2-15,text,true,,7929,446,15,30,29,0,1
1537442921992,30,Del_MainPage,200,"Number of samples in transaction : 2, number of failing samples : 0",DeleteContact 2-15,,true,,7929,446,15,30,29,990,1
1537442923193,18,Del_ContactFrom,200,OK,DeleteContact 2-12,text,true,,3174,480,15,30,18,0,1
1537442920572,19,Del_ContactFrom,200,"Number of samples in transaction : 2, number of failing samples : 0",DeleteContact 2-12,,true,,3174,480,15,30,18,2949,1
1537442923223,48,Del_MainPage,200,OK,DeleteContact 2-2,text,true,,7929,446,15,30,47,0,1
1537442922239,48,Del_MainPage,200,"Number of samples in transaction : 2, number of failing samples : 0",DeleteContact 2-2,,true,,7929,446,15,30,47,989,1
1537442923469,48,Add_ContactForm,200,OK,AddContact 1-6,text,true,,3239,474,15,30,48,0,0
1537442922487,48,Add_ContactForm,200,"Number of samples in transaction : 2, number of failing samples : 0",AddContact 1-6,,true,,3239,474,15,30,48,983,0
1537442923485,44,Del_Contact,200,OK,DeleteContact 2-9,text,true,,2482,509,15,30,43,0,11
1537442920860,44,Del_Contact,200,"Number of samples in transaction : 2, number of failing samples : 0",DeleteContact 2-9,,true,,2482,509,15,30,43,2945,11
1537442923763,40,Add_ContactForm,200,OK,AddContact 1-7,text,true,,3239,474,15,30,40,0,0
1537442922781,40,Add_ContactForm,200,"Number of samples in transaction : 2, number of failing samples : 0",AddContact 1-7,,true,,3239,474,15,30,40,982,0
1537442923746,78,Del_MainPage,200,OK,DeleteContact 2-3,text,true,,7721,446,15,30,78,0,1
1537442922761,78,Del_MainPage,200,"Number of samples in transaction : 2, number of failing samples : 0",DeleteContact 2-3,,true,,7721,446,15,30,78,987,1
1537442923762,68,Add_MainPage,200,OK,AddContact 1-8,text,true,,7721,446,15,30,67,0,1
1537442922776,68,Add_MainPage,200,"Number of samples in transaction : 2, number of failing samples : 0",AddContact 1-8,,true,,7721,446,15,30,67,986,1
1537442923808,44,Add_ContactAction,200,OK,AddContact 1-4,text,true,,2477,1716,15,30,44,0,1
1537442920863,44,Add_ContactAction,200,"Number of samples in transaction : 2, number of failing samples : 0",AddContact 1-4,,true,,2477,1716,15,30,44,2946,1
1537442924101,31,Del_ContactFrom,200,OK,DeleteContact 2-13,text,true,,3351,480,15,30,31,0,18
1537442921148,31,Del_ContactFrom,200,"Number of samples in transaction : 2, number of failing samples : 0",DeleteContact 2-13,,true,,3351,480,15,30,31,2954,18
1537442924346,33,Del_Contact,200,OK,DeleteContact 2-10,text,true,,2483,509,15,30,33,0,5
1537442921392,33,Del_Contact,200,"Number of samples in transaction : 2, number of failing samples : 0",DeleteContact 2-10,,true,,2483,509,15,30,33,2955,5
1537442924517,31,Add_MainPage,200,OK,AddContact 1-9,text,true,,7857,446,15,30,30,0,15
1537442923531,31,Add_MainPage,200,"Number of samples in transaction : 2, number of failing samples : 0",AddContact 1-9,,true,,7857,446,15,30,30,986,15
1537442924815,44,Add_ContactForm,200,OK,AddContact 1-8,text,true,,3239,474,15,30,44,0,0
1537442923831,44,Add_ContactForm,200,"Number of samples in transaction : 2, number of failing samples : 0",AddContact 1-8,,true,,3239,474,15,30,44,991,0
1537442924824,48,Del_MainPage,200,OK,DeleteContact 2-4,text,true,,7857,446,15,30,47,0,1
1537442923839,48,Del_MainPage,200,"Number of samples in transaction : 2, number of failing samples : 0",DeleteContact 2-4,,true,,7857,446,15,30,47,993,1
1537442924993,57,Del_ContactFrom,200,OK,DeleteContact 2-1,text,true,,3367,481,15,30,56,0,1
1537442922057,57,Del_ContactFrom,200,"Number of samples in transaction : 2, number of failing samples : 0",DeleteContact 2-1,,true,,3367,481,15,30,56,2936,1
1537442925008,49,Del_ContactFrom,200,OK,DeleteContact 2-14,text,true,,3366,481,15,30,49,0,2
1537442922073,49,Del_ContactFrom,200,"Number of samples in transaction : 2, number of failing samples : 0",DeleteContact 2-14,,true,,3366,481,15,30,49,2936,2
1537442925224,29,Add_ContactAction,200,OK,AddContact 1-5,text,true,,2477,1397,15,30,29,0,1
1537442922293,29,Add_ContactAction,200,"Number of samples in transaction : 2, number of failing samples : 0",AddContact 1-5,,true,,2477,1397,15,30,29,2931,1
1537442925255,28,Del_Contact,200,OK,DeleteContact 2-11,text,true,,2483,509,15,30,28,0,1
1537442922315,28,Del_Contact,200,"Number of samples in transaction : 2, number of failing samples : 0",DeleteContact 2-11,,true,,2483,509,15,30,28,2943,1
1537442925455,30,Add_MainPage,200,OK,AddContact 1-10,text,true,,7914,446,15,30,29,0,1
1537442924469,30,Add_MainPage,200,"Number of samples in transaction : 2, number of failing samples : 0",AddContact 1-10,,true,,7914,446,15,30,29,996,1
1537442925532,32,Add_ContactForm,200,OK,AddContact 1-9,text,true,,3239,474,15,30,32,0,0
1537442924548,32,Add_ContactForm,200,"Number of samples in transaction : 2, number of failing samples : 0",AddContact 1-9,,true,,3239,474,15,30,32,984,0
1537442925685,31,Del_MainPage,200,OK,DeleteContact 2-5,text,true,,7914,446,15,30,30,0,1
1537442924704,31,Del_MainPage,200,"Number of samples in transaction : 2, number of failing samples : 0",DeleteContact 2-5,,true,,7914,446,15,30,30,1012,1
1537442925554,25,Del_ContactFrom,200,OK,DeleteContact 2-15,text,true,,3288,481,15,30,25,0,1
1537442923012,25,Del_ContactFrom,200,"Number of samples in transaction : 2, number of failing samples : 0",DeleteContact 2-15,,true,,3288,481,15,30,25,2936,1
1537442925754,14,Del_Contact,200,OK,DeleteContact 2-12,text,true,,2490,509,15,30,14,0,1
1537442923220,14,Del_Contact,200,"Number of samples in transaction : 2, number of failing samples : 0",DeleteContact 2-12,,true,,2490,509,15,30,14,2927,1
1537442925815,28,Del_ContactFrom,200,OK,DeleteContact 2-2,text,true,,3176,480,15,30,27,0,1
1537442923276,28,Del_ContactFrom,200,"Number of samples in transaction : 2, number of failing samples : 0",DeleteContact 2-2,,true,,3176,480,15,30,27,2932,1
1537442926032,25,Add_MainPage,200,OK,AddContact 1-11,text,true,,7914,446,15,30,25,0,1
1537442925439,25,Add_MainPage,200,"Number of samples in transaction : 2, number of failing samples : 0",AddContact 1-11,,true,,7914,446,15,30,25,987,1
1537442926077,16,Add_ContactForm,200,OK,AddContact 1-10,text,true,,3239,474,15,30,16,0,0
1537442925495,16,Add_ContactForm,200,"Number of samples in transaction : 2, number of failing samples : 0",AddContact 1-10,,true,,3239,474,15,30,16,975,0
1537442926062,34,Add_ContactAction,200,OK,AddContact 1-6,text,true,,2477,1175,15,30,33,0,1
1537442923518,34,Add_ContactAction,200,"Number of samples in transaction : 2, number of failing samples : 0",AddContact 1-6,,true,,2477,1175,15,30,33,2937,1
1537442926370,31,Del_ContactFrom,200,OK,DeleteContact 2-3,text,true,,3351,481,15,30,31,0,1
1537442923827,31,Del_ContactFrom,200,"Number of samples in transaction : 2, number of failing samples : 0",DeleteContact 2-3,,true,,3351,481,15,30,31,2937,1
1537442926339,65,Add_ContactAction,200,OK,AddContact 1-7,text,true,,2477,1505,15,30,65,0,1
1537442923803,65,Add_ContactAction,200,"Number of samples in transaction : 2, number of failing samples : 0",AddContact 1-7,,true,,2477,1505,15,30,65,2929,1
1537442926350,56,Del_MainPage,200,OK,DeleteContact 2-6,text,true,,8031,446,15,30,56,0,1
1537442925747,56,Del_MainPage,200,"Number of samples in transaction : 2, number of failing samples : 0",DeleteContact 2-6,,true,,8031,446,15,30,56,1043,1
1537442926678,60,Del_Contact,200,OK,DeleteContact 2-13,text,true,,2483,509,15,30,59,0,1
1537442924133,60,Del_Contact,200,"Number of samples in transaction : 2, number of failing samples : 0",DeleteContact 2-13,,true,,2483,509,15,30,59,2938,1
1537442926832,30,Add_MainPage,200,OK,AddContact 1-12,text,true,,8055,446,15,30,29,0,1
1537442925847,30,Add_MainPage,200,"Number of samples in transaction : 2, number of failing samples : 0",AddContact 1-12,,true,,8055,446,15,30,29,986,1
1537442927031,25,Add_ContactForm,200,OK,AddContact 1-11,text,true,,3239,474,15,30,25,0,0
1537442926058,25,Add_ContactForm,200,"Number of samples in transaction : 2, number of failing samples : 0",AddContact 1-11,,true,,3239,474,15,30,25,978,0
1537442927324,29,Del_MainPage,200,OK,DeleteContact 2-7,text,true,,8055,446,15,30,29,0,1
1537442926352,29,Del_MainPage,200,"Number of samples in transaction : 2, number of failing samples : 0",DeleteContact 2-7,,true,,8055,446,15,30,29,974,1
1537442927401,29,Add_ContactAction,200,OK,AddContact 1-8,text,true,,2477,1463,15,30,28,0,0
1537442924866,29,Add_ContactAction,200,"Number of samples in transaction : 2, number of failing samples : 0",AddContact 1-8,,true,,2477,1463,15,30,28,2928,0
1537442927416,20,Del_ContactFrom,200,OK,DeleteContact 2-4,text,true,,3395,481,15,30,20,0,1
1537442924880,20,Del_ContactFrom,200,"Number of samples in transaction : 2, number of failing samples : 0",DeleteContact 2-4,,true,,3395,481,15,30,20,2930,1
1537442927601,34,Del_Contact,200,OK,DeleteContact 2-14,text,true,,2483,510,15,30,34,0,1
1537442925058,34,Del_Contact,200,"Number of samples in transaction : 2, number of failing samples : 0",DeleteContact 2-14,,true,,2483,510,15,30,34,2937,1
1537442927585,54,Del_Contact,200,OK,DeleteContact 2-1,text,true,,2484,510,15,30,54,0,1
1537442925050,54,Del_Contact,200,"Number of samples in transaction : 2, number of failing samples : 0",DeleteContact 2-1,,true,,2484,510,15,30,54,2928,1
1537442927647,17,Add_MainPage,200,OK,AddContact 1-13,text,true,,7851,446,15,30,17,0,0
1537442926662,17,Add_MainPage,200,"Number of samples in transaction : 2, number of failing samples : 0",AddContact 1-13,,true,,7851,446,15,30,17,985,0
1537442927863,24,Add_ContactForm,200,OK,AddContact 1-12,text,true,,3239,474,15,30,23,0,0
1537442926863,24,Add_ContactForm,200,"Number of samples in transaction : 2, number of failing samples : 0",AddContact 1-12,,true,,3239,474,15,30,23,1000,0
1537442928124,34,Del_MainPage,200,OK,DeleteContact 2-8,text,true,,7851,446,15,30,34,0,1
1537442927138,34,Del_MainPage,200,"Number of samples in transaction : 2, number of failing samples : 0",DeleteContact 2-8,,true,,7851,446,15,30,34,988,1
1537442928109,53,Add_ContactAction,200,OK,AddContact 1-9,text,true,,2477,1439,15,30,53,0,2
1537442925564,53,Add_ContactAction,200,"Number of samples in transaction : 2, number of failing samples : 0",AddContact 1-9,,true,,2477,1439,15,30,53,2938,2
1537442928294,26,Del_ContactFrom,200,OK,DeleteContact 2-5,text,true,,3404,480,15,30,26,0,1
1537442925747,26,Del_ContactFrom,200,"Number of samples in transaction : 2, number of failing samples : 0",DeleteContact 2-5,,true,,3404,480,15,30,26,2940,1
1537442928508,115,Del_Contact,200,OK,DeleteContact 2-15,text,true,,2484,510,15,30,115,0,1
1537442925580,115,Del_Contact,200,"Number of samples in transaction : 2, number of failing samples : 0",DeleteContact 2-15,,true,,2484,510,15,30,115,2928,1
1537442928602,28,Add_MainPage,200,OK,AddContact 1-14,text,true,,7929,446,15,30,28,0,1
1537442927616,28,Add_MainPage,200,"Number of samples in transaction : 2, number of failing samples : 0",AddContact 1-14,,true,,7929,446,15,30,28,987,1
1537442928648,14,Add_ContactForm,200,OK,AddContact 1-13,text,true,,3239,474,15,30,14,0,0
1537442927664,14,Add_ContactForm,200,"Number of samples in transaction : 2, number of failing samples : 0",AddContact 1-13,,true,,3239,474,15,30,14,985,0
1537442928708,20,Add_MainPage,200,OK,AddContact 1-1,text,true,,7929,446,15,30,20,0,1
1537442927724,20,Add_MainPage,200,"Number of samples in transaction : 2, number of failing samples : 0",AddContact 1-1,,true,,7929,446,15,30,20,984,1
1537442928772,24,Del_Contact,200,OK,DeleteContact 2-2,text,true,,2489,509,15,30,24,0,1
1537442925843,24,Del_Contact,200,"Number of samples in transaction : 2, number of failing samples : 0",DeleteContact 2-2,,true,,2489,509,15,30,24,2930,1
1537442929001,30,Del_MainPage,200,OK,DeleteContact 2-9,text,true,,7929,446,15,30,29,0,1
1537442928017,30,Del_MainPage,200,"Number of samples in transaction : 2, number of failing samples : 0",DeleteContact 2-9,,true,,7929,446,15,30,29,991,1
1537442929038,17,Add_ContactAction,200,OK,AddContact 1-10,text,true,,2477,1091,15,30,17,0,1
1537442926093,17,Add_ContactAction,200,"Number of samples in transaction : 2, number of failing samples : 0",AddContact 1-10,,true,,2477,1091,15,30,17,2945,1
1537442929339,26,Del_Contact,200,OK,DeleteContact 2-3,text,true,,2484,510,15,30,25,0,1
1537442926402,26,Del_Contact,200,"Number of samples in transaction : 2, number of failing samples : 0",DeleteContact 2-3,,true,,2484,510,15,30,25,2937,1
1537442929386,19,Del_ContactFrom,200,OK,DeleteContact 2-6,text,true,,3370,480,15,30,19,0,1
1537442926453,19,Del_ContactFrom,200,"Number of samples in transaction : 2, number of failing samples : 0",DeleteContact 2-6,,true,,3370,480,15,30,19,2934,1
1537442929432,16,Add_MainPage,200,OK,AddContact 1-15,text,true,,7840,446,15,30,16,0,0
1537442928447,16,Add_MainPage,200,"Number of samples in transaction : 2, number of failing samples : 0",AddContact 1-15,,true,,7840,446,15,30,16,985,0
1537442929616,25,Add_ContactForm,200,OK,AddContact 1-14,text,true,,3239,474,15,30,25,0,0
1537442928631,25,Add_ContactForm,200,"Number of samples in transaction : 2, number of failing samples : 0",AddContact 1-14,,true,,3239,474,15,30,25,986,0
1537442929709,40,Add_ContactForm,200,OK,AddContact 1-1,text,true,,3239,474,15,30,40,0,0
1537442928728,40,Add_ContactForm,200,"Number of samples in transaction : 2, number of failing samples : 0",AddContact 1-1,,true,,3239,474,15,30,40,982,0
1537442929816,28,Add_MainPage,200,OK,AddContact 1-2,text,true,,7840,446,15,30,27,0,1
1537442928832,28,Add_MainPage,200,"Number of samples in transaction : 2, number of failing samples : 0",AddContact 1-2,,true,,7840,446,15,30,27,984,1
1537442929863,24,Del_MainPage,200,OK,DeleteContact 2-10,text,true,,7840,446,15,30,24,0,1
1537442928878,24,Del_MainPage,200,"Number of samples in transaction : 2, number of failing samples : 0",DeleteContact 2-10,,true,,7840,446,15,30,24,1014,1
1537442930002,19,Add_ContactAction,200,OK,AddContact 1-11,text,true,,2477,1151,15,30,18,0,1
1537442927062,19,Add_ContactAction,200,"Number of samples in transaction : 2, number of failing samples : 0",AddContact 1-11,,true,,2477,1151,15,30,18,2940,1
1537442930301,26,Del_ContactFrom,200,OK,DeleteContact 2-7,text,true,,3378,481,15,30,26,0,1
1537442927355,26,Del_ContactFrom,200,"Number of samples in transaction : 2, number of failing samples : 0",DeleteContact 2-7,,true,,3378,481,15,30,26,2940,1
1537442930393,26,Add_MainPage,200,OK,AddContact 1-3,text,true,,7940,446,15,30,26,0,1
1537442929401,26,Add_MainPage,200,"Number of samples in transaction : 2, number of failing samples : 0",AddContact 1-3,,true,,7940,446,15,30,26,986,1
1537442930379,43,Del_Contact,200,OK,DeleteContact 2-4,text,true,,2484,510,15,30,43,0,3
1537442927437,43,Del_Contact,200,"Number of samples in transaction : 2, number of failing samples : 0",DeleteContact 2-4,,true,,2484,510,15,30,43,2935,3
1537442930439,18,Add_ContactForm,200,OK,AddContact 1-15,text,true,,3239,474,15,30,18,0,0
1537442929448,18,Add_ContactForm,200,"Number of samples in transaction : 2, number of failing samples : 0",AddContact 1-15,,true,,3239,474,15,30,18,984,0
1537442930778,30,Del_MainPage,200,OK,DeleteContact 2-11,text,true,,7719,446,15,30,30,0,1
1537442929786,30,Del_MainPage,200,"Number of samples in transaction : 2, number of failing samples : 0",DeleteContact 2-11,,true,,7719,446,15,30,30,1015,1
1537442930840,25,Add_ContactForm,200,OK,AddContact 1-2,text,true,,3239,474,15,30,25,0,0
1537442929844,25,Add_ContactForm,200,"Number of samples in transaction : 2, number of failing samples : 0",AddContact 1-2,,true,,3239,474,15,30,25,991,0
1537442930839,33,Add_ContactAction,200,OK,AddContact 1-12,text,true,,2477,1139,15,30,33,0,1
1537442927887,33,Add_ContactAction,200,"Number of samples in transaction : 2, number of failing samples : 0",AddContact 1-12,,true,,2477,1139,15,30,33,2945,1
1537442931102,27,Del_ContactFrom,200,OK,DeleteContact 2-8,text,true,,3370,480,15,30,26,0,2
1537442928160,27,Del_ContactFrom,200,"Number of samples in transaction : 2, number of failing samples : 0",DeleteContact 2-8,,true,,3370,480,15,30,26,2937,2
1537442931255,57,Del_Contact,200,OK,DeleteContact 2-5,text,true,,2483,509,15,30,56,0,12
1537442928320,57,Del_Contact,200,"Number of samples in transaction : 2, number of failing samples : 0",DeleteContact 2-5,,true,,2483,509,15,30,56,2928,12
1537442931286,28,Add_MainPage,200,OK,AddContact 1-4,text,true,,7810,446,15,30,28,0,1
1537442930301,28,Add_MainPage,200,"Number of samples in transaction : 2, number of failing samples : 0",AddContact 1-4,,true,,7810,446,15,30,28,994,1
1537442931394,15,Add_ContactForm,200,OK,AddContact 1-3,text,true,,3239,474,15,30,14,0,0
1537442930420,15,Add_ContactForm,200,"Number of samples in transaction : 2, number of failing samples : 0",AddContact 1-3,,true,,3239,474,15,30,14,974,0
1537442931611,107,Add_ContactAction,200,OK,AddContact 1-13,text,true,,2477,1103,15,30,106,0,8
1537442928663,107,Add_ContactAction,200,"Number of samples in transaction : 2, number of failing samples : 0",AddContact 1-13,,true,,2477,1103,15,30,106,2941,8
1537442931640,103,Del_MainPage,200,OK,DeleteContact 2-12,text,true,,7666,446,15,30,101,0,16
1537442930655,103,Del_MainPage,200,"Number of samples in transaction : 2, number of failing samples : 0",DeleteContact 2-12,,true,,7666,446,15,30,101,988,16
1537442931993,46,Del_ContactFrom,200,OK,DeleteContact 2-9,text,true,,3174,480,15,30,39,0,1
1537442929038,46,Del_ContactFrom,200,"Number of samples in transaction : 2, number of failing samples : 0",DeleteContact 2-9,,true,,3174,480,15,30,39,2951,1
1537442932302,24,Add_ContactForm,200,OK,AddContact 1-4,text,true,,3239,474,15,30,23,0,0
1537442931323,24,Add_ContactForm,200,"Number of samples in transaction : 2, number of failing samples : 0",AddContact 1-4,,true,,3239,474,15,30,23,979,0
1537442932342,22,Del_Contact,200,OK,DeleteContact 2-6,text,true,,2483,509,15,30,22,0,0
1537442929406,22,Del_Contact,200,"Number of samples in transaction : 2, number of failing samples : 0",DeleteContact 2-6,,true,,2483,509,15,30,22,2929,0
1537442932593,24,Del_MainPage,200,OK,DeleteContact 2-13,text,true,,7491,446,15,30,23,0,1
1537442931609,24,Del_MainPage,200,"Number of samples in transaction : 2, number of failing samples : 0",DeleteContact 2-13,,true,,7491,446,15,30,23,987,1
1537442932587,37,Add_ContactAction,200,OK,AddContact 1-14,text,true,,2477,1097,15,30,37,0,2
1537442929642,37,Add_ContactAction,200,"Number of samples in transaction : 2, number of failing samples : 0",AddContact 1-14,,true,,2477,1097,15,30,37,2938,2
1537442932686,42,Add_MainPage,200,OK,AddContact 1-5,text,true,,7568,446,15,30,42,0,1
1537442931701,42,Add_MainPage,200,"Number of samples in transaction : 2, number of failing samples : 0",AddContact 1-5,,true,,7568,446,15,30,42,985,1
1537442932688,43,Add_ContactAction,200,OK,AddContact 1-1,text,true,,2477,1373,15,30,43,0,3
1537442929750,43,Add_ContactAction,200,"Number of samples in transaction : 2, number of failing samples : 0",AddContact 1-1,,true,,2477,1373,15,30,43,2931,3
1537442932856,26,Del_ContactFrom,200,OK,DeleteContact 2-10,text,true,,3283,481,15,30,26,0,1
1537442929916,26,Del_ContactFrom,200,"Number of samples in transaction : 2, number of failing samples : 0",DeleteContact 2-10,,true,,3283,481,15,30,26,2933,1
1537442933256,27,Del_Contact,200,OK,DeleteContact 2-7,text,true,,2484,510,15,30,27,0,1
1537442930328,27,Del_Contact,200,"Number of samples in transaction : 2, number of failing samples : 0",DeleteContact 2-7,,true,,2484,510,15,30,27,2929,1
1537442933395,25,Add_ContactAction,200,OK,AddContact 1-15,text,true,,2477,1217,15,30,25,0,1
1537442930457,25,Add_ContactAction,200,"Number of samples in transaction : 2, number of failing samples : 0",AddContact 1-15,,true,,2477,1217,15,30,25,2938,1
1537442933517,52,Del_MainPage,200,OK,DeleteContact 2-14,text,true,,7644,446,15,30,52,0,1
1537442932532,52,Del_MainPage,200,"Number of samples in transaction : 2, number of failing samples : 0",DeleteContact 2-14,,true,,7644,446,15,30,52,987,1
1537442933519,93,Del_MainPage,200,OK,DeleteContact 2-1,text,true,,7644,446,15,30,93,0,1
1537442932533,93,Del_MainPage,200,"Number of samples in transaction : 2, number of failing samples : 0",DeleteContact 2-1,,true,,7644,446,15,30,93,988,1
1537442933702,28,Add_ContactForm,200,OK,AddContact 1-5,text,true,,3239,474,15,30,28,0,0
1537442932729,28,Add_ContactForm,200,"Number of samples in transaction : 2, number of failing samples : 0",AddContact 1-5,,true,,3239,474,15,30,28,974,0
1537442933764,15,Del_ContactFrom,200,OK,DeleteContact 2-11,text,true,,3297,481,15,30,15,0,0
1537442930839,15,Del_ContactFrom,200,"Number of samples in transaction : 2, number of failing samples : 0",DeleteContact 2-11,,true,,3297,481,15,30,15,2926,0
1537442933794,42,Add_ContactAction,200,OK,AddContact 1-2,text,true,,2477,1559,15,30,42,0,1
1537442930867,42,Add_ContactAction,200,"Number of samples in transaction : 2, number of failing samples : 0",AddContact 1-2,,true,,2477,1559,15,30,42,2927,1
1537442933932,35,Add_MainPage,200,OK,AddContact 1-6,text,true,,7876,446,15,30,34,0,1
1537442932947,35,Add_MainPage,200,"Number of samples in transaction : 2, number of failing samples : 0",AddContact 1-6,,true,,7876,446,15,30,34,985,1
1537442934071,25,Del_Contact,200,OK,DeleteContact 2-8,text,true,,2489,509,15,30,25,0,1
1537442931133,25,Del_Contact,200,"Number of samples in transaction : 2, number of failing samples : 0",DeleteContact 2-8,,true,,2489,509,15,30,25,2939,1
1537442934240,32,Add_MainPage,200,OK,AddContact 1-7,text,true,,7876,446,15,30,32,0,1
1537442933256,32,Add_MainPage,200,"Number of samples in transaction : 2, number of failing samples : 0",AddContact 1-7,,true,,7876,446,15,30,32,985,1
1537442934332,94,Add_ContactAction,200,OK,AddContact 1-3,text,true,,2477,1367,15,30,94,0,2
1537442931409,94,Add_ContactAction,200,"Number of samples in transaction : 2, number of failing samples : 0",AddContact 1-3,,true,,2477,1367,15,30,94,2923,2
1537442934488,25,Del_MainPage,200,OK,DeleteContact 2-15,text,true,,8017,446,15,30,25,0,1
1537442933521,25,Del_MainPage,200,"Number of samples in transaction : 2, number of failing samples : 0",DeleteContact 2-15,,true,,8017,446,15,30,25,969,1
1537442934658,26,Del_ContactFrom,200,OK,DeleteContact 2-12,text,true,,3263,481,15,30,26,0,1
1537442931746,26,Del_ContactFrom,200,"Number of samples in transaction : 2, number of failing samples : 0",DeleteContact 2-12,,true,,3263,481,15,30,26,2919,1
1537442934656,37,Del_MainPage,200,OK,DeleteContact 2-2,text,true,,8017,446,15,30,37,0,2
1537442933686,37,Del_MainPage,200,"Number of samples in transaction : 2, number of failing samples : 0",DeleteContact 2-2,,true,,8017,446,15,30,37,972,2
1537442934933,24,Add_ContactForm,200,OK,AddContact 1-6,text,true,,3239,474,15,30,24,0,0
1537442933967,24,Add_ContactForm,200,"Number of samples in transaction : 2, number of failing samples : 0",AddContact 1-6,,true,,3239,474,15,30,24,966,0
1537442934964,13,Del_Contact,200,OK,DeleteContact 2-9,text,true,,2489,509,15,30,13,0,0
1537442932043,13,Del_Contact,200,"Number of samples in transaction : 2, number of failing samples : 0",DeleteContact 2-9,,true,,2489,509,15,30,13,2922,0
1537442935339,149,Add_ContactForm,200,OK,AddContact 1-7,text,true,,3239,474,15,30,149,0,0
1537442934273,149,Add_ContactForm,200,"Number of samples in transaction : 2, number of failing samples : 0",AddContact 1-7,,true,,3239,474,15,30,149,969,0
1537442935322,175,Del_MainPage,200,OK,DeleteContact 2-3,text,true,,8017,446,15,30,175,0,1
1537442934256,175,Del_MainPage,200,"Number of samples in transaction : 2, number of failing samples : 0",DeleteContact 2-3,,true,,8017,446,15,30,175,978,1
1537442935338,171,Add_MainPage,200,OK,AddContact 1-8,text,true,,8017,446,15,30,171,0,0
1537442934271,171,Add_MainPage,200,"Number of samples in transaction : 2, number of failing samples : 0",AddContact 1-8,,true,,8017,446,15,30,171,971,0
1537442935339,173,Add_ContactAction,200,OK,AddContact 1-4,text,true,,2477,1632,15,30,173,0,30
1537442932326,173,Add_ContactAction,200,"Number of samples in transaction : 2, number of failing samples : 0",AddContact 1-4,,true,,2477,1632,15,30,173,2916,30
1537442935645,27,Del_ContactFrom,200,OK,DeleteContact 2-13,text,true,,3353,481,15,30,26,0,2
1537442932620,27,Del_ContactFrom,200,"Number of samples in transaction : 2, number of failing samples : 0",DeleteContact 2-13,,true,,3353,481,15,30,26,2928,2
1537442935908,43,Del_Contact,200,OK,DeleteContact 2-10,text,true,,2484,510,15,30,43,0,1
1537442932883,43,Del_Contact,200,"Number of samples in transaction : 2, number of failing samples : 0",DeleteContact 2-10,,true,,2484,510,15,30,43,2930,1
1537442936078,32,Add_MainPage,200,OK,AddContact 1-9,text,true,,8152,446,15,30,31,0,2
1537442934995,32,Add_MainPage,200,"Number of samples in transaction : 2, number of failing samples : 0",AddContact 1-9,,true,,8152,446,15,30,31,986,2
1537442936369,41,Del_MainPage,200,OK,DeleteContact 2-4,text,true,,8152,446,15,30,39,0,0
1537442935383,41,Del_MainPage,200,"Number of samples in transaction : 2, number of failing samples : 0",DeleteContact 2-4,,true,,8152,446,15,30,39,992,0
1537442936491,14,Add_ContactForm,200,OK,AddContact 1-8,text,true,,3239,474,15,30,14,0,0
1537442935510,14,Add_ContactForm,200,"Number of samples in transaction : 2, number of failing samples : 0",AddContact 1-8,,true,,3239,474,15,30,14,982,0
1537442936615,38,Del_ContactFrom,200,OK,DeleteContact 2-14,text,true,,3353,481,15,30,38,0,1
1537442933578,38,Del_ContactFrom,200,"Number of samples in transaction : 2, number of failing samples : 0",DeleteContact 2-14,,true,,3353,481,15,30,38,2940,1
1537442936636,22,Del_ContactFrom,200,OK,DeleteContact 2-1,text,true,,3304,481,15,30,22,0,1
1537442933614,22,Del_ContactFrom,200,"Number of samples in transaction : 2, number of failing samples : 0",DeleteContact 2-1,,true,,3304,481,15,30,22,2925,1
1537442936739,28,Add_ContactAction,200,OK,AddContact 1-5,text,true,,2477,1307,15,30,28,0,1
1537442933731,28,Add_ContactAction,200,"Number of samples in transaction : 2, number of failing samples : 0",AddContact 1-5,,true,,2477,1307,15,30,28,2911,1
1537442936799,27,Del_Contact,200,OK,DeleteContact 2-11,text,true,,2484,510,15,30,26,0,1
1537442933780,27,Del_Contact,200,"Number of samples in transaction : 2, number of failing samples : 0",DeleteContact 2-11,,true,,2484,510,15,30,26,2922,1
1537442936953,23,Add_MainPage,200,OK,AddContact 1-10,text,true,,8172,446,15,30,23,0,1
1537442935984,23,Add_MainPage,200,"Number of samples in transaction : 2, number of failing samples : 0",AddContact 1-10,,true,,8172,446,15,30,23,970,1
1537442937077,23,Add_ContactForm,200,OK,AddContact 1-9,text,true,,3239,474,15,30,23,0,0
1537442936110,23,Add_ContactForm,200,"Number of samples in transaction : 2, number of failing samples : 0",AddContact 1-9,,true,,3239,474,15,30,23,968,0
1537442937323,31,Del_MainPage,200,OK,DeleteContact 2-5,text,true,,8172,446,15,30,30,0,1
1537442936353,31,Del_MainPage,200,"Number of samples in transaction : 2, number of failing samples : 0",DeleteContact 2-5,,true,,8172,446,15,30,30,972,1
1537442937539,26,Del_ContactFrom,200,OK,DeleteContact 2-15,text,true,,3263,481,15,30,26,0,0
1537442934515,26,Del_ContactFrom,200,"Number of samples in transaction : 2, number of failing samples : 0",DeleteContact 2-15,,true,,3263,481,15,30,26,2927,0
1537442937708,25,Del_ContactFrom,200,OK,DeleteContact 2-2,text,true,,3283,481,15,30,25,0,0
1537442934695,25,Del_ContactFrom,200,"Number of samples in transaction : 2, number of failing samples : 0",DeleteContact 2-2,,true,,3283,481,15,30,25,2917,0
1537442937707,35,Del_Contact,200,OK,DeleteContact 2-12,text,true,,2484,510,15,30,35,0,1
1537442934691,35,Del_Contact,200,"Number of samples in transaction : 2, number of failing samples : 0",DeleteContact 2-12,,true,,2484,510,15,30,35,2919,1
1537442937910,21,Add_MainPage,200,OK,AddContact 1-11,text,true,,8079,446,15,30,20,0,1
1537442936941,21,Add_MainPage,200,"Number of samples in transaction : 2, number of failing samples : 0",AddContact 1-11,,true,,8079,446,15,30,20,969,1
1537442937938,13,Add_ContactForm,200,OK,AddContact 1-10,text,true,,3239,474,15,30,12,0,0
1537442936977,13,Add_ContactForm,200,"Number of samples in transaction : 2, number of failing samples : 0",AddContact 1-10,,true,,3239,474,15,30,12,961,0
1537442937969,16,Add_ContactAction,200,OK,AddContact 1-6,text,true,,2477,1680,15,30,16,0,1
1537442934957,16,Add_ContactAction,200,"Number of samples in transaction : 2, number of failing samples : 0",AddContact 1-6,,true,,2477,1680,15,30,16,2915,1
1537442938308,27,Del_MainPage,200,OK,DeleteContact 2-6,text,true,,8351,446,15,30,27,0,1
1537442937338,27,Del_MainPage,200,"Number of samples in transaction : 2, number of failing samples : 0",DeleteContact 2-6,,true,,8351,446,15,30,27,988,1
1537442938415,37,Del_ContactFrom,200,OK,DeleteContact 2-3,text,true,,3175,481,15,30,37,0,1
1537442935506,37,Del_ContactFrom,200,"Number of samples in transaction : 2, number of failing samples : 0",DeleteContact 2-3,,true,,3175,481,15,30,37,2911,1
1537442938400,56,Add_ContactAction,200,OK,AddContact 1-7,text,true,,2477,1319,15,30,56,0,1
1537442935488,56,Add_ContactAction,200,"Number of samples in transaction : 2, number of failing samples : 0",AddContact 1-7,,true,,2477,1319,15,30,56,2912,1
1537442938585,27,Del_Contact,200,OK,DeleteContact 2-13,text,true,,2482,510,15,30,27,0,1
1537442935672,27,Del_Contact,200,"Number of samples in transaction : 2, number of failing samples : 0",DeleteContact 2-13,,true,,2482,510,15,30,27,2917,1
1537442938770,37,Add_MainPage,200,OK,AddContact 1-12,text,true,,8324,446,15,30,36,0,5
1537442937785,37,Add_MainPage,200,"Number of samples in transaction : 2, number of failing samples : 0",AddContact 1-12,,true,,8324,446,15,30,36,985,5
1537442938908,30,Add_ContactForm,200,OK,AddContact 1-11,text,true,,3239,474,15,30,30,0,0
1537442937931,30,Add_ContactForm,200,"Number of samples in transaction : 2, number of failing samples : 0",AddContact 1-11,,true,,3239,474,15,30,30,978,0
1537442939216,30,Del_MainPage,200,OK,DeleteContact 2-7,text,true,,8324,446,15,30,30,0,2
1537442938231,30,Del_MainPage,200,"Number of samples in transaction : 2, number of failing samples : 0",DeleteContact 2-7,,true,,8324,446,15,30,30,993,2
1537442939339,25,Del_ContactFrom,200,OK,DeleteContact 2-4,text,true,,3375,480,15,30,25,0,2
1537442936416,25,Del_ContactFrom,200,"Number of samples in transaction : 2, number of failing samples : 0",DeleteContact 2-4,,true,,3375,480,15,30,25,2924,2
1537442939416,22,Add_ContactAction,200,OK,AddContact 1-8,text,true,,2477,1265,15,30,22,0,4
1537442936506,22,Add_ContactAction,200,"Number of samples in transaction : 2, number of failing samples : 0",AddContact 1-8,,true,,2477,1265,15,30,22,2910,4
1537442939569,76,Del_Contact,200,OK,DeleteContact 2-14,text,true,,2489,510,15,30,76,0,32
1537442936653,76,Del_Contact,200,"Number of samples in transaction : 2, number of failing samples : 0",DeleteContact 2-14,,true,,2489,510,15,30,76,2916,32
1537442939616,41,Add_MainPage,200,OK,AddContact 1-13,text,true,,8478,446,15,30,34,0,0
1537442938631,41,Add_MainPage,200,"Number of samples in transaction : 2, number of failing samples : 0",AddContact 1-13,,true,,8478,446,15,30,34,986,0
1537442939601,60,Del_Contact,200,OK,DeleteContact 2-1,text,true,,2484,510,15,30,60,0,1
1537442936658,60,Del_Contact,200,"Number of samples in transaction : 2, number of failing samples : 0",DeleteContact 2-1,,true,,2484,510,15,30,60,2944,1
1537442939785,23,Add_ContactForm,200,OK,AddContact 1-12,text,true,,3239,474,15,30,23,0,0
1537442938807,23,Add_ContactForm,200,"Number of samples in transaction : 2, number of failing samples : 0",AddContact 1-12,,true,,3239,474,15,30,23,978,0
1537442940020,40,Add_ContactAction,200,OK,AddContact 1-9,text,true,,2477,1469,15,30,40,0,4
1537442937101,40,Add_ContactAction,200,"Number of samples in transaction : 2, number of failing samples : 0",AddContact 1-9,,true,,2477,1469,15,30,40,2919,4
1537442940031,32,Del_MainPage,200,OK,DeleteContact 2-8,text,true,,8331,446,15,30,31,0,1
1537442939046,32,Del_MainPage,200,"Number of samples in transaction : 2, number of failing samples : 0",DeleteContact 2-8,,true,,8331,446,15,30,31,987,1
1537442940815,26,Del_ContactFrom,200,OK,DeleteContact 2-5,text,true,,3262,481,15,30,26,0,1
1537442937356,26,Del_ContactFrom,200,"Number of samples in transaction : 2, number of failing samples : 0",DeleteContact 2-5,,true,,3262,481,15,30,26,2922,1
1537442941031,23,Del_Contact,200,OK,DeleteContact 2-15,text,true,,2489,510,15,30,23,0,0
1537442937565,23,Del_Contact,200,"Number of samples in transaction : 2, number of failing samples : 0",DeleteContact 2-15,,true,,2489,510,15,30,23,2929,0
1537442941061,27,Add_MainPage,200,OK,AddContact 1-14,text,true,,8558,446,15,30,26,0,1
1537442939539,27,Add_MainPage,200,"Number of samples in transaction : 2, number of failing samples : 0",AddContact 1-14,,true,,8558,446,15,30,26,985,1
1537442941154,25,Add_ContactForm,200,OK,AddContact 1-13,text,true,,3239,474,15,30,25,0,0
1537442939658,25,Add_ContactForm,200,"Number of samples in transaction : 2, number of failing samples : 0",AddContact 1-13,,true,,3239,474,15,30,25,958,0
1537442941139,45,Add_MainPage,200,OK,AddContact 1-1,text,true,,8558,446,15,30,44,0,0
1537442939631,45,Add_MainPage,200,"Number of samples in transaction : 2, number of failing samples : 0",AddContact 1-1,,true,,8558,446,15,30,44,971,0
1537442941185,104,Del_Contact,200,OK,DeleteContact 2-2,text,true,,2484,510,15,30,104,0,1
1537442937734,104,Del_Contact,200,"Number of samples in transaction : 2, number of failing samples : 0",DeleteContact 2-2,,true,,2484,510,15,30,104,2914,1
1537442941400,28,Add_ContactAction,200,OK,AddContact 1-10,text,true,,2477,1235,15,30,28,0,1
1537442937951,28,Add_ContactAction,200,"Number of samples in transaction : 2, number of failing samples : 0",AddContact 1-10,,true,,2477,1235,15,30,28,2911,1
1537442941446,22,Del_MainPage,200,OK,DeleteContact 2-9,text,true,,8580,446,15,30,21,0,1
1537442939939,22,Del_MainPage,200,"Number of samples in transaction : 2, number of failing samples : 0",DeleteContact 2-9,,true,,8580,446,15,30,21,979,1
1537442941816,28,Del_ContactFrom,200,OK,DeleteContact 2-6,text,true,,3305,480,15,30,28,0,1
1537442938353,28,Del_ContactFrom,200,"Number of samples in transaction : 2, number of failing samples : 0",DeleteContact 2-6,,true,,3305,480,15,30,28,2926,1
1537442941846,18,Add_MainPage,200,OK,AddContact 1-15,text,true,,8580,446,15,30,17,0,1
1537442940877,18,Add_MainPage,200,"Number of samples in transaction : 2, number of failing samples : 0",AddContact 1-15,,true,,8580,446,15,30,17,970,1
1537442941907,23,Del_Contact,200,OK,DeleteContact 2-3,text,true,,2489,510,15,30,23,0,1
1537442938454,23,Del_Contact,200,"Number of samples in transaction : 2, number of failing samples : 0",DeleteContact 2-3,,true,,2489,510,15,30,23,2915,1
1537442942062,25,Add_ContactForm,200,OK,AddContact 1-14,text,true,,3239,474,15,30,24,0,0
1537442941089,25,Add_ContactForm,200,"Number of samples in transaction : 2, number of failing samples : 0",AddContact 1-14,,true,,3239,474,15,30,24,973,0
1537442942170,24,Add_ContactForm,200,OK,AddContact 1-1,text,true,,3239,474,15,30,24,0,0
1537442941185,24,Add_ContactForm,200,"Number of samples in transaction : 2, number of failing samples : 0",AddContact 1-1,,true,,3239,474,15,30,24,986,0
1537442942264,33,Add_MainPage,200,OK,AddContact 1-2,text,true,,8580,446,15,30,32,0,1
1537442941278,33,Add_MainPage,200,"Number of samples in transaction : 2, number of failing samples : 0",AddContact 1-2,,true,,8580,446,15,30,32,987,1
1537442942339,30,Del_MainPage,200,OK,DeleteContact 2-10,text,true,,8580,446,15,30,29,0,1
1537442941354,30,Del_MainPage,200,"Number of samples in transaction : 2, number of failing samples : 0",DeleteContact 2-10,,true,,8580,446,15,30,29,988,1
1537442942401,27,Add_ContactAction,200,OK,AddContact 1-11,text,true,,2477,1109,15,30,27,0,1
1537442938939,27,Add_ContactAction,200,"Number of samples in transaction : 2, number of failing samples : 0",AddContact 1-11,,true,,2477,1109,15,30,27,2924,1
1537442942709,25,Del_ContactFrom,200,OK,DeleteContact 2-7,text,true,,3382,481,15,30,25,0,0
1537442939254,25,Del_ContactFrom,200,"Number of samples in transaction : 2, number of failing samples : 0",DeleteContact 2-7,,true,,3382,481,15,30,25,2918,0
1537442942817,26,Del_Contact,200,OK,DeleteContact 2-4,text,true,,2483,509,15,30,26,0,0
1537442939365,26,Del_Contact,200,"Number of samples in transaction : 2, number of failing samples : 0",DeleteContact 2-4,,true,,2483,509,15,30,26,2929,0
1537442942859,13,Add_ContactForm,200,OK,AddContact 1-15,text,true,,3239,474,15,30,13,0,0
1537442941865,13,Add_ContactForm,200,"Number of samples in transaction : 2, number of failing samples : 0",AddContact 1-15,,true,,3239,474,15,30,13,994,0
1537442942877,16,Add_MainPage,200,OK,AddContact 1-3,text,true,,8470,446,15,30,16,0,1
1537442941893,16,Add_MainPage,200,"Number of samples in transaction : 2, number of failing samples : 0",AddContact 1-3,,true,,8470,446,15,30,16,985,1
1537442943217,27,Del_MainPage,200,OK,DeleteContact 2-11,text,true,,8470,446,15,30,26,0,1
1537442942231,27,Del_MainPage,200,"Number of samples in transaction : 2, number of failing samples : 0",DeleteContact 2-11,,true,,8470,446,15,30,26,988,1
1537442943278,26,Add_ContactForm,200,OK,AddContact 1-2,text,true,,3239,474,15,30,26,0,0
1537442942298,26,Add_ContactForm,200,"Number of samples in transaction : 2, number of failing samples : 0",AddContact 1-2,,true,,3239,474,15,30,26,980,0
1537442943278,32,Add_ContactAction,200,OK,AddContact 1-12,text,true,,2477,1301,15,30,31,0,1
1537442939808,32,Add_ContactAction,200,"Number of samples in transaction : 2, number of failing samples : 0",AddContact 1-12,,true,,2477,1301,15,30,31,2932,1
1537442943539,25,Del_ContactFrom,200,OK,DeleteContact 2-8,text,true,,3330,481,15,30,25,0,1
1537442940066,25,Del_ContactFrom,200,"Number of samples in transaction : 2, number of failing samples : 0",DeleteContact 2-8,,true,,3330,481,15,30,25,2936,1
1537442943878,18,Add_ContactForm,200,OK,AddContact 1-3,text,true,,3239,474,15,30,18,0,0
1537442942894,18,Add_ContactForm,200,"Number of samples in transaction : 2, number of failing samples : 0",AddContact 1-3,,true,,3239,474,15,30,18,985,0
1537442943781,183,Del_Contact,200,OK,DeleteContact 2-5,text,true,,2484,510,15,30,183,0,0
1537442940842,183,Del_Contact,200,"Number of samples in transaction : 2, number of failing samples : 0",DeleteContact 2-5,,true,,2484,510,15,30,183,3011,0
1537442943847,197,Add_MainPage,200,OK,AddContact 1-4,text,true,,8624,446,15,30,196,0,1
1537442942862,197,Add_MainPage,200,"Number of samples in transaction : 2, number of failing samples : 0",AddContact 1-4,,true,,8624,446,15,30,196,985,1
1537442944173,23,Del_MainPage,200,OK,DeleteContact 2-12,text,true,,8530,446,15,30,22,0,0
1537442943155,23,Del_MainPage,200,"Number of samples in transaction : 2, number of failing samples : 0",DeleteContact 2-12,,true,,8530,446,15,30,22,1021,0
1537442944109,99,Add_ContactAction,200,OK,AddContact 1-13,text,true,,2477,1319,15,30,98,0,16
1537442941179,99,Add_ContactAction,200,"Number of samples in transaction : 2, number of failing samples : 0",AddContact 1-13,,true,,2477,1319,15,30,98,2930,16
1537442944417,31,Del_ContactFrom,200,OK,DeleteContact 2-9,text,true,,3363,480,15,30,30,0,0
1537442941478,31,Del_ContactFrom,200,"Number of samples in transaction : 2, number of failing samples : 0",DeleteContact 2-9,,true,,3363,480,15,30,30,2981,0
1537442944770,37,Del_Contact,200,OK,DeleteContact 2-6,text,true,,2483,509,15,30,36,0,1
1537442941845,37,Del_Contact,200,"Number of samples in transaction : 2, number of failing samples : 0",DeleteContact 2-6,,true,,2483,509,15,30,36,2925,1
1537442945023,48,Add_ContactForm,200,OK,AddContact 1-4,text,true,,3239,474,15,30,47,0,0
1537442944044,48,Add_ContactForm,200,"Number of samples in transaction : 2, number of failing samples : 0",AddContact 1-4,,true,,3239,474,15,30,47,979,0
1537442945017,60,Add_ContactAction,200,OK,AddContact 1-14,text,true,,2477,1553,15,30,60,0,5
1537442942087,60,Add_ContactAction,200,"Number of samples in transaction : 2, number of failing samples : 0",AddContact 1-14,,true,,2477,1553,15,30,60,2930,5
1537442945024,56,Del_MainPage,200,OK,DeleteContact 2-13,text,true,,8552,446,15,30,55,0,6
1537442944039,56,Del_MainPage,200,"Number of samples in transaction : 2, number of failing samples : 0",DeleteContact 2-13,,true,,8552,446,15,30,55,987,6
1537442945094,18,Add_MainPage,200,OK,AddContact 1-5,text,true,,8772,446,15,30,17,0,1
1537442944109,18,Add_MainPage,200,"Number of samples in transaction : 2, number of failing samples : 0",AddContact 1-5,,true,,8772,446,15,30,17,986,1
1537442945124,16,Add_ContactAction,200,OK,AddContact 1-1,text,true,,2477,1073,15,30,16,0,0
1537442942195,16,Add_ContactAction,200,"Number of samples in transaction : 2, number of failing samples : 0",AddContact 1-1,,true,,2477,1073,15,30,16,2929,0
1537442945309,25,Del_ContactFrom,200,OK,DeleteContact 2-10,text,true,,3433,481,15,30,25,0,1
1537442942373,25,Del_ContactFrom,200,"Number of samples in transaction : 2, number of failing samples : 0",DeleteContact 2-10,,true,,3433,481,15,30,25,2937,1
1537442946232,28,Del_Contact,200,OK,DeleteContact 2-7,text,true,,2484,510,15,30,28,0,1
1537442942735,28,Del_Contact,200,"Number of samples in transaction : 2, number of failing samples : 0",DeleteContact 2-7,,true,,2484,510,15,30,28,2929,1
1537442946370,29,Add_ContactAction,200,OK,AddContact 1-15,text,true,,2477,1205,15,30,29,0,2
1537442942872,29,Add_ContactAction,200,"Number of samples in transaction : 2, number of failing samples : 0",AddContact 1-15,,true,,2477,1205,15,30,29,2929,2
1537442946601,45,Del_MainPage,200,OK,DeleteContact 2-14,text,true,,8792,446,15,30,29,0,0
1537442945047,45,Del_MainPage,200,"Number of samples in transaction : 2, number of failing samples : 0",DeleteContact 2-14,,true,,8792,446,15,30,29,987,0
1537442946633,44,Del_MainPage,200,OK,DeleteContact 2-1,text,true,,8792,446,15,30,44,0,1
1537442945078,44,Del_MainPage,200,"Number of samples in transaction : 2, number of failing samples : 0",DeleteContact 2-1,,true,,8792,446,15,30,44,988,1
1537442946662,22,Add_ContactForm,200,OK,AddContact 1-5,text,true,,3239,474,15,30,22,0,0
1537442945113,22,Add_ContactForm,200,"Number of samples in transaction : 2, number of failing samples : 0",AddContact 1-5,,true,,3239,474,15,30,22,980,0
1537442946739,27,Del_ContactFrom,200,OK,DeleteContact 2-11,text,true,,3363,480,15,30,27,0,1
1537442943246,27,Del_ContactFrom,200,"Number of samples in transaction : 2, number of failing samples : 0",DeleteContact 2-11,,true,,3363,480,15,30,27,2924,1
1537442946802,17,Add_ContactAction,200,OK,AddContact 1-2,text,true,,2477,1523,15,30,17,0,0
1537442943304,17,Add_ContactAction,200,"Number of samples in transaction : 2, number of failing samples : 0",AddContact 1-2,,true,,2477,1523,15,30,17,2929,0
1537442946909,35,Add_MainPage,200,OK,AddContact 1-6,text,true,,9014,446,15,30,33,0,1
1537442945355,35,Add_MainPage,200,"Number of samples in transaction : 2, number of failing samples : 0",AddContact 1-6,,true,,9014,446,15,30,33,985,1
1537442947063,26,Del_Contact,200,OK,DeleteContact 2-8,text,true,,2484,510,15,30,26,0,1
1537442943565,26,Del_Contact,200,"Number of samples in transaction : 2, number of failing samples : 0",DeleteContact 2-8,,true,,2484,510,15,30,26,2929,1
1537442947370,34,Add_MainPage,200,OK,AddContact 1-7,text,true,,8855,446,15,30,30,0,1
1537442946385,34,Add_MainPage,200,"Number of samples in transaction : 2, number of failing samples : 0",AddContact 1-7,,true,,8855,446,15,30,30,1011,1
1537442947401,45,Add_ContactAction,200,OK,AddContact 1-3,text,true,,2477,1728,15,30,45,0,1
1537442943897,45,Add_ContactAction,200,"Number of samples in transaction : 2, number of failing samples : 0",AddContact 1-3,,true,,2477,1728,15,30,45,2935,1
1537442947494,34,Del_MainPage,200,OK,DeleteContact 2-15,text,true,,9144,446,15,30,32,0,1
1537442946509,34,Del_MainPage,200,"Number of samples in transaction : 2, number of failing samples : 0",DeleteContact 2-15,,true,,9144,446,15,30,32,990,1
1537442947711,58,Del_ContactFrom,200,OK,DeleteContact 2-12,text,true,,3327,481,15,30,57,0,1
1537442944199,58,Del_ContactFrom,200,"Number of samples in transaction : 2, number of failing samples : 0",DeleteContact 2-12,,true,,3327,481,15,30,57,2943,1
1537442947725,49,Del_MainPage,200,OK,DeleteContact 2-2,text,true,,9144,446,15,30,48,0,1
1537442946739,49,Del_MainPage,200,"Number of samples in transaction : 2, number of failing samples : 0",DeleteContact 2-2,,true,,9144,446,15,30,48,989,1
1537442947924,26,Add_ContactForm,200,OK,AddContact 1-6,text,true,,3239,474,15,30,26,0,0
1537442946944,26,Add_ContactForm,200,"Number of samples in transaction : 2, number of failing samples : 0",AddContact 1-6,,true,,3239,474,15,30,26,981,0
1537442948002,23,Del_Contact,200,OK,DeleteContact 2-9,text,true,,2483,509,15,30,23,0,1
1537442944490,23,Del_Contact,200,"Number of samples in transaction : 2, number of failing samples : 0",DeleteContact 2-9,,true,,2483,509,15,30,23,2944,1
1537442948371,57,Add_MainPage,200,OK,AddContact 1-8,text,true,,8929,446,15,30,56,0,1
1537442947386,57,Add_MainPage,200,"Number of samples in transaction : 2, number of failing samples : 0",AddContact 1-8,,true,,8929,446,15,30,56,985,1
1537442948402,32,Add_ContactForm,200,OK,AddContact 1-7,text,true,,3239,474,15,30,32,0,0
1537442947430,32,Add_ContactForm,200,"Number of samples in transaction : 2, number of failing samples : 0",AddContact 1-7,,true,,3239,474,15,30,32,972,0
1537442948372,68,Del_MainPage,200,OK,DeleteContact 2-3,text,true,,8929,446,15,30,67,0,1
1537442947386,68,Del_MainPage,200,"Number of samples in transaction : 2, number of failing samples : 0",DeleteContact 2-3,,true,,8929,446,15,30,67,988,1
1537442948602,30,Del_ContactFrom,200,OK,DeleteContact 2-13,text,true,,3327,481,15,30,30,0,0
1537442945082,30,Del_ContactFrom,200,"Number of samples in transaction : 2, number of failing samples : 0",DeleteContact 2-13,,true,,3327,481,15,30,30,2951,0
1537442948586,50,Add_ContactAction,200,OK,AddContact 1-4,text,true,,2477,1247,15,30,50,0,2
1537442945071,50,Add_ContactAction,200,"Number of samples in transaction : 2, number of failing samples : 0",AddContact 1-4,,true,,2477,1247,15,30,50,2946,2
1537442948848,27,Del_Contact,200,OK,DeleteContact 2-10,text,true,,2484,510,15,30,27,0,1
1537442945337,27,Del_Contact,200,"Number of samples in transaction : 2, number of failing samples : 0",DeleteContact 2-10,,true,,2484,510,15,30,27,2965,1
1537442948987,28,Add_MainPage,200,OK,AddContact 1-9,text,true,,8813,446,15,30,27,0,1
1537442948002,28,Add_MainPage,200,"Number of samples in transaction : 2, number of failing samples : 0",AddContact 1-9,,true,,8813,446,15,30,27,985,1
1537442949295,31,Del_MainPage,200,OK,DeleteContact 2-4,text,true,,8813,446,15,30,29,0,0
1537442948308,31,Del_MainPage,200,"Number of samples in transaction : 2, number of failing samples : 0",DeleteContact 2-4,,true,,8813,446,15,30,29,1015,0
1537442949402,12,Add_ContactForm,200,OK,AddContact 1-8,text,true,,3239,474,15,30,12,0,0
1537442948428,12,Add_ContactForm,200,"Number of samples in transaction : 2, number of failing samples : 0",AddContact 1-8,,true,,3239,474,15,30,12,975,0
1537442949602,26,Del_ContactFrom,200,OK,DeleteContact 2-14,text,true,,3401,481,15,30,26,0,1
1537442946648,26,Del_ContactFrom,200,"Number of samples in transaction : 2, number of failing samples : 0",DeleteContact 2-14,,true,,3401,481,15,30,26,2954,1
1537442949634,27,Del_ContactFrom,200,OK,DeleteContact 2-1,text,true,,3294,481,15,30,27,0,1
1537442946679,27,Del_ContactFrom,200,"Number of samples in transaction : 2, number of failing samples : 0",DeleteContact 2-1,,true,,3294,481,15,30,27,2956,1
1537442949633,32,Add_ContactAction,200,OK,AddContact 1-5,text,true,,2477,1325,15,30,32,0,0
1537442946684,32,Add_ContactAction,200,"Number of samples in transaction : 2, number of failing samples : 0",AddContact 1-5,,true,,2477,1325,15,30,32,2949,0
1537442949710,54,Del_Contact,200,OK,DeleteContact 2-11,text,true,,2490,509,15,30,54,0,22
1537442946766,54,Del_Contact,200,"Number of samples in transaction : 2, number of failing samples : 0",DeleteContact 2-11,,true,,2490,509,15,30,54,2945,22
1537442949862,30,Add_MainPage,200,OK,AddContact 1-10,text,true,,8962,446,15,30,26,0,5
1537442948848,30,Add_MainPage,200,"Number of samples in transaction : 2, number of failing samples : 0",AddContact 1-10,,true,,8962,446,15,30,26,1019,5
1537442949993,27,Add_ContactForm,200,OK,AddContact 1-9,text,true,,3239,474,15,30,27,0,0
1537442949015,27,Add_ContactForm,200,"Number of samples in transaction : 2, number of failing samples : 0",AddContact 1-9,,true,,3239,474,15,30,27,979,0
1537442950480,43,Del_ContactFrom,200,OK,DeleteContact 2-15,text,true,,3342,481,15,30,43,0,1
1537442947533,43,Del_ContactFrom,200,"Number of samples in transaction : 2, number of failing samples : 0",DeleteContact 2-15,,true,,3342,481,15,30,43,2947,1
1537442950494,35,Del_MainPage,200,OK,DeleteContact 2-5,text,true,,8962,446,15,30,34,0,1
1537442949509,35,Del_MainPage,200,"Number of samples in transaction : 2, number of failing samples : 0",DeleteContact 2-5,,true,,8962,446,15,30,34,999,1
1537442950725,37,Del_ContactFrom,200,OK,DeleteContact 2-2,text,true,,3299,481,15,30,36,0,1
1537442947777,37,Del_ContactFrom,200,"Number of samples in transaction : 2, number of failing samples : 0",DeleteContact 2-2,,true,,3299,481,15,30,36,2948,1
1537442950710,120,Del_Contact,200,OK,DeleteContact 2-12,text,true,,2484,510,15,30,119,0,1
1537442947769,120,Del_Contact,200,"Number of samples in transaction : 2, number of failing samples : 0",DeleteContact 2-12,,true,,2484,510,15,30,119,2941,1
1537442950833,18,Add_MainPage,200,OK,AddContact 1-11,text,true,,8799,446,15,30,17,0,1
1537442949867,18,Add_MainPage,200,"Number of samples in transaction : 2, number of failing samples : 0",AddContact 1-11,,true,,8799,446,15,30,17,986,1
1537442950871,25,Add_ContactForm,200,OK,AddContact 1-10,text,true,,3239,474,15,30,25,0,0
1537442949897,25,Add_ContactForm,200,"Number of samples in transaction : 2, number of failing samples : 0",AddContact 1-10,,true,,3239,474,15,30,25,974,0
1537442950879,26,Add_ContactAction,200,OK,AddContact 1-6,text,true,,2477,1589,15,30,25,0,1
1537442947951,26,Add_ContactAction,200,"Number of samples in transaction : 2, number of failing samples : 0",AddContact 1-6,,true,,2477,1589,15,30,25,2928,1
1537442951305,27,Del_MainPage,200,OK,DeleteContact 2-6,text,true,,9030,446,15,30,25,0,1
1537442950279,27,Del_MainPage,200,"Number of samples in transaction : 2, number of failing samples : 0",DeleteContact 2-6,,true,,9030,446,15,30,25,972,1
1537442951429,38,Del_ContactFrom,200,OK,DeleteContact 2-3,text,true,,3401,481,15,30,38,0,1
1537442948442,38,Del_ContactFrom,200,"Number of samples in transaction : 2, number of failing samples : 0",DeleteContact 2-3,,true,,3401,481,15,30,38,2932,1
1537442951428,42,Add_ContactAction,200,OK,AddContact 1-7,text,true,,2477,1541,15,30,42,0,1
1537442948434,42,Add_ContactAction,200,"Number of samples in transaction : 2, number of failing samples : 0",AddContact 1-7,,true,,2477,1541,15,30,42,2938,1
1537442951618,25,Del_Contact,200,OK,DeleteContact 2-13,text,true,,2490,510,15,30,25,0,1
1537442948632,25,Del_Contact,200,"Number of samples in transaction : 2, number of failing samples : 0",DeleteContact 2-13,,true,,2490,510,15,30,25,2930,1
1537442951766,31,Add_MainPage,200,OK,AddContact 1-12,text,true,,9279,446,15,30,29,0,1
1537442950740,31,Add_MainPage,200,"Number of samples in transaction : 2, number of failing samples : 0",AddContact 1-12,,true,,9279,446,15,30,29,971,1
1537442951905,24,Add_ContactForm,200,OK,AddContact 1-11,text,true,,3239,474,15,30,24,0,0
1537442950871,24,Add_ContactForm,200,"Number of samples in transaction : 2, number of failing samples : 0",AddContact 1-11,,true,,3239,474,15,30,24,978,0
1537442952181,30,Del_MainPage,200,OK,DeleteContact 2-7,text,true,,9279,446,15,30,29,0,1
1537442951196,30,Del_MainPage,200,"Number of samples in transaction : 2, number of failing samples : 0",DeleteContact 2-7,,true,,9279,446,15,30,29,989,1
1537442952336,26,Del_ContactFrom,200,OK,DeleteContact 2-4,text,true,,3422,480,15,30,26,0,1
1537442949354,26,Del_ContactFrom,200,"Number of samples in transaction : 2, number of failing samples : 0",DeleteContact 2-4,,true,,3422,480,15,30,26,2927,1
1537442952398,39,Add_ContactAction,200,OK,AddContact 1-8,text,true,,2477,1686,15,30,38,0,3
1537442949415,39,Add_ContactAction,200,"Number of samples in transaction : 2, number of failing samples : 0",AddContact 1-8,,true,,2477,1686,15,30,38,2927,3
1537442952606,30,Del_Contact,200,OK,DeleteContact 2-14,text,true,,2484,510,15,30,30,0,1
1537442949628,30,Del_Contact,200,"Number of samples in transaction : 2, number of failing samples : 0",DeleteContact 2-14,,true,,2484,510,15,30,30,2923,1
1537442952659,27,Del_Contact,200,OK,DeleteContact 2-1,text,true,,2484,510,15,30,27,0,1
1537442949662,27,Del_Contact,200,"Number of samples in transaction : 2, number of failing samples : 0",DeleteContact 2-1,,true,,2484,510,15,30,27,2942,1
1537442952674,25,Add_MainPage,200,OK,AddContact 1-13,text,true,,9181,446,15,30,24,0,2
1537442951689,25,Add_MainPage,200,"Number of samples in transaction : 2, number of failing samples : 0",AddContact 1-13,,true,,9181,446,15,30,24,995,2
1537442952783,86,Add_ContactForm,200,OK,AddContact 1-12,text,true,,3239,474,15,30,86,0,0
1537442951798,86,Add_ContactForm,200,"Number of samples in transaction : 2, number of failing samples : 0",AddContact 1-12,,true,,3239,474,15,30,86,986,0
1537442953028,41,Del_MainPage,200,OK,DeleteContact 2-8,text,true,,9181,446,15,30,40,0,1
1537442952027,41,Del_MainPage,200,"Number of samples in transaction : 2, number of failing samples : 0",DeleteContact 2-8,,true,,9181,446,15,30,40,1003,1
1537442953029,44,Add_ContactAction,200,OK,AddContact 1-9,text,true,,2477,1421,15,30,44,0,1
1537442950021,44,Add_ContactAction,200,"Number of samples in transaction : 2, number of failing samples : 0",AddContact 1-9,,true,,2477,1421,15,30,44,2952,1
1537442953520,17,Del_Contact,200,OK,DeleteContact 2-15,text,true,,2484,510,15,30,17,0,0
1537442950523,17,Del_Contact,200,"Number of samples in transaction : 2, number of failing samples : 0",DeleteContact 2-15,,true,,2484,510,15,30,17,2942,0
1537442953551,13,Del_ContactFrom,200,OK,DeleteContact 2-5,text,true,,3404,481,15,30,13,0,0
1537442950544,13,Del_ContactFrom,200,"Number of samples in transaction : 2, number of failing samples : 0",DeleteContact 2-5,,true,,3404,481,15,30,13,2951,0
1537442953571,19,Add_MainPage,200,OK,AddContact 1-14,text,true,,9186,446,15,30,17,0,2
1537442952567,19,Add_MainPage,200,"Number of samples in transaction : 2, number of failing samples : 0",AddContact 1-14,,true,,9186,446,15,30,17,1012,2
1537442953619,21,Add_MainPage,200,OK,AddContact 1-1,text,true,,9186,446,15,30,20,0,1
1537442952621,21,Add_MainPage,200,"Number of samples in transaction : 2, number of failing samples : 0",AddContact 1-1,,true,,9186,446,15,30,20,998,1
1537442953705,26,Add_ContactForm,200,OK,AddContact 1-13,text,true,,3239,474,15,30,25,0,0
1537442952709,26,Add_ContactForm,200,"Number of samples in transaction : 2, number of failing samples : 0",AddContact 1-13,,true,,3239,474,15,30,25,996,0
1537442953752,17,Del_Contact,200,OK,DeleteContact 2-2,text,true,,2484,510,15,30,17,0,1
1537442950762,17,Del_Contact,200,"Number of samples in transaction : 2, number of failing samples : 0",DeleteContact 2-2,,true,,2484,510,15,30,17,2934,1
1537442953905,27,Add_ContactAction,200,OK,AddContact 1-10,text,true,,2477,1361,15,30,27,0,1
1537442950896,27,Add_ContactAction,200,"Number of samples in transaction : 2, number of failing samples : 0",AddContact 1-10,,true,,2477,1361,15,30,27,2953,1
1537442953951,18,Del_MainPage,200,OK,DeleteContact 2-9,text,true,,9207,446,15,30,17,0,1
1537442952981,18,Del_MainPage,200,"Number of samples in transaction : 2, number of failing samples : 0",DeleteContact 2-9,,true,,9207,446,15,30,17,972,1
1537442954275,37,Del_ContactFrom,200,OK,DeleteContact 2-6,text,true,,3427,481,15,30,37,0,0
1537442951334,37,Del_ContactFrom,200,"Number of samples in transaction : 2, number of failing samples : 0",DeleteContact 2-6,,true,,3427,481,15,30,37,2941,0
1537442954290,28,Add_MainPage,200,OK,AddContact 1-15,text,true,,9207,446,15,30,27,0,1
1537442953321,28,Add_MainPage,200,"Number of samples in transaction : 2, number of failing samples : 0",AddContact 1-15,,true,,9207,446,15,30,27,969,1
1537442954412,33,Del_Contact,200,OK,DeleteContact 2-3,text,true,,2490,510,15,30,33,0,4
1537442951468,33,Del_Contact,200,"Number of samples in transaction : 2, number of failing samples : 0",DeleteContact 2-3,,true,,2490,510,15,30,33,2944,4
1537442954568,23,Add_ContactForm,200,OK,AddContact 1-14,text,true,,3239,474,15,30,23,0,0
1537442953598,23,Add_ContactForm,200,"Number of samples in transaction : 2, number of failing samples : 0",AddContact 1-14,,true,,3239,474,15,30,23,970,0
1537442954602,15,Add_ContactForm,200,OK,AddContact 1-1,text,true,,3239,474,15,30,15,0,0
1537442953640,15,Add_ContactForm,200,"Number of samples in transaction : 2, number of failing samples : 0",AddContact 1-1,,true,,3239,474,15,30,15,963,0
1537442954721,34,Add_MainPage,200,OK,AddContact 1-2,text,true,,9207,446,15,30,32,0,1
1537442953737,34,Add_MainPage,200,"Number of samples in transaction : 2, number of failing samples : 0",AddContact 1-2,,true,,9207,446,15,30,32,984,1
1537442954829,30,Del_MainPage,200,OK,DeleteContact 2-10,text,true,,9207,446,15,30,29,0,1
1537442953843,30,Del_MainPage,200,"Number of samples in transaction : 2, number of failing samples : 0",DeleteContact 2-10,,true,,9207,446,15,30,29,988,1
1537442954875,26,Add_ContactAction,200,OK,AddContact 1-11,text,true,,2477,1511,15,30,26,0,0
1537442951929,26,Add_ContactAction,200,"Number of samples in transaction : 2, number of failing samples : 0",AddContact 1-11,,true,,2477,1511,15,30,26,2947,0
1537442955168,22,Del_ContactFrom,200,OK,DeleteContact 2-7,text,true,,3268,480,15,30,22,0,1
1537442952215,22,Del_ContactFrom,200,"Number of samples in transaction : 2, number of failing samples : 0",DeleteContact 2-7,,true,,3268,480,15,30,22,2953,1
1537442955290,43,Add_ContactForm,200,OK,AddContact 1-15,text,true,,3239,474,15,30,43,0,0
1537442954318,43,Add_ContactForm,200,"Number of samples in transaction : 2, number of failing samples : 0",AddContact 1-15,,true,,3239,474,15,30,43,972,0
1537442955336,17,Add_MainPage,200,OK,AddContact 1-3,text,true,,9170,446,15,30,16,0,1
1537442954351,17,Add_MainPage,200,"Number of samples in transaction : 2, number of failing samples : 0",AddContact 1-3,,true,,9170,446,15,30,16,985,1
1537442955305,65,Del_Contact,200,OK,DeleteContact 2-4,text,true,,2483,509,15,30,65,0,1
1537442952363,65,Del_Contact,200,"Number of samples in transaction : 2, number of failing samples : 0",DeleteContact 2-4,,true,,2483,509,15,30,65,2942,1
1537442955691,19,Del_MainPage,200,OK,DeleteContact 2-11,text,true,,9170,446,15,30,15,0,0
1537442954706,19,Del_MainPage,200,"Number of samples in transaction : 2, number of failing samples : 0",DeleteContact 2-11,,true,,9170,446,15,30,15,987,0
1537442955737,13,Add_ContactForm,200,OK,AddContact 1-2,text,true,,3239,474,15,30,13,0,0
1537442954755,13,Add_ContactForm,200,"Number of samples in transaction : 2, number of failing samples : 0",AddContact 1-2,,true,,3239,474,15,30,13,983,0
1537442955798,27,Add_ContactAction,200,OK,AddContact 1-12,text,true,,2477,1289,15,30,26,0,1
1537442952870,27,Add_ContactAction,200,"Number of samples in transaction : 2, number of failing samples : 0",AddContact 1-12,,true,,2477,1289,15,30,26,2928,1
1537442955987,31,Del_ContactFrom,200,OK,DeleteContact 2-8,text,true,,3313,481,15,30,31,0,1
1537442953071,31,Del_ContactFrom,200,"Number of samples in transaction : 2, number of failing samples : 0",DeleteContact 2-8,,true,,3313,481,15,30,31,2926,1
1537442956327,24,Add_ContactForm,200,OK,AddContact 1-3,text,true,,3239,474,15,30,23,0,0
1537442955353,24,Add_ContactForm,200,"Number of samples in transaction : 2, number of failing samples : 0",AddContact 1-3,,true,,3239,474,15,30,23,984,0
1537442956480,50,Del_Contact,200,OK,DeleteContact 2-5,text,true,,2483,510,15,30,50,0,1
1537442953564,50,Del_Contact,200,"Number of samples in transaction : 2, number of failing samples : 0",DeleteContact 2-5,,true,,2483,510,15,30,50,2927,1
1537442956527,33,Add_MainPage,200,OK,AddContact 1-4,text,true,,9060,446,15,30,32,0,0
1537442955552,33,Add_MainPage,200,"Number of samples in transaction : 2, number of failing samples : 0",AddContact 1-4,,true,,9060,446,15,30,32,985,0
1537442956665,36,Add_ContactAction,200,OK,AddContact 1-13,text,true,,2477,1295,15,30,36,0,1
1537442953731,36,Add_ContactAction,200,"Number of samples in transaction : 2, number of failing samples : 0",AddContact 1-13,,true,,2477,1295,15,30,36,2944,1
1537442956773,30,Del_MainPage,200,OK,DeleteContact 2-12,text,true,,9232,446,15,30,29,0,1
1537442955799,30,Del_MainPage,200,"Number of samples in transaction : 2, number of failing samples : 0",DeleteContact 2-12,,true,,9232,446,15,30,29,986,1
1537442956912,51,Del_ContactFrom,200,OK,DeleteContact 2-9,text,true,,3271,481,15,30,51,0,1
1537442953971,51,Del_ContactFrom,200,"Number of samples in transaction : 2, number of failing samples : 0",DeleteContact 2-9,,true,,3271,481,15,30,51,2952,1
1537442957250,25,Del_Contact,200,OK,DeleteContact 2-6,text,true,,2484,510,15,30,25,0,1
1537442954312,25,Del_Contact,200,"Number of samples in transaction : 2, number of failing samples : 0",DeleteContact 2-6,,true,,2484,510,15,30,25,2948,1
1537442957542,61,Add_ContactForm,200,OK,AddContact 1-4,text,true,,3239,474,15,30,61,0,0
1537442956560,61,Add_ContactForm,200,"Number of samples in transaction : 2, number of failing samples : 0",AddContact 1-4,,true,,3239,474,15,30,61,983,0
1537442957528,86,Del_MainPage,200,OK,DeleteContact 2-13,text,true,,8960,446,15,30,86,0,1
1537442956542,86,Del_MainPage,200,"Number of samples in transaction : 2, number of failing samples : 0",DeleteContact 2-13,,true,,8960,446,15,30,86,989,1
1537442957529,90,Add_ContactAction,200,OK,AddContact 1-14,text,true,,2477,1439,15,30,90,0,1
1537442954591,90,Add_ContactAction,200,"Number of samples in transaction : 2, number of failing samples : 0",AddContact 1-14,,true,,2477,1439,15,30,90,2949,1
1537442957562,60,Add_MainPage,200,OK,AddContact 1-5,text,true,,8960,446,15,30,60,0,1
1537442956573,60,Add_MainPage,200,"Number of samples in transaction : 2, number of failing samples : 0",AddContact 1-5,,true,,8960,446,15,30,60,990,1
1537442957558,67,Add_ContactAction,200,OK,AddContact 1-1,text,true,,2477,1157,15,30,67,0,1
1537442954618,67,Add_ContactAction,200,"Number of samples in transaction : 2, number of failing samples : 0",AddContact 1-1,,true,,2477,1157,15,30,67,2950,1
1537442957805,25,Del_ContactFrom,200,OK,DeleteContact 2-10,text,true,,3174,480,15,30,25,0,1
1537442954861,25,Del_ContactFrom,200,"Number of samples in transaction : 2, number of failing samples : 0",DeleteContact 2-10,,true,,3174,480,15,30,25,2954,1
1537442958983,46,Del_Contact,200,OK,DeleteContact 2-7,text,true,,2482,509,15,30,46,0,1
1537442955190,46,Del_Contact,200,"Number of samples in transaction : 2, number of failing samples : 0",DeleteContact 2-7,,true,,2482,509,15,30,46,3803,1
1537442959013,47,Add_ContactAction,200,OK,AddContact 1-15,text,true,,2477,1632,15,30,47,0,4
1537442955333,47,Add_ContactAction,200,"Number of samples in transaction : 2, number of failing samples : 0",AddContact 1-15,,true,,2477,1632,15,30,47,3690,4
1537442959040,66,Add_ContactForm,200,OK,AddContact 1-5,text,true,,3239,474,15,30,66,0,0
1537442957623,66,Add_ContactForm,200,"Number of samples in transaction : 2, number of failing samples : 0",AddContact 1-5,,true,,3239,474,15,30,66,1417,0
1537442959042,73,Del_ContactFrom,200,OK,DeleteContact 2-11,text,true,,3388,481,15,30,73,0,0
1537442955712,73,Del_ContactFrom,200,"Number of samples in transaction : 2, number of failing samples : 0",DeleteContact 2-11,,true,,3388,481,15,30,73,3340,0
1537442959038,89,Del_MainPage,200,OK,DeleteContact 2-14,text,true,,9402,446,15,30,81,0,1
1537442957545,89,Del_MainPage,200,"Number of samples in transaction : 2, number of failing samples : 0",DeleteContact 2-14,,true,,9402,446,15,30,81,1496,1
1537442959043,90,Del_MainPage,200,OK,DeleteContact 2-1,text,true,,9402,446,15,30,90,0,0
1537442957593,90,Del_MainPage,200,"Number of samples in transaction : 2, number of failing samples : 0",DeleteContact 2-1,,true,,9402,446,15,30,90,1452,0
1537442959050,101,Add_ContactAction,200,OK,AddContact 1-2,text,true,,2477,1391,15,30,101,0,0
1537442955751,101,Add_ContactAction,200,"Number of samples in transaction : 2, number of failing samples : 0",AddContact 1-2,,true,,2477,1391,15,30,101,3309,0
1537442959173,19,Add_MainPage,200,OK,AddContact 1-6,text,true,,9564,446,15,30,18,0,1
1537442957819,19,Add_MainPage,200,"Number of samples in transaction : 2, number of failing samples : 0",AddContact 1-6,,true,,9564,446,15,30,18,1354,1
1537442959328,32,Del_Contact,200,OK,DeleteContact 2-8,text,true,,2484,510,15,30,31,0,0
1537442956018,32,Del_Contact,200,"Number of samples in transaction : 2, number of failing samples : 0",DeleteContact 2-8,,true,,2484,510,15,30,31,3310,0
1537442959651,44,Add_ContactAction,200,OK,AddContact 1-3,text,true,,2477,1181,15,30,44,0,1
1537442956351,44,Add_ContactAction,200,"Number of samples in transaction : 2, number of failing samples : 0",AddContact 1-3,,true,,2477,1181,15,30,44,3300,1
1537442959682,25,Add_MainPage,200,OK,AddContact 1-7,text,true,,9552,446,15,30,24,0,0
1537442959032,25,Add_MainPage,200,"Number of samples in transaction : 2, number of failing samples : 0",AddContact 1-7,,true,,9552,446,15,30,24,651,0
1537442959774,19,Del_MainPage,200,OK,DeleteContact 2-15,text,true,,9552,446,15,30,18,0,0
1537442959037,19,Del_MainPage,200,"Number of samples in transaction : 2, number of failing samples : 0",DeleteContact 2-15,,true,,9552,446,15,30,18,740,0
1537442960035,21,Del_MainPage,200,OK,DeleteContact 2-2,text,true,,9552,446,15,30,20,0,1
1537442959051,21,Del_MainPage,200,"Number of samples in transaction : 2, number of failing samples : 0",DeleteContact 2-2,,true,,9552,446,15,30,20,1010,1
1537442960112,14,Del_ContactFrom,200,OK,DeleteContact 2-12,text,true,,3369,481,15,30,14,0,1
1537442956805,14,Del_ContactFrom,200,"Number of samples in transaction : 2, number of failing samples : 0",DeleteContact 2-12,,true,,3369,481,15,30,14,3307,1
1537442960173,25,Add_ContactForm,200,OK,AddContact 1-6,text,true,,3239,474,15,30,25,0,0
1537442959192,25,Add_ContactForm,200,"Number of samples in transaction : 2, number of failing samples : 0",AddContact 1-6,,true,,3239,474,15,30,25,982,0
1537442960266,23,Del_Contact,200,OK,DeleteContact 2-9,text,true,,2484,510,15,30,22,0,1
1537442956964,23,Del_Contact,200,"Number of samples in transaction : 2, number of failing samples : 0",DeleteContact 2-9,,true,,2484,510,15,30,22,3302,1
1537442960651,32,Add_MainPage,200,OK,AddContact 1-8,text,true,,9484,446,15,30,30,0,1
1537442959666,32,Add_MainPage,200,"Number of samples in transaction : 2, number of failing samples : 0",AddContact 1-8,,true,,9484,446,15,30,30,985,1
1537442960682,45,Add_ContactForm,200,OK,AddContact 1-7,text,true,,3239,474,15,30,45,0,0
1537442959708,45,Add_ContactForm,200,"Number of samples in transaction : 2, number of failing samples : 0",AddContact 1-7,,true,,3239,474,15,30,45,977,0
1537442960698,38,Del_MainPage,200,OK,DeleteContact 2-3,text,true,,9484,446,15,30,37,0,0
1537442959712,38,Del_MainPage,200,"Number of samples in transaction : 2, number of failing samples : 0",DeleteContact 2-3,,true,,9484,446,15,30,37,988,0
1537442960916,54,Del_ContactFrom,200,OK,DeleteContact 2-13,text,true,,3315,481,15,30,54,0,11
1537442957617,54,Del_ContactFrom,200,"Number of samples in transaction : 2, number of failing samples : 0",DeleteContact 2-13,,true,,3315,481,15,30,54,3300,11
1537442960913,67,Add_ContactAction,200,OK,AddContact 1-4,text,true,,2477,1301,15,30,67,0,3
1537442957604,67,Add_ContactAction,200,"Number of samples in transaction : 2, number of failing samples : 0",AddContact 1-4,,true,,2477,1301,15,30,67,3309,3
1537442961307,54,Del_Contact,200,OK,DeleteContact 2-10,text,true,,2489,509,15,30,54,0,40
1537442957830,54,Del_Contact,200,"Number of samples in transaction : 2, number of failing samples : 0",DeleteContact 2-10,,true,,2489,509,15,30,54,3478,40
1537442960440,41,Add_MainPage,200,OK,AddContact 1-9,text,true,,9597,446,15,30,40,0,12
1537442960281,41,Add_MainPage,200,"Number of samples in transaction : 2, number of failing samples : 0",AddContact 1-9,,true,,9597,446,15,30,40,1125,12
1537442960793,32,Del_MainPage,200,OK,DeleteContact 2-4,text,true,,9597,446,15,30,31,0,2
1537442960635,32,Del_MainPage,200,"Number of samples in transaction : 2, number of failing samples : 0",DeleteContact 2-4,,true,,9597,446,15,30,31,1127,2
1537442960840,12,Add_ContactForm,200,OK,AddContact 1-8,text,true,,3239,474,15,30,12,0,0
1537442960683,12,Add_ContactForm,200,"Number of samples in transaction : 2, number of failing samples : 0",AddContact 1-8,,true,,3239,474,15,30,12,1122,0
1537442961225,55,Add_ContactAction,200,OK,AddContact 1-5,text,true,,2477,1337,15,30,55,0,1
1537442959106,55,Add_ContactAction,200,"Number of samples in transaction : 2, number of failing samples : 0",AddContact 1-5,,true,,2477,1337,15,30,55,3084,1
1537442961240,45,Del_Contact,200,OK,DeleteContact 2-11,text,true,,2483,510,15,30,45,0,0
1537442959115,45,Del_Contact,200,"Number of samples in transaction : 2, number of failing samples : 0",DeleteContact 2-11,,true,,2483,510,15,30,45,3091,0
1537442961255,34,Del_ContactFrom,200,OK,DeleteContact 2-14,text,true,,3343,481,15,30,34,0,1
1537442959130,34,Del_ContactFrom,200,"Number of samples in transaction : 2, number of failing samples : 0",DeleteContact 2-14,,true,,3343,481,15,30,34,3090,1
1537442961256,35,Del_ContactFrom,200,OK,DeleteContact 2-1,text,true,,3360,481,15,30,35,0,1
1537442959135,35,Del_ContactFrom,200,"Number of samples in transaction : 2, number of failing samples : 0",DeleteContact 2-1,,true,,3360,481,15,30,35,3086,1
1537442961363,28,Add_MainPage,200,OK,AddContact 1-10,text,true,,9560,446,15,30,27,0,1
1537442961348,28,Add_MainPage,200,"Number of samples in transaction : 2, number of failing samples : 0",AddContact 1-10,,true,,9560,446,15,30,27,980,1
1537442961456,26,Add_ContactForm,200,OK,AddContact 1-9,text,true,,3239,474,15,30,26,0,0
1537442960482,26,Add_ContactForm,200,"Number of samples in transaction : 2, number of failing samples : 0",AddContact 1-9,,true,,3239,474,15,30,26,975,0
1537442961902,25,Del_ContactFrom,200,OK,DeleteContact 2-15,text,true,,3389,481,15,30,25,0,1
1537442959796,25,Del_ContactFrom,200,"Number of samples in transaction : 2, number of failing samples : 0",DeleteContact 2-15,,true,,3389,481,15,30,25,3072,1
1537442961949,33,Del_MainPage,200,OK,DeleteContact 2-5,text,true,,9560,446,15,30,32,0,1
1537442960979,33,Del_MainPage,200,"Number of samples in transaction : 2, number of failing samples : 0",DeleteContact 2-5,,true,,9560,446,15,30,32,972,1
1537442962194,23,Del_ContactFrom,200,OK,DeleteContact 2-2,text,true,,3360,481,15,30,23,0,1
1537442960082,23,Del_ContactFrom,200,"Number of samples in transaction : 2, number of failing samples : 0",DeleteContact 2-2,,true,,3360,481,15,30,23,3078,1
1537442962226,70,Del_Contact,200,OK,DeleteContact 2-12,text,true,,2484,510,15,30,69,0,0
1537442960126,70,Del_Contact,200,"Number of samples in transaction : 2, number of failing samples : 0",DeleteContact 2-12,,true,,2484,510,15,30,69,3065,0
1537442962270,46,Add_MainPage,200,OK,AddContact 1-11,text,true,,9370,446,15,30,45,0,1
1537442961302,46,Add_MainPage,200,"Number of samples in transaction : 2, number of failing samples : 0",AddContact 1-11,,true,,9370,446,15,30,45,969,1
1537442962301,34,Add_ContactAction,200,OK,AddContact 1-6,text,true,,2477,1289,15,30,34,0,1
1537442960199,34,Add_ContactAction,200,"Number of samples in transaction : 2, number of failing samples : 0",AddContact 1-6,,true,,2477,1289,15,30,34,3067,1
1537442962348,12,Add_ContactForm,200,OK,AddContact 1-10,text,true,,3239,474,15,30,12,0,0
1537442961391,12,Add_ContactForm,200,"Number of samples in transaction : 2, number of failing samples : 0",AddContact 1-10,,true,,3239,474,15,30,12,958,0
1537442962687,33,Del_MainPage,200,OK,DeleteContact 2-6,text,true,,9509,446,15,30,31,0,1
1537442961702,33,Del_MainPage,200,"Number of samples in transaction : 2, number of failing samples : 0",DeleteContact 2-6,,true,,9509,446,15,30,31,989,1
1537442962842,37,Del_ContactFrom,200,OK,DeleteContact 2-3,text,true,,3334,481,15,30,37,0,1
1537442960738,37,Del_ContactFrom,200,"Number of samples in transaction : 2, number of failing samples : 0",DeleteContact 2-3,,true,,3334,481,15,30,37,3071,1
1537442962841,44,Add_ContactAction,200,OK,AddContact 1-7,text,true,,2477,1235,15,30,44,0,1
1537442960730,44,Add_ContactAction,200,"Number of samples in transaction : 2, number of failing samples : 0",AddContact 1-7,,true,,2477,1235,15,30,44,3076,1
1537442963073,34,Del_Contact,200,OK,DeleteContact 2-13,text,true,,2484,510,15,30,34,0,0
1537442960971,34,Del_Contact,200,"Number of samples in transaction : 2, number of failing samples : 0",DeleteContact 2-13,,true,,2484,510,15,30,34,3067,0
1537442963196,20,Add_MainPage,200,OK,AddContact 1-12,text,true,,9485,446,15,30,19,0,1
1537442962209,20,Add_MainPage,200,"Number of samples in transaction : 2, number of failing samples : 0",AddContact 1-12,,true,,9485,446,15,30,19,988,1
1537442963287,25,Add_ContactForm,200,OK,AddContact 1-11,text,true,,3239,474,15,30,25,0,0
1537442962317,25,Add_ContactForm,200,"Number of samples in transaction : 2, number of failing samples : 0",AddContact 1-11,,true,,3239,474,15,30,25,970,0
1537442963764,71,Del_ContactFrom,200,OK,DeleteContact 2-4,text,true,,3334,481,15,30,71,0,1
1537442960829,71,Del_ContactFrom,200,"Number of samples in transaction : 2, number of failing samples : 0",DeleteContact 2-4,,true,,3334,481,15,30,71,2936,1
1537442963749,90,Del_MainPage,200,OK,DeleteContact 2-7,text,true,,9485,446,15,30,89,0,1
1537442962764,90,Del_MainPage,200,"Number of samples in transaction : 2, number of failing samples : 0",DeleteContact 2-7,,true,,9485,446,15,30,89,987,1
1537442963792,182,Add_ContactAction,200,OK,AddContact 1-8,text,true,,2477,1127,15,30,182,0,0
1537442960852,182,Add_ContactAction,200,"Number of samples in transaction : 2, number of failing samples : 0",AddContact 1-8,,true,,2477,1127,15,30,182,2940,0
1537442964088,34,Add_MainPage,200,OK,AddContact 1-13,text,true,,9586,446,15,30,33,0,0
1537442963101,34,Add_MainPage,200,"Number of samples in transaction : 2, number of failing samples : 0",AddContact 1-13,,true,,9586,446,15,30,33,988,0
1537442964195,24,Add_ContactForm,200,OK,AddContact 1-12,text,true,,3239,474,15,30,24,0,0
1537442963217,24,Add_ContactForm,200,"Number of samples in transaction : 2, number of failing samples : 0",AddContact 1-12,,true,,3239,474,15,30,24,979,0
1537442964226,40,Del_Contact,200,OK,DeleteContact 2-14,text,true,,2484,510,15,30,40,0,1
1537442961289,40,Del_Contact,200,"Number of samples in transaction : 2, number of failing samples : 0",DeleteContact 2-14,,true,,2484,510,15,30,40,2984,1
1537442964228,89,Del_Contact,200,OK,DeleteContact 2-1,text,true,,2483,510,15,30,89,0,1
1537442961291,89,Del_Contact,200,"Number of samples in transaction : 2, number of failing samples : 0",DeleteContact 2-1,,true,,2483,510,15,30,89,2937,1
1537442964410,56,Add_ContactAction,200,OK,AddContact 1-9,text,true,,2477,1409,15,30,56,0,1
1537442961483,56,Add_ContactAction,200,"Number of samples in transaction : 2, number of failing samples : 0",AddContact 1-9,,true,,2477,1409,15,30,56,2928,1
1537442964426,44,Del_MainPage,200,OK,DeleteContact 2-8,text,true,,9269,446,15,30,43,0,0
1537442963440,44,Del_MainPage,200,"Number of samples in transaction : 2, number of failing samples : 0",DeleteContact 2-8,,true,,9269,446,15,30,43,988,0
1537442964857,48,Del_Contact,200,OK,DeleteContact 2-15,text,true,,2484,510,15,30,48,0,0
1537442961928,48,Del_Contact,200,"Number of samples in transaction : 2, number of failing samples : 0",DeleteContact 2-15,,true,,2484,510,15,30,48,2929,0
1537442964918,14,Del_ContactFrom,200,OK,DeleteContact 2-5,text,true,,3334,481,15,30,14,0,0
1537442961984,14,Del_ContactFrom,200,"Number of samples in transaction : 2, number of failing samples : 0",DeleteContact 2-5,,true,,3334,481,15,30,14,2934,0
1537442965010,50,Add_MainPage,200,OK,AddContact 1-1,text,true,,9244,446,15,30,49,0,1
1537442964026,50,Add_MainPage,200,"Number of samples in transaction : 2, number of failing samples : 0",AddContact 1-1,,true,,9244,446,15,30,49,984,1
1537442965012,51,Add_MainPage,200,OK,AddContact 1-14,text,true,,9244,446,15,30,50,0,1
1537442964026,51,Add_MainPage,200,"Number of samples in transaction : 2, number of failing samples : 0",AddContact 1-14,,true,,9244,446,15,30,50,987,1
1537442965103,13,Add_ContactForm,200,OK,AddContact 1-13,text,true,,3239,474,15,30,13,0,0
1537442964123,13,Add_ContactForm,200,"Number of samples in transaction : 2, number of failing samples : 0",AddContact 1-13,,true,,3239,474,15,30,13,981,0
1537442965149,13,Del_Contact,200,OK,DeleteContact 2-2,text,true,,2489,510,15,30,13,0,0
1537442962218,13,Del_Contact,200,"Number of samples in transaction : 2, number of failing samples : 0",DeleteContact 2-2,,true,,2489,510,15,30,13,2931,0
1537442965288,87,Add_ContactAction,200,OK,AddContact 1-10,text,true,,2477,1686,15,30,87,0,2
1537442962361,87,Add_ContactAction,200,"Number of samples in transaction : 2, number of failing samples : 0",AddContact 1-10,,true,,2477,1686,15,30,87,2927,2
1537442964858,29,Del_MainPage,200,OK,DeleteContact 2-9,text,true,,9244,446,15,30,28,0,0
1537442964363,29,Del_MainPage,200,"Number of samples in transaction : 2, number of failing samples : 0",DeleteContact 2-9,,true,,9244,446,15,30,28,988,0
1537442965160,26,Del_ContactFrom,200,OK,DeleteContact 2-6,text,true,,3376,481,15,30,26,0,1
1537442962724,26,Del_ContactFrom,200,"Number of samples in transaction : 2, number of failing samples : 0",DeleteContact 2-6,,true,,3376,481,15,30,26,2927,1
1537442965320,39,Del_Contact,200,OK,DeleteContact 2-3,text,true,,2484,510,15,30,39,0,1
1537442962881,39,Del_Contact,200,"Number of samples in transaction : 2, number of failing samples : 0",DeleteContact 2-3,,true,,2484,510,15,30,39,2931,1
1537442965551,56,Add_ContactForm,200,OK,AddContact 1-1,text,true,,3239,474,15,30,56,0,0
1537442965060,56,Add_ContactForm,200,"Number of samples in transaction : 2, number of failing samples : 0",AddContact 1-1,,true,,3239,474,15,30,56,982,0
1537442965552,57,Add_ContactForm,200,OK,AddContact 1-14,text,true,,3239,474,15,30,57,0,0
1537442965064,57,Add_ContactForm,200,"Number of samples in transaction : 2, number of failing samples : 0",AddContact 1-14,,true,,3239,474,15,30,57,980,0
1537442965566,50,Add_MainPage,200,OK,AddContact 1-15,text,true,,9333,446,15,30,50,0,1
1537442965072,50,Add_MainPage,200,"Number of samples in transaction : 2, number of failing samples : 0",AddContact 1-15,,true,,9333,446,15,30,50,986,1
1537442965685,38,Add_MainPage,200,OK,AddContact 1-2,text,true,,9333,446,15,30,36,0,0
1537442965179,38,Add_MainPage,200,"Number of samples in transaction : 2, number of failing samples : 0",AddContact 1-2,,true,,9333,446,15,30,36,997,0
1537442965750,59,Add_ContactAction,200,OK,AddContact 1-11,text,true,,2477,1121,15,30,59,0,14
1537442963312,59,Add_ContactAction,200,"Number of samples in transaction : 2, number of failing samples : 0",AddContact 1-11,,true,,2477,1121,15,30,59,2929,14
1537442965798,18,Del_MainPage,200,OK,DeleteContact 2-10,text,true,,9433,446,15,30,18,0,0
1537442965316,18,Del_MainPage,200,"Number of samples in transaction : 2, number of failing samples : 0",DeleteContact 2-10,,true,,9433,446,15,30,18,990,0
1537442966212,31,Add_MainPage,200,OK,AddContact 1-3,text,true,,9433,446,15,30,31,0,2
1537442965228,31,Add_MainPage,200,"Number of samples in transaction : 2, number of failing samples : 0",AddContact 1-3,,true,,9433,446,15,30,31,985,2
1537442966274,36,Del_Contact,200,OK,DeleteContact 2-4,text,true,,2490,510,15,30,36,0,1
1537442963836,36,Del_Contact,200,"Number of samples in transaction : 2, number of failing samples : 0",DeleteContact 2-4,,true,,2490,510,15,30,36,2930,1
1537442966289,24,Del_ContactFrom,200,OK,DeleteContact 2-7,text,true,,3363,481,15,30,24,0,0
1537442963841,24,Del_ContactFrom,200,"Number of samples in transaction : 2, number of failing samples : 0",DeleteContact 2-7,,true,,3363,481,15,30,24,2941,0
1537442966597,25,Add_ContactForm,200,OK,AddContact 1-15,text,true,,3239,474,15,30,24,0,0
1537442965617,25,Add_ContactForm,200,"Number of samples in transaction : 2, number of failing samples : 0",AddContact 1-15,,true,,3239,474,15,30,24,980,0
1537442966674,33,Del_MainPage,200,OK,DeleteContact 2-11,text,true,,9433,446,15,30,32,0,1
1537442965699,33,Del_MainPage,200,"Number of samples in transaction : 2, number of failing samples : 0",DeleteContact 2-11,,true,,9433,446,15,30,32,982,1
1537442966659,66,Add_ContactAction,200,OK,AddContact 1-12,text,true,,2477,1547,15,30,66,0,1
1537442964220,66,Add_ContactAction,200,"Number of samples in transaction : 2, number of failing samples : 0",AddContact 1-12,,true,,2477,1547,15,30,66,2930,1
1537442966704,25,Add_ContactForm,200,OK,AddContact 1-2,text,true,,3239,474,15,30,25,0,0
1537442965723,25,Add_ContactForm,200,"Number of samples in transaction : 2, number of failing samples : 0",AddContact 1-2,,true,,3239,474,15,30,25,982,0
1537442966920,16,Del_ContactFrom,200,OK,DeleteContact 2-8,text,true,,3372,481,15,30,16,0,1
1537442964472,16,Del_ContactFrom,200,"Number of samples in transaction : 2, number of failing samples : 0",DeleteContact 2-8,,true,,3372,481,15,30,16,2939,1
1537442967228,22,Add_ContactForm,200,OK,AddContact 1-3,text,true,,3239,474,15,30,22,0,0
1537442966244,22,Add_ContactForm,200,"Number of samples in transaction : 2, number of failing samples : 0",AddContact 1-3,,true,,3239,474,15,30,22,984,0
1537442967367,39,Del_Contact,200,OK,DeleteContact 2-5,text,true,,2484,510,15,30,39,0,0
1537442964932,39,Del_Contact,200,"Number of samples in transaction : 2, number of failing samples : 0",DeleteContact 2-5,,true,,2484,510,15,30,39,2926,0
1537442967489,28,Add_MainPage,200,OK,AddContact 1-4,text,true,,9520,446,15,30,27,0,1
1537442966505,28,Add_MainPage,200,"Number of samples in transaction : 2, number of failing samples : 0",AddContact 1-4,,true,,9520,446,15,30,27,984,1
1537442967552,17,Add_ContactAction,200,OK,AddContact 1-13,text,true,,2477,1469,15,30,17,0,0
1537442965117,17,Add_ContactAction,200,"Number of samples in transaction : 2, number of failing samples : 0",AddContact 1-13,,true,,2477,1469,15,30,17,2926,0
1537442967675,35,Del_MainPage,200,OK,DeleteContact 2-12,text,true,,9697,446,15,30,33,0,0
1537442966689,35,Del_MainPage,200,"Number of samples in transaction : 2, number of failing samples : 0",DeleteContact 2-12,,true,,9697,446,15,30,33,995,0
1537442967828,25,Del_ContactFrom,200,OK,DeleteContact 2-9,text,true,,3293,481,15,30,25,0,1
1537442964889,25,Del_ContactFrom,200,"Number of samples in transaction : 2, number of failing samples : 0",DeleteContact 2-9,,true,,3293,481,15,30,25,2975,1
1537442968136,27,Del_Contact,200,OK,DeleteContact 2-6,text,true,,2484,510,15,30,27,0,1
1537442965186,27,Del_Contact,200,"Number of samples in transaction : 2, number of failing samples : 0",DeleteContact 2-6,,true,,2484,510,15,30,27,2950,1
1537442968491,35,Add_ContactForm,200,OK,AddContact 1-4,text,true,,3239,474,15,30,35,0,0
1537442967517,35,Add_ContactForm,200,"Number of samples in transaction : 2, number of failing samples : 0",AddContact 1-4,,true,,3239,474,15,30,35,975,0
1537442968490,42,Del_MainPage,200,OK,DeleteContact 2-13,text,true,,9490,446,15,30,41,0,1
1537442967505,42,Del_MainPage,200,"Number of samples in transaction : 2, number of failing samples : 0",DeleteContact 2-13,,true,,9490,446,15,30,41,988,1
1537442968536,28,Add_ContactAction,200,OK,AddContact 1-1,text,true,,2477,1457,15,30,28,0,0
1537442965607,28,Add_ContactAction,200,"Number of samples in transaction : 2, number of failing samples : 0",AddContact 1-1,,true,,2477,1457,15,30,28,2929,0
1537442968536,32,Add_ContactAction,200,OK,AddContact 1-14,text,true,,2477,1535,15,30,31,0,1
1537442965610,32,Add_ContactAction,200,"Number of samples in transaction : 2, number of failing samples : 0",AddContact 1-14,,true,,2477,1535,15,30,31,2926,1
1537442968613,28,Add_MainPage,200,OK,AddContact 1-5,text,true,,9867,446,15,30,27,0,1
1537442967628,28,Add_MainPage,200,"Number of samples in transaction : 2, number of failing samples : 0",AddContact 1-5,,true,,9867,446,15,30,27,985,1
1537442968767,26,Del_ContactFrom,200,OK,DeleteContact 2-10,text,true,,3404,481,15,30,25,0,1
1537442965833,26,Del_ContactFrom,200,"Number of samples in transaction : 2, number of failing samples : 0",DeleteContact 2-10,,true,,3404,481,15,30,25,2934,1
1537442969259,27,Del_Contact,200,OK,DeleteContact 2-7,text,true,,2484,510,15,30,27,0,1
1537442966315,27,Del_Contact,200,"Number of samples in transaction : 2, number of failing samples : 0",DeleteContact 2-7,,true,,2484,510,15,30,27,2944,1
1537442969567,28,Add_ContactAction,200,OK,AddContact 1-15,text,true,,2477,1523,15,30,28,0,1
1537442966622,28,Add_ContactAction,200,"Number of samples in transaction : 2, number of failing samples : 0",AddContact 1-15,,true,,2477,1523,15,30,28,2945,1
1537442969613,23,Add_ContactForm,200,OK,AddContact 1-5,text,true,,3239,474,15,30,23,0,0
1537442968641,23,Add_ContactForm,200,"Number of samples in transaction : 2, number of failing samples : 0",AddContact 1-5,,true,,3239,474,15,30,23,973,0
1537442969660,28,Del_ContactFrom,200,OK,DeleteContact 2-11,text,true,,3254,481,15,30,27,0,0
1537442966714,28,Del_ContactFrom,200,"Number of samples in transaction : 2, number of failing samples : 0",DeleteContact 2-11,,true,,3254,481,15,30,27,2946,0
1537442969674,76,Add_ContactAction,200,OK,AddContact 1-2,text,true,,2477,1307,15,30,76,0,1
1537442966730,76,Add_ContactAction,200,"Number of samples in transaction : 2, number of failing samples : 0",AddContact 1-2,,true,,2477,1307,15,30,76,2944,1
1537442969689,77,Del_MainPage,200,OK,DeleteContact 2-14,text,true,,10025,446,15,30,77,0,1
1537442968704,77,Del_MainPage,200,"Number of samples in transaction : 2, number of failing samples : 0",DeleteContact 2-14,,true,,10025,446,15,30,77,987,1
1537442969690,81,Add_MainPage,200,OK,AddContact 1-6,text,true,,10025,446,15,30,80,0,27
1537442968705,81,Add_MainPage,200,"Number of samples in transaction : 2, number of failing samples : 0",AddContact 1-6,,true,,10025,446,15,30,80,985,27
1537442969717,57,Del_MainPage,200,OK,DeleteContact 2-1,text,true,,10025,446,15,30,56,0,1
1537442968705,57,Del_MainPage,200,"Number of samples in transaction : 2, number of failing samples : 0",DeleteContact 2-1,,true,,10025,446,15,30,56,1027,1
1537442969815,24,Del_Contact,200,OK,DeleteContact 2-8,text,true,,2483,510,15,30,24,0,1
1537442966937,24,Del_Contact,200,"Number of samples in transaction : 2, number of failing samples : 0",DeleteContact 2-8,,true,,2483,510,15,30,24,2953,1
1537442970123,29,Add_ContactAction,200,OK,AddContact 1-3,text,true,,2477,1662,15,30,29,0,2
1537442967250,29,Add_ContactAction,200,"Number of samples in transaction : 2, number of failing samples : 0",AddContact 1-3,,true,,2477,1662,15,30,29,2948,2
1537442970153,18,Add_MainPage,200,OK,AddContact 1-7,text,true,,10083,446,15,30,17,0,1
1537442969244,18,Add_MainPage,200,"Number of samples in transaction : 2, number of failing samples : 0",AddContact 1-7,,true,,10083,446,15,30,17,984,1
1537442970231,357,Del_MainPage,200,OK,DeleteContact 2-15,text,true,,10083,446,15,30,32,0,1
1537442969321,357,Del_MainPage,200,"Number of samples in transaction : 2, number of failing samples : 0",DeleteContact 2-15,,true,,10083,446,15,30,32,988,1
1537442970584,37,Del_ContactFrom,200,OK,DeleteContact 2-12,text,true,,3404,481,15,30,37,0,1
1537442967719,37,Del_ContactFrom,200,"Number of samples in transaction : 2, number of failing samples : 0",DeleteContact 2-12,,true,,3404,481,15,30,37,2941,1
1537442970476,148,Del_MainPage,200,OK,DeleteContact 2-2,text,true,,10083,446,15,30,148,0,1
1537442969567,148,Del_MainPage,200,"Number of samples in transaction : 2, number of failing samples : 0",DeleteContact 2-2,,true,,10083,446,15,30,148,986,1
1537442970677,28,Add_ContactForm,200,OK,AddContact 1-6,text,true,,3239,474,15,30,28,0,0
1537442969696,28,Add_ContactForm,200,"Number of samples in transaction : 2, number of failing samples : 0",AddContact 1-6,,true,,3239,474,15,30,28,982,0
1537442970769,19,Del_Contact,200,OK,DeleteContact 2-9,text,true,,2484,510,15,30,19,0,1
1537442967889,19,Del_Contact,200,"Number of samples in transaction : 2, number of failing samples : 0",DeleteContact 2-9,,true,,2484,510,15,30,19,2955,1
1537442971154,41,Add_ContactForm,200,OK,AddContact 1-7,text,true,,3239,474,15,30,41,0,0
1537442970171,41,Add_ContactForm,200,"Number of samples in transaction : 2, number of failing samples : 0",AddContact 1-7,,true,,3239,474,15,30,41,983,0
1537442971169,32,Del_MainPage,200,OK,DeleteContact 2-3,text,true,,9972,446,15,30,32,0,1
1537442970185,32,Del_MainPage,200,"Number of samples in transaction : 2, number of failing samples : 0",DeleteContact 2-3,,true,,9972,446,15,30,32,988,1
1537442971246,28,Add_MainPage,200,OK,AddContact 1-8,text,true,,9972,446,15,30,26,0,0
1537442970261,28,Add_MainPage,200,"Number of samples in transaction : 2, number of failing samples : 0",AddContact 1-8,,true,,9972,446,15,30,26,985,0
1537442971402,37,Del_ContactFrom,200,OK,DeleteContact 2-13,text,true,,3254,481,15,30,37,0,1
1537442968535,37,Del_ContactFrom,200,"Number of samples in transaction : 2, number of failing samples : 0",DeleteContact 2-13,,true,,3254,481,15,30,37,2942,1
1537442971401,40,Add_ContactAction,200,OK,AddContact 1-4,text,true,,2477,1481,15,30,40,0,1
1537442968527,40,Add_ContactAction,200,"Number of samples in transaction : 2, number of failing samples : 0",AddContact 1-4,,true,,2477,1481,15,30,40,2949,1
1537442971662,28,Del_Contact,200,OK,DeleteContact 2-10,text,true,,2484,510,15,30,28,0,1
1537442968793,28,Del_Contact,200,"Number of samples in transaction : 2, number of failing samples : 0",DeleteContact 2-10,,true,,2484,510,15,30,28,2944,1
1537442971739,32,Add_MainPage,200,OK,AddContact 1-9,text,true,,9944,446,15,30,30,0,0
1537442970754,32,Add_MainPage,200,"Number of samples in transaction : 2, number of failing samples : 0",AddContact 1-9,,true,,9944,446,15,30,30,985,0
1537442972140,28,Del_MainPage,200,OK,DeleteContact 2-4,text,true,,9944,446,15,30,27,0,0
1537442971154,28,Del_MainPage,200,"Number of samples in transaction : 2, number of failing samples : 0",DeleteContact 2-4,,true,,9944,446,15,30,27,988,0
1537442972247,25,Add_ContactForm,200,OK,AddContact 1-8,text,true,,3239,474,15,30,25,0,0
1537442971275,25,Add_ContactForm,200,"Number of samples in transaction : 2, number of failing samples : 0",AddContact 1-8,,true,,3239,474,15,30,25,972,0
1537442972508,33,Add_ContactAction,200,OK,AddContact 1-5,text,true,,2477,1547,15,30,33,0,1
1537442969637,33,Add_ContactAction,200,"Number of samples in transaction : 2, number of failing samples : 0",AddContact 1-5,,true,,2477,1547,15,30,33,2946,1
1537442972554,59,Del_Contact,200,OK,DeleteContact 2-11,text,true,,2484,510,15,30,59,0,0
1537442969688,59,Del_Contact,200,"Number of samples in transaction : 2, number of failing samples : 0",DeleteContact 2-11,,true,,2484,510,15,30,59,2941,0
1537442972647,50,Del_ContactFrom,200,OK,DeleteContact 2-14,text,true,,3367,481,15,30,50,0,1
1537442969693,50,Del_ContactFrom,200,"Number of samples in transaction : 2, number of failing samples : 0",DeleteContact 2-14,,true,,3367,481,15,30,50,2954,1
1537442972668,34,Del_ContactFrom,200,OK,DeleteContact 2-1,text,true,,3327,481,15,30,34,0,0
1537442969714,34,Del_ContactFrom,200,"Number of samples in transaction : 2, number of failing samples : 0",DeleteContact 2-1,,true,,3327,481,15,30,34,2954,0
1537442972662,43,Add_MainPage,200,OK,AddContact 1-10,text,true,,10072,446,15,30,42,0,1
1537442971677,43,Add_MainPage,200,"Number of samples in transaction : 2, number of failing samples : 0",AddContact 1-10,,true,,10072,446,15,30,42,985,1
1537442972754,14,Add_ContactForm,200,OK,AddContact 1-9,text,true,,3239,474,15,30,14,0,0
1537442971771,14,Add_ContactForm,200,"Number of samples in transaction : 2, number of failing samples : 0",AddContact 1-9,,true,,3239,474,15,30,14,984,0
1537442973231,30,Del_MainPage,200,OK,DeleteContact 2-5,text,true,,10072,446,15,30,29,0,1
1537442972248,30,Del_MainPage,200,"Number of samples in transaction : 2, number of failing samples : 0",DeleteContact 2-5,,true,,10072,446,15,30,29,985,1
1537442973539,28,Del_ContactFrom,200,OK,DeleteContact 2-15,text,true,,3406,481,15,30,28,0,1
1537442970591,28,Del_ContactFrom,200,"Number of samples in transaction : 2, number of failing samples : 0",DeleteContact 2-15,,true,,3406,481,15,30,28,2949,1
1537442973569,57,Del_Contact,200,OK,DeleteContact 2-12,text,true,,2489,510,15,30,57,0,1
1537442970622,57,Del_Contact,200,"Number of samples in transaction : 2, number of failing samples : 0",DeleteContact 2-12,,true,,2489,510,15,30,57,2947,1
1537442973570,60,Del_ContactFrom,200,OK,DeleteContact 2-2,text,true,,3328,481,15,30,60,0,1
1537442970626,60,Del_ContactFrom,200,"Number of samples in transaction : 2, number of failing samples : 0",DeleteContact 2-2,,true,,3328,481,15,30,60,2944,1
1537442973585,51,Add_MainPage,200,OK,AddContact 1-11,text,true,,10072,446,15,30,50,0,1
1537442972600,51,Add_MainPage,200,"Number of samples in transaction : 2, number of failing samples : 0",AddContact 1-11,,true,,10072,446,15,30,50,1032,1
1537442973684,29,Add_ContactForm,200,OK,AddContact 1-10,text,true,,3239,474,15,30,29,0,0
1537442972705,29,Add_ContactForm,200,"Number of samples in transaction : 2, number of failing samples : 0",AddContact 1-10,,true,,3239,474,15,30,29,980,0
1537442973683,36,Add_ContactAction,200,OK,AddContact 1-6,text,true,,2477,1181,15,30,36,0,1
1537442970706,36,Add_ContactAction,200,"Number of samples in transaction : 2, number of failing samples : 0",AddContact 1-6,,true,,2477,1181,15,30,36,2977,1
1537442973986,37,Del_MainPage,200,OK,DeleteContact 2-6,text,true,,10173,446,15,30,35,0,1
1537442973001,37,Del_MainPage,200,"Number of samples in transaction : 2, number of failing samples : 0",DeleteContact 2-6,,true,,10173,446,15,30,35,1017,1
1537442974139,79,Del_ContactFrom,200,OK,DeleteContact 2-3,text,true,,3367,481,15,30,79,0,1
1537442971205,79,Del_ContactFrom,200,"Number of samples in transaction : 2, number of failing samples : 0",DeleteContact 2-3,,true,,3367,481,15,30,79,2934,1
1537442974124,121,Add_ContactAction,200,OK,AddContact 1-7,text,true,,2477,1620,15,30,121,0,1
1537442971195,121,Add_ContactAction,200,"Number of samples in transaction : 2, number of failing samples : 0",AddContact 1-7,,true,,2477,1620,15,30,121,2930,1
1537442974370,23,Del_Contact,200,OK,DeleteContact 2-13,text,true,,2489,510,15,30,23,0,1
1537442971439,23,Del_Contact,200,"Number of samples in transaction : 2, number of failing samples : 0",DeleteContact 2-13,,true,,2489,510,15,30,23,2933,1
1537442974509,32,Add_MainPage,200,OK,AddContact 1-12,text,true,,10388,446,15,30,30,0,0
1537442973525,32,Add_MainPage,200,"Number of samples in transaction : 2, number of failing samples : 0",AddContact 1-12,,true,,10388,446,15,30,30,984,0
1537442974615,24,Add_ContactForm,200,OK,AddContact 1-11,text,true,,3239,474,15,30,24,0,0
1537442973683,24,Add_ContactForm,200,"Number of samples in transaction : 2, number of failing samples : 0",AddContact 1-11,,true,,3239,474,15,30,24,981,0
1537442975062,26,Del_ContactFrom,200,OK,DeleteContact 2-4,text,true,,3358,481,15,30,26,0,1
1537442972170,26,Del_ContactFrom,200,"Number of samples in transaction : 2, number of failing samples : 0",DeleteContact 2-4,,true,,3358,481,15,30,26,2940,1
1537442975046,45,Del_MainPage,200,OK,DeleteContact 2-7,text,true,,10388,446,15,30,44,0,1
1537442974108,45,Del_MainPage,200,"Number of samples in transaction : 2, number of failing samples : 0",DeleteContact 2-7,,true,,10388,446,15,30,44,988,1
1537442975154,27,Add_ContactAction,200,OK,AddContact 1-8,text,true,,2477,1463,15,30,27,0,1
1537442972272,27,Add_ContactAction,200,"Number of samples in transaction : 2, number of failing samples : 0",AddContact 1-8,,true,,2477,1463,15,30,27,2930,1
1537442975306,34,Add_MainPage,200,OK,AddContact 1-13,text,true,,10600,446,15,30,33,0,1
1537442974372,34,Add_MainPage,200,"Number of samples in transaction : 2, number of failing samples : 0",AddContact 1-13,,true,,10600,446,15,30,33,982,1
1537442975476,28,Add_ContactForm,200,OK,AddContact 1-12,text,true,,3239,474,15,30,27,0,0
1537442974541,28,Add_ContactForm,200,"Number of samples in transaction : 2, number of failing samples : 0",AddContact 1-12,,true,,3239,474,15,30,27,983,0
1537442975584,38,Del_Contact,200,OK,DeleteContact 2-14,text,true,,2484,510,15,30,38,0,1
1537442972697,38,Del_Contact,200,"Number of samples in transaction : 2, number of failing samples : 0",DeleteContact 2-14,,true,,2484,510,15,30,38,2935,1
1537442975586,40,Del_Contact,200,OK,DeleteContact 2-1,text,true,,2484,510,15,30,40,0,1
1537442972702,40,Del_Contact,200,"Number of samples in transaction : 2, number of failing samples : 0",DeleteContact 2-1,,true,,2484,510,15,30,40,2932,1
1537442975645,17,Add_ContactAction,200,OK,AddContact 1-9,text,true,,2477,1283,15,30,17,0,1
1537442972769,17,Add_ContactAction,200,"Number of samples in transaction : 2, number of failing samples : 0",AddContact 1-9,,true,,2477,1283,15,30,17,2924,1
1537442975677,17,Del_MainPage,200,OK,DeleteContact 2-8,text,true,,10399,446,15,30,16,0,1
1537442974692,17,Del_MainPage,200,"Number of samples in transaction : 2, number of failing samples : 0",DeleteContact 2-8,,true,,10399,446,15,30,16,987,1
1537442976153,24,Del_ContactFrom,200,OK,DeleteContact 2-5,text,true,,3391,481,15,30,24,0,1
1537442973263,24,Del_ContactFrom,200,"Number of samples in transaction : 2, number of failing samples : 0",DeleteContact 2-5,,true,,3391,481,15,30,24,2938,1
1537442976322,29,Add_ContactForm,200,OK,AddContact 1-13,text,true,,3239,474,15,30,29,0,0
1537442975340,29,Add_ContactForm,200,"Number of samples in transaction : 2, number of failing samples : 0",AddContact 1-13,,true,,3239,474,15,30,29,982,0
1537442976291,69,Add_MainPage,200,OK,AddContact 1-1,text,true,,10399,446,15,30,68,0,1
1537442975308,69,Add_MainPage,200,"Number of samples in transaction : 2, number of failing samples : 0",AddContact 1-1,,true,,10399,446,15,30,68,983,1
1537442976307,56,Add_MainPage,200,OK,AddContact 1-14,text,true,,10399,446,15,30,55,0,1
1537442975322,56,Add_MainPage,200,"Number of samples in transaction : 2, number of failing samples : 0",AddContact 1-14,,true,,10399,446,15,30,55,985,1
1537442976446,28,Del_Contact,200,OK,DeleteContact 2-15,text,true,,2484,510,15,30,28,0,1
1537442973568,28,Del_Contact,200,"Number of samples in transaction : 2, number of failing samples : 0",DeleteContact 2-15,,true,,2484,510,15,30,28,2926,1
1537442976508,18,Del_Contact,200,OK,DeleteContact 2-2,text,true,,2484,510,15,30,18,0,0
1537442973630,18,Del_Contact,200,"Number of samples in transaction : 2, number of failing samples : 0",DeleteContact 2-2,,true,,2484,510,15,30,18,2926,0
1537442976600,29,Add_ContactAction,200,OK,AddContact 1-10,text,true,,2477,1103,15,30,29,0,1
1537442973714,29,Add_ContactAction,200,"Number of samples in transaction : 2, number of failing samples : 0",AddContact 1-10,,true,,2477,1103,15,30,29,2934,1
1537442976630,34,Del_MainPage,200,OK,DeleteContact 2-9,text,true,,10123,446,15,30,31,0,1
1537442975646,34,Del_MainPage,200,"Number of samples in transaction : 2, number of failing samples : 0",DeleteContact 2-9,,true,,10123,446,15,30,31,988,1
1537442976938,25,Del_ContactFrom,200,OK,DeleteContact 2-6,text,true,,3346,481,15,30,25,0,1
1537442974055,25,Del_ContactFrom,200,"Number of samples in transaction : 2, number of failing samples : 0",DeleteContact 2-6,,true,,3346,481,15,30,25,2932,1
1537442977123,146,Del_Contact,200,OK,DeleteContact 2-3,text,true,,2483,510,15,30,146,0,1
1537442974218,146,Del_Contact,200,"Number of samples in transaction : 2, number of failing samples : 0",DeleteContact 2-3,,true,,2483,510,15,30,146,2954,1
1537442977338,32,Add_ContactForm,200,OK,AddContact 1-1,text,true,,3239,474,15,30,32,0,0
1537442976360,32,Add_ContactForm,200,"Number of samples in transaction : 2, number of failing samples : 0",AddContact 1-1,,true,,3239,474,15,30,32,978,0
1537442977339,33,Add_ContactForm,200,OK,AddContact 1-14,text,true,,3239,474,15,30,33,0,0
1537442976363,33,Add_ContactForm,200,"Number of samples in transaction : 2, number of failing samples : 0",AddContact 1-14,,true,,3239,474,15,30,33,976,0
1537442977323,69,Add_MainPage,200,OK,AddContact 1-15,text,true,,9936,446,15,30,54,0,1
1537442976338,69,Add_MainPage,200,"Number of samples in transaction : 2, number of failing samples : 0",AddContact 1-15,,true,,9936,446,15,30,54,985,1
1537442977477,51,Add_MainPage,200,OK,AddContact 1-2,text,true,,9936,446,15,30,51,0,1
1537442976492,51,Add_MainPage,200,"Number of samples in transaction : 2, number of failing samples : 0",AddContact 1-2,,true,,9936,446,15,30,51,986,1
1537442977523,22,Del_MainPage,200,OK,DeleteContact 2-10,text,true,,9936,446,15,30,21,0,1
1537442976538,22,Del_MainPage,200,"Number of samples in transaction : 2, number of failing samples : 0",DeleteContact 2-10,,true,,9936,446,15,30,21,987,1
1537442977584,30,Add_ContactAction,200,OK,AddContact 1-11,text,true,,2477,1301,15,30,30,0,1
1537442974640,30,Add_ContactAction,200,"Number of samples in transaction : 2, number of failing samples : 0",AddContact 1-11,,true,,2477,1301,15,30,30,2944,1
1537442977954,32,Add_MainPage,200,OK,AddContact 1-3,text,true,,10088,446,15,30,31,0,1
1537442976970,32,Add_MainPage,200,"Number of samples in transaction : 2, number of failing samples : 0",AddContact 1-3,,true,,10088,446,15,30,31,985,1
1537442978047,45,Del_ContactFrom,200,OK,DeleteContact 2-7,text,true,,3331,481,15,30,45,0,1
1537442975093,45,Del_ContactFrom,200,"Number of samples in transaction : 2, number of failing samples : 0",DeleteContact 2-7,,true,,3331,481,15,30,45,2954,1
1537442978048,51,Del_Contact,200,OK,DeleteContact 2-4,text,true,,2484,510,15,30,51,0,1
1537442975088,51,Del_Contact,200,"Number of samples in transaction : 2, number of failing samples : 0",DeleteContact 2-4,,true,,2484,510,15,30,51,2961,1
1537442978369,24,Add_ContactForm,200,OK,AddContact 1-15,text,true,,3239,474,15,30,24,0,0
1537442977393,24,Add_ContactForm,200,"Number of samples in transaction : 2, number of failing samples : 0",AddContact 1-15,,true,,3239,474,15,30,24,977,0
1537442978447,45,Del_MainPage,200,OK,DeleteContact 2-11,text,true,,9920,446,15,30,44,0,1
1537442977462,45,Del_MainPage,200,"Number of samples in transaction : 2, number of failing samples : 0",DeleteContact 2-11,,true,,9920,446,15,30,44,990,1
1537442978448,71,Add_ContactAction,200,OK,AddContact 1-12,text,true,,2477,1463,15,30,71,0,1
1537442975504,71,Add_ContactAction,200,"Number of samples in transaction : 2, number of failing samples : 0",AddContact 1-12,,true,,2477,1463,15,30,71,2944,1
1537442978520,13,Add_ContactForm,200,OK,AddContact 1-2,text,true,,3239,474,15,30,13,0,0
1537442977529,13,Add_ContactForm,200,"Number of samples in transaction : 2, number of failing samples : 0",AddContact 1-2,,true,,3239,474,15,30,13,991,0
1537442978654,13,Del_ContactFrom,200,OK,DeleteContact 2-8,text,true,,3271,481,15,30,13,0,0
1537442975696,13,Del_ContactFrom,200,"Number of samples in transaction : 2, number of failing samples : 0",DeleteContact 2-8,,true,,3271,481,15,30,13,2959,0
1537442978969,24,Add_ContactForm,200,OK,AddContact 1-3,text,true,,3239,474,15,30,24,0,0
1537442977987,24,Add_ContactForm,200,"Number of samples in transaction : 2, number of failing samples : 0",AddContact 1-3,,true,,3239,474,15,30,24,983,0
1537442979124,26,Del_Contact,200,OK,DeleteContact 2-5,text,true,,2484,510,15,30,26,0,1
1537442976177,26,Del_Contact,200,"Number of samples in transaction : 2, number of failing samples : 0",DeleteContact 2-5,,true,,2484,510,15,30,26,2947,1
1537442979247,29,Add_MainPage,200,OK,AddContact 1-4,text,true,,9916,446,15,30,28,0,4
1537442978261,29,Add_MainPage,200,"Number of samples in transaction : 2, number of failing samples : 0",AddContact 1-4,,true,,9916,446,15,30,28,986,4
1537442979293,18,Add_ContactAction,200,OK,AddContact 1-13,text,true,,2477,1199,15,30,18,0,1
1537442976351,18,Add_ContactAction,200,"Number of samples in transaction : 2, number of failing samples : 0",AddContact 1-13,,true,,2477,1199,15,30,18,2942,1
1537442979857,36,Del_MainPage,200,OK,DeleteContact 2-12,text,true,,10018,446,15,30,34,0,1
1537442978477,36,Del_MainPage,200,"Number of samples in transaction : 2, number of failing samples : 0",DeleteContact 2-12,,true,,10018,446,15,30,34,989,1
1537442980011,25,Del_ContactFrom,200,OK,DeleteContact 2-9,text,true,,3274,481,15,30,25,0,0
1537442976668,25,Del_ContactFrom,200,"Number of samples in transaction : 2, number of failing samples : 0",DeleteContact 2-9,,true,,3274,481,15,30,25,2949,0
1537442980304,27,Del_Contact,200,OK,DeleteContact 2-6,text,true,,2484,510,15,30,26,0,0
1537442976964,27,Del_Contact,200,"Number of samples in transaction : 2, number of failing samples : 0",DeleteContact 2-6,,true,,2484,510,15,30,26,2945,0
1537442980642,38,Add_ContactForm,200,OK,AddContact 1-4,text,true,,3239,474,15,30,38,0,0
1537442979276,38,Add_ContactForm,200,"Number of samples in transaction : 2, number of failing samples : 0",AddContact 1-4,,true,,3239,474,15,30,38,971,0
1537442980626,65,Del_MainPage,200,OK,DeleteContact 2-13,text,true,,9860,446,15,30,64,0,9
1537442979247,65,Del_MainPage,200,"Number of samples in transaction : 2, number of failing samples : 0",DeleteContact 2-13,,true,,9860,446,15,30,64,987,9
1537442980748,44,Add_MainPage,200,OK,AddContact 1-5,text,true,,9860,446,15,30,43,0,0
1537442979354,44,Add_MainPage,200,"Number of samples in transaction : 2, number of failing samples : 0",AddContact 1-5,,true,,9860,446,15,30,43,999,0
1537442980719,86,Add_ContactAction,200,OK,AddContact 1-1,text,true,,2477,1145,15,30,86,0,24
1537442977370,86,Add_ContactAction,200,"Number of samples in transaction : 2, number of failing samples : 0",AddContact 1-1,,true,,2477,1145,15,30,86,2955,24
1537442980747,62,Add_ContactAction,200,OK,AddContact 1-14,text,true,,2477,1385,15,30,62,0,1
1537442977372,62,Add_ContactAction,200,"Number of samples in transaction : 2, number of failing samples : 0",AddContact 1-14,,true,,2477,1385,15,30,62,2980,1
1537442980889,26,Del_ContactFrom,200,OK,DeleteContact 2-10,text,true,,3328,481,15,30,25,0,0
1537442977547,26,Del_ContactFrom,200,"Number of samples in transaction : 2, number of failing samples : 0",DeleteContact 2-10,,true,,3328,481,15,30,25,2947,0
1537442981427,27,Del_Contact,200,OK,DeleteContact 2-7,text,true,,2484,510,15,30,26,0,1
1537442978092,27,Del_Contact,200,"Number of samples in transaction : 2, number of failing samples : 0",DeleteContact 2-7,,true,,2484,510,15,30,26,2940,1
1537442981720,28,Add_ContactAction,200,OK,AddContact 1-15,text,true,,2477,1379,15,30,27,0,1
1537442978394,28,Add_ContactAction,200,"Number of samples in transaction : 2, number of failing samples : 0",AddContact 1-15,,true,,2477,1379,15,30,27,2931,1
1537442981766,15,Add_ContactForm,200,OK,AddContact 1-5,text,true,,3239,474,15,30,15,0,0
1537442980792,15,Add_ContactForm,200,"Number of samples in transaction : 2, number of failing samples : 0",AddContact 1-5,,true,,3239,474,15,30,15,974,0
1537442981827,35,Del_ContactFrom,200,OK,DeleteContact 2-11,text,true,,3270,481,15,30,35,0,1
1537442978497,35,Del_ContactFrom,200,"Number of samples in transaction : 2, number of failing samples : 0",DeleteContact 2-11,,true,,3270,481,15,30,35,2936,1
1537442981857,29,Add_ContactAction,200,OK,AddContact 1-2,text,true,,2477,1511,15,30,29,0,2
1537442978533,29,Add_ContactAction,200,"Number of samples in transaction : 2, number of failing samples : 0",AddContact 1-2,,true,,2477,1511,15,30,29,2929,2
1537442981904,42,Add_MainPage,200,OK,AddContact 1-6,text,true,,10324,446,15,30,41,0,0
1537442980919,42,Add_MainPage,200,"Number of samples in transaction : 2, number of failing samples : 0",AddContact 1-6,,true,,10324,446,15,30,41,985,0
1537442981909,52,Del_MainPage,200,OK,DeleteContact 2-14,text,true,,10324,446,15,30,51,0,0
1537442980919,52,Del_MainPage,200,"Number of samples in transaction : 2, number of failing samples : 0",DeleteContact 2-14,,true,,10324,446,15,30,51,997,0
1537442981910,62,Del_MainPage,200,OK,DeleteContact 2-1,text,true,,10324,446,15,30,60,0,0
1537442980919,62,Del_MainPage,200,"Number of samples in transaction : 2, number of failing samples : 0",DeleteContact 2-1,,true,,10324,446,15,30,60,995,0
1537442981996,14,Del_Contact,200,OK,DeleteContact 2-8,text,true,,2484,510,15,30,14,0,0
1537442978668,14,Del_Contact,200,"Number of samples in transaction : 2, number of failing samples : 0",DeleteContact 2-8,,true,,2484,510,15,30,14,2934,0
1537442982319,30,Add_ContactAction,200,OK,AddContact 1-3,text,true,,2477,1277,15,30,30,0,1
1537442978994,30,Add_ContactAction,200,"Number of samples in transaction : 2, number of failing samples : 0",AddContact 1-3,,true,,2477,1277,15,30,30,2930,1
1537442982427,33,Add_MainPage,200,OK,AddContact 1-7,text,true,,10368,446,15,30,31,0,1
1537442981457,33,Add_MainPage,200,"Number of samples in transaction : 2, number of failing samples : 0",AddContact 1-7,,true,,10368,446,15,30,31,970,1
1537442982735,31,Del_MainPage,200,OK,DeleteContact 2-15,text,true,,10368,446,15,30,30,0,0
1537442981766,32,Del_MainPage,200,"Number of samples in transaction : 2, number of failing samples : 0",DeleteContact 2-15,,true,,10368,446,15,30,30,999,0
1537442982797,28,Del_MainPage,200,OK,DeleteContact 2-2,text,true,,10368,446,15,30,27,0,0
1537442981828,28,Del_MainPage,200,"Number of samples in transaction : 2, number of failing samples : 0",DeleteContact 2-2,,true,,10368,446,15,30,27,975,0
1537442982831,13,Del_ContactFrom,200,OK,DeleteContact 2-12,text,true,,3407,481,15,30,13,0,0
1537442979897,13,Del_ContactFrom,200,"Number of samples in transaction : 2, number of failing samples : 0",DeleteContact 2-12,,true,,3407,481,15,30,13,2935,0
1537442982904,25,Add_ContactForm,200,OK,AddContact 1-6,text,true,,3239,474,15,30,25,0,0
1537442981946,25,Add_ContactForm,200,"Number of samples in transaction : 2, number of failing samples : 0",AddContact 1-6,,true,,3239,474,15,30,25,958,0
1537442982965,19,Del_Contact,200,OK,DeleteContact 2-9,text,true,,2484,510,15,30,19,0,1
1537442980037,19,Del_Contact,200,"Number of samples in transaction : 2, number of failing samples : 0",DeleteContact 2-9,,true,,2484,510,15,30,19,2928,1
1537442983412,34,Add_MainPage,200,OK,AddContact 1-8,text,true,,10267,446,15,30,32,0,2
1537442982428,34,Add_MainPage,200,"Number of samples in transaction : 2, number of failing samples : 0",AddContact 1-8,,true,,10267,446,15,30,32,984,2
1537442983442,17,Add_ContactForm,200,OK,AddContact 1-7,text,true,,3239,474,15,30,17,0,0
1537442982460,17,Add_ContactForm,200,"Number of samples in transaction : 2, number of failing samples : 0",AddContact 1-7,,true,,3239,474,15,30,17,983,0
1537442983535,37,Del_MainPage,200,OK,DeleteContact 2-3,text,true,,10267,446,15,30,36,0,1
1537442982550,37,Del_MainPage,200,"Number of samples in transaction : 2, number of failing samples : 0",DeleteContact 2-3,,true,,10267,446,15,30,36,986,1
1537442983611,18,Add_ContactAction,200,OK,AddContact 1-4,text,true,,2477,1253,15,30,18,0,1
1537442980680,18,Add_ContactAction,200,"Number of samples in transaction : 2, number of failing samples : 0",AddContact 1-4,,true,,2477,1253,15,30,18,2931,1
1537442983627,16,Del_ContactFrom,200,OK,DeleteContact 2-13,text,true,,3296,481,15,30,16,0,0
1537442980694,16,Del_ContactFrom,200,"Number of samples in transaction : 2, number of failing samples : 0",DeleteContact 2-13,,true,,3296,481,15,30,16,2934,0
1537442983843,26,Del_Contact,200,OK,DeleteContact 2-10,text,true,,2484,510,15,30,26,0,1
1537442980915,26,Del_Contact,200,"Number of samples in transaction : 2, number of failing samples : 0",DeleteContact 2-10,,true,,2484,510,15,30,26,2929,1
1537442983905,22,Add_MainPage,200,OK,AddContact 1-9,text,true,,10259,446,15,30,21,0,0
1537442982919,22,Add_MainPage,200,"Number of samples in transaction : 2, number of failing samples : 0",AddContact 1-9,,true,,10259,446,15,30,21,986,0
1537442984366,29,Del_MainPage,200,OK,DeleteContact 2-4,text,true,,10259,446,15,30,28,0,1
1537442983381,29,Del_MainPage,200,"Number of samples in transaction : 2, number of failing samples : 0",DeleteContact 2-4,,true,,10259,446,15,30,28,986,1
1537442984423,13,Add_ContactForm,200,OK,AddContact 1-8,text,true,,3239,474,15,30,13,0,0
1537442983446,13,Add_ContactForm,200,"Number of samples in transaction : 2, number of failing samples : 0",AddContact 1-8,,true,,3239,474,15,30,13,978,0
1537442985167,42,Add_ContactAction,200,OK,AddContact 1-5,text,true,,2477,1457,15,30,42,0,1
1537442981781,42,Add_ContactAction,200,"Number of samples in transaction : 2, number of failing samples : 0",AddContact 1-5,,true,,2477,1457,15,30,42,2924,1
1537442985243,18,Del_Contact,200,OK,DeleteContact 2-11,text,true,,2483,510,15,30,18,0,1
1537442981863,18,Del_Contact,200,"Number of samples in transaction : 2, number of failing samples : 0",DeleteContact 2-11,,true,,2483,510,15,30,18,2919,1
1537442985306,27,Add_MainPage,200,OK,AddContact 1-10,text,true,,10343,446,15,30,26,0,0
1537442983873,27,Add_MainPage,200,"Number of samples in transaction : 2, number of failing samples : 0",AddContact 1-10,,true,,10343,446,15,30,26,971,0
1537442985352,43,Add_ContactForm,200,OK,AddContact 1-9,text,true,,3239,474,15,30,43,0,0
1537442983927,43,Add_ContactForm,200,"Number of samples in transaction : 2, number of failing samples : 0",AddContact 1-9,,true,,3239,474,15,30,43,964,0
1537442985352,48,Del_ContactFrom,200,OK,DeleteContact 2-14,text,true,,3327,481,15,30,48,0,1
1537442981968,48,Del_ContactFrom,200,"Number of samples in transaction : 2, number of failing samples : 0",DeleteContact 2-14,,true,,3327,481,15,30,48,2923,1
1537442985353,50,Del_ContactFrom,200,OK,DeleteContact 2-1,text,true,,3366,481,15,30,50,0,0
1537442981976,50,Del_ContactFrom,200,"Number of samples in transaction : 2, number of failing samples : 0",DeleteContact 2-1,,true,,3366,481,15,30,50,2915,0
1537442985860,28,Del_MainPage,200,OK,DeleteContact 2-5,text,true,,10343,446,15,30,28,0,0
1537442984425,28,Del_MainPage,200,"Number of samples in transaction : 2, number of failing samples : 0",DeleteContact 2-5,,true,,10343,446,15,30,28,975,0
1537442986198,32,Del_ContactFrom,200,OK,DeleteContact 2-15,text,true,,3326,481,15,30,32,0,1
1537442982797,32,Del_ContactFrom,200,"Number of samples in transaction : 2, number of failing samples : 0",DeleteContact 2-15,,true,,3326,481,15,30,32,2939,1
1537442986228,31,Del_ContactFrom,200,OK,DeleteContact 2-2,text,true,,3391,481,15,30,31,0,1
1537442982831,31,Del_ContactFrom,200,"Number of samples in transaction : 2, number of failing samples : 0",DeleteContact 2-2,,true,,3391,481,15,30,31,2935,1
1537442986244,23,Del_Contact,200,OK,DeleteContact 2-12,text,true,,2484,510,15,30,23,0,0
1537442982845,23,Del_Contact,200,"Number of samples in transaction : 2, number of failing samples : 0",DeleteContact 2-12,,true,,2484,510,15,30,23,2937,0
1537442986290,26,Add_MainPage,200,OK,AddContact 1-11,text,true,,10124,446,15,30,25,0,1
1537442985307,26,Add_MainPage,200,"Number of samples in transaction : 2, number of failing samples : 0",AddContact 1-11,,true,,10124,446,15,30,25,984,1
1537442986305,17,Add_ContactForm,200,OK,AddContact 1-10,text,true,,3239,474,15,30,17,0,0
1537442985333,17,Add_ContactForm,200,"Number of samples in transaction : 2, number of failing samples : 0",AddContact 1-10,,true,,3239,474,15,30,17,972,0
1537442986320,17,Add_ContactAction,200,OK,AddContact 1-6,text,true,,2477,1505,15,30,17,0,1
1537442982929,17,Add_ContactAction,200,"Number of samples in transaction : 2, number of failing samples : 0",AddContact 1-6,,true,,2477,1505,15,30,17,2929,1
1537442986644,36,Del_MainPage,200,OK,DeleteContact 2-6,text,true,,10305,446,15,30,34,0,1
1537442985659,36,Del_MainPage,200,"Number of samples in transaction : 2, number of failing samples : 0",DeleteContact 2-6,,true,,10305,446,15,30,34,1024,1
1537442986859,29,Add_ContactAction,200,OK,AddContact 1-7,text,true,,2477,1217,15,30,29,0,1
1537442983460,29,Add_ContactAction,200,"Number of samples in transaction : 2, number of failing samples : 0",AddContact 1-7,,true,,2477,1217,15,30,29,2938,1
1537442986967,27,Del_ContactFrom,200,OK,DeleteContact 2-3,text,true,,3338,481,15,30,27,0,1
1537442983573,27,Del_ContactFrom,200,"Number of samples in transaction : 2, number of failing samples : 0",DeleteContact 2-3,,true,,3338,481,15,30,27,2932,1
1537442987028,42,Del_Contact,200,OK,DeleteContact 2-13,text,true,,2484,510,15,30,42,0,1
1537442983644,42,Del_Contact,200,"Number of samples in transaction : 2, number of failing samples : 0",DeleteContact 2-13,,true,,2484,510,15,30,42,2922,1
1537442987183,35,Add_MainPage,200,OK,AddContact 1-12,text,true,,10337,446,15,30,34,0,1
1537442986198,35,Add_MainPage,200,"Number of samples in transaction : 2, number of failing samples : 0",AddContact 1-12,,true,,10337,446,15,30,34,986,1
1537442987290,24,Add_ContactForm,200,OK,AddContact 1-11,text,true,,3239,474,15,30,24,0,0
1537442986317,24,Add_ContactForm,200,"Number of samples in transaction : 2, number of failing samples : 0",AddContact 1-11,,true,,3239,474,15,30,24,974,0
1537442987767,43,Del_ContactFrom,200,OK,DeleteContact 2-4,text,true,,3375,481,15,30,43,0,0
1537442984396,43,Del_ContactFrom,200,"Number of samples in transaction : 2, number of failing samples : 0",DeleteContact 2-4,,true,,3375,481,15,30,43,2910,0
1537442987768,48,Del_MainPage,200,OK,DeleteContact 2-7,text,true,,10337,446,15,30,47,0,0
1537442986782,48,Del_MainPage,200,"Number of samples in transaction : 2, number of failing samples : 0",DeleteContact 2-7,,true,,10337,446,15,30,47,988,0
1537442987829,16,Add_ContactAction,200,OK,AddContact 1-8,text,true,,2477,1668,15,30,16,0,1
1537442984437,16,Add_ContactAction,200,"Number of samples in transaction : 2, number of failing samples : 0",AddContact 1-8,,true,,2477,1668,15,30,16,2930,1
1537442987969,34,Add_MainPage,200,OK,AddContact 1-13,text,true,,10574,446,15,30,32,0,1
1537442987000,34,Add_MainPage,200,"Number of samples in transaction : 2, number of failing samples : 0",AddContact 1-13,,true,,10574,446,15,30,32,969,1
1537442988183,50,Add_ContactForm,200,OK,AddContact 1-12,text,true,,3239,474,15,30,50,0,0
1537442987219,50,Add_ContactForm,200,"Number of samples in transaction : 2, number of failing samples : 0",AddContact 1-12,,true,,3239,474,15,30,50,964,0
1537442988308,97,Del_MainPage,200,OK,DeleteContact 2-8,text,true,,10574,446,15,30,96,0,40
1537442987327,97,Del_MainPage,200,"Number of samples in transaction : 2, number of failing samples : 0",DeleteContact 2-8,,true,,10574,446,15,30,96,982,40
1537442988306,103,Add_ContactAction,200,OK,AddContact 1-9,text,true,,2477,1217,15,30,103,0,1
1537442985396,103,Add_ContactAction,200,"Number of samples in transaction : 2, number of failing samples : 0",AddContact 1-9,,true,,2477,1217,15,30,103,2910,1
1537442988348,63,Del_Contact,200,OK,DeleteContact 2-14,text,true,,2484,510,15,30,63,0,1
1537442985401,63,Del_Contact,200,"Number of samples in transaction : 2, number of failing samples : 0",DeleteContact 2-14,,true,,2484,510,15,30,63,2947,1
1537442988349,65,Del_Contact,200,OK,DeleteContact 2-1,text,true,,2484,510,15,30,65,0,1
1537442985403,65,Del_Contact,200,"Number of samples in transaction : 2, number of failing samples : 0",DeleteContact 2-1,,true,,2484,510,15,30,65,2947,1
1537442988814,25,Del_ContactFrom,200,OK,DeleteContact 2-5,text,true,,3264,481,15,30,25,0,0
1537442985890,25,Del_ContactFrom,200,"Number of samples in transaction : 2, number of failing samples : 0",DeleteContact 2-5,,true,,3264,481,15,30,25,2924,0
1537442988983,25,Add_ContactForm,200,OK,AddContact 1-13,text,true,,3239,474,15,30,24,0,0
1537442988003,25,Add_ContactForm,200,"Number of samples in transaction : 2, number of failing samples : 0",AddContact 1-13,,true,,3239,474,15,30,24,980,0
1537442989091,52,Add_MainPage,200,OK,AddContact 1-1,text,true,,10365,446,15,30,51,0,1
1537442988107,52,Add_MainPage,200,"Number of samples in transaction : 2, number of failing samples : 0",AddContact 1-1,,true,,10365,446,15,30,51,984,1
1537442989093,59,Add_MainPage,200,OK,AddContact 1-14,text,true,,10365,446,15,30,58,0,0
1537442988107,59,Add_MainPage,200,"Number of samples in transaction : 2, number of failing samples : 0",AddContact 1-14,,true,,10365,446,15,30,58,986,0
1537442989152,18,Del_Contact,200,OK,DeleteContact 2-15,text,true,,2484,510,15,30,18,0,1
1537442986230,18,Del_Contact,200,"Number of samples in transaction : 2, number of failing samples : 0",DeleteContact 2-15,,true,,2484,510,15,30,18,2923,1
1537442989183,15,Del_Contact,200,OK,DeleteContact 2-2,text,true,,2484,510,15,30,14,0,1
1537442986259,15,Del_Contact,200,"Number of samples in transaction : 2, number of failing samples : 0",DeleteContact 2-2,,true,,2484,510,15,30,14,2924,1
1537442989244,65,Add_ContactAction,200,OK,AddContact 1-10,text,true,,2477,1692,15,30,65,0,1
1537442986322,65,Add_ContactAction,200,"Number of samples in transaction : 2, number of failing samples : 0",AddContact 1-10,,true,,2477,1692,15,30,65,2922,1
1537442989322,27,Del_MainPage,200,OK,DeleteContact 2-9,text,true,,10241,446,15,30,26,0,1
1537442988349,27,Del_MainPage,200,"Number of samples in transaction : 2, number of failing samples : 0",DeleteContact 2-9,,true,,10241,446,15,30,26,978,1
1537442989629,50,Del_ContactFrom,200,OK,DeleteContact 2-6,text,true,,3320,481,15,30,50,0,0
1537442986719,50,Del_ContactFrom,200,"Number of samples in transaction : 2, number of failing samples : 0",DeleteContact 2-6,,true,,3320,481,15,30,50,2910,0
1537442989922,165,Del_Contact,200,OK,DeleteContact 2-3,text,true,,2484,510,15,30,165,0,1
1537442986994,165,Del_Contact,200,"Number of samples in transaction : 2, number of failing samples : 0",DeleteContact 2-3,,true,,2484,510,15,30,165,2935,1
1537442989998,101,Add_MainPage,200,OK,AddContact 1-15,text,true,,10241,446,15,30,100,0,1
1537442989014,101,Add_MainPage,200,"Number of samples in transaction : 2, number of failing samples : 0",AddContact 1-15,,true,,10241,446,15,30,100,985,1
1537442991070,41,Add_ContactForm,200,OK,AddContact 1-1,text,true,,3239,474,15,30,41,0,0
1537442989143,41,Add_ContactForm,200,"Number of samples in transaction : 2, number of failing samples : 0",AddContact 1-1,,true,,3239,474,15,30,41,979,0
1537442991070,43,Add_ContactForm,200,OK,AddContact 1-14,text,true,,3239,474,15,30,43,0,0
1537442989152,43,Add_ContactForm,200,"Number of samples in transaction : 2, number of failing samples : 0",AddContact 1-14,,true,,3239,474,15,30,43,971,0
1537442991085,36,Add_MainPage,200,OK,AddContact 1-2,text,true,,10079,446,15,30,35,0,0
1537442989152,36,Add_MainPage,200,"Number of samples in transaction : 2, number of failing samples : 0",AddContact 1-2,,true,,10079,446,15,30,35,985,0
1537442991131,19,Del_MainPage,200,OK,DeleteContact 2-10,text,true,,10079,446,15,30,19,0,1
1537442989198,19,Del_MainPage,200,"Number of samples in transaction : 2, number of failing samples : 0",DeleteContact 2-10,,true,,10079,446,15,30,19,987,1
1537442991193,33,Add_ContactAction,200,OK,AddContact 1-11,text,true,,2477,1385,15,30,33,0,1
1537442987315,33,Add_ContactAction,200,"Number of samples in transaction : 2, number of failing samples : 0",AddContact 1-11,,true,,2477,1385,15,30,33,2930,1
1537442991562,33,Add_MainPage,200,OK,AddContact 1-3,text,true,,10280,446,15,30,31,0,1
1537442989628,33,Add_MainPage,200,"Number of samples in transaction : 2, number of failing samples : 0",AddContact 1-3,,true,,10280,446,15,30,31,986,1
1537442991701,21,Del_ContactFrom,200,OK,DeleteContact 2-7,text,true,,3301,481,15,30,21,0,0
1537442987818,21,Del_ContactFrom,200,"Number of samples in transaction : 2, number of failing samples : 0",DeleteContact 2-7,,true,,3301,481,15,30,21,2935,0
1537442991685,89,Del_Contact,200,OK,DeleteContact 2-4,text,true,,2484,510,15,30,89,0,1
1537442987811,89,Del_Contact,200,"Number of samples in transaction : 2, number of failing samples : 0",DeleteContact 2-4,,true,,2484,510,15,30,89,2926,1
1537442992024,23,Add_ContactForm,200,OK,AddContact 1-15,text,true,,3239,474,15,30,23,0,0
1537442991048,23,Add_ContactForm,200,"Number of samples in transaction : 2, number of failing samples : 0",AddContact 1-15,,true,,3239,474,15,30,23,977,0
1537442992101,28,Add_ContactForm,200,OK,AddContact 1-2,text,true,,3239,474,15,30,28,0,0
1537442991121,28,Add_ContactForm,200,"Number of samples in transaction : 2, number of failing samples : 0",AddContact 1-2,,true,,3239,474,15,30,28,980,0
1537442992085,63,Del_MainPage,200,OK,DeleteContact 2-11,text,true,,10076,446,15,30,62,0,1
1537442991100,63,Del_MainPage,200,"Number of samples in transaction : 2, number of failing samples : 0",DeleteContact 2-11,,true,,10076,446,15,30,62,986,1
1537442992131,25,Add_ContactAction,200,OK,AddContact 1-12,text,true,,2477,1277,15,30,25,0,0
1537442988233,25,Add_ContactAction,200,"Number of samples in transaction : 2, number of failing samples : 0",AddContact 1-12,,true,,2477,1277,15,30,25,2950,0
1537442992301,25,Del_ContactFrom,200,OK,DeleteContact 2-8,text,true,,3324,481,15,30,25,0,1
1537442988406,25,Del_ContactFrom,200,"Number of samples in transaction : 2, number of failing samples : 0",DeleteContact 2-8,,true,,3324,481,15,30,25,2948,1
1537442992578,22,Add_ContactForm,200,OK,AddContact 1-3,text,true,,3239,474,15,30,22,0,0
1537442991596,22,Add_ContactForm,200,"Number of samples in transaction : 2, number of failing samples : 0",AddContact 1-3,,true,,3239,474,15,30,22,982,0
1537442992732,24,Del_Contact,200,OK,DeleteContact 2-5,text,true,,2484,510,15,30,24,0,1
1537442988839,24,Del_Contact,200,"Number of samples in transaction : 2, number of failing samples : 0",DeleteContact 2-5,,true,,2484,510,15,30,24,2946,1
1537442992870,34,Add_MainPage,200,OK,AddContact 1-4,text,true,,10118,446,15,30,30,0,1
1537442991885,34,Add_MainPage,200,"Number of samples in transaction : 2, number of failing samples : 0",AddContact 1-4,,true,,10118,446,15,30,30,985,1
1537442992902,24,Add_ContactAction,200,OK,AddContact 1-13,text,true,,2477,1307,15,30,24,0,0
1537442989008,24,Add_ContactAction,200,"Number of samples in transaction : 2, number of failing samples : 0",AddContact 1-13,,true,,2477,1307,15,30,24,2947,0
1537442993086,32,Del_MainPage,200,OK,DeleteContact 2-12,text,true,,10255,446,15,30,31,0,1
1537442992101,32,Del_MainPage,200,"Number of samples in transaction : 2, number of failing samples : 0",DeleteContact 2-12,,true,,10255,446,15,30,31,999,1
1537442993255,26,Del_ContactFrom,200,OK,DeleteContact 2-9,text,true,,3279,481,15,30,26,0,1
1537442989354,26,Del_ContactFrom,200,"Number of samples in transaction : 2, number of failing samples : 0",DeleteContact 2-9,,true,,3279,481,15,30,26,2953,1
1537442993578,28,Del_Contact,200,OK,DeleteContact 2-6,text,true,,2484,510,15,30,28,0,1
1537442989679,28,Del_Contact,200,"Number of samples in transaction : 2, number of failing samples : 0",DeleteContact 2-6,,true,,2484,510,15,30,28,2951,1
1537442993885,43,Add_ContactForm,200,OK,AddContact 1-4,text,true,,3239,474,15,30,43,0,0
1537442992904,43,Add_ContactForm,200,"Number of samples in transaction : 2, number of failing samples : 0",AddContact 1-4,,true,,3239,474,15,30,43,981,0
1537442993901,33,Del_MainPage,200,OK,DeleteContact 2-13,text,true,,10134,446,15,30,32,0,1
1537442992916,33,Del_MainPage,200,"Number of samples in transaction : 2, number of failing samples : 0",DeleteContact 2-13,,true,,10134,446,15,30,32,987,1
1537442993993,36,Add_MainPage,200,OK,AddContact 1-5,text,true,,10134,446,15,30,35,0,0
1537442993009,36,Add_MainPage,200,"Number of samples in transaction : 2, number of failing samples : 0",AddContact 1-5,,true,,10134,446,15,30,35,985,0
1537442994101,19,Del_ContactFrom,200,OK,DeleteContact 2-10,text,true,,3415,481,15,30,19,0,0
1537442991152,19,Del_ContactFrom,200,"Number of samples in transaction : 2, number of failing samples : 0",DeleteContact 2-10,,true,,3415,481,15,30,19,2950,0
1537442994056,67,Add_ContactAction,200,OK,AddContact 1-1,text,true,,2477,1205,15,30,67,0,1
1537442991111,67,Add_ContactAction,200,"Number of samples in transaction : 2, number of failing samples : 0",AddContact 1-1,,true,,2477,1205,15,30,67,2946,1
1537442994057,70,Add_ContactAction,200,OK,AddContact 1-14,text,true,,2477,1175,15,30,70,0,1
1537442991114,70,Add_ContactAction,200,"Number of samples in transaction : 2, number of failing samples : 0",AddContact 1-14,,true,,2477,1175,15,30,70,2943,1
1537442994671,82,Del_Contact,200,OK,DeleteContact 2-7,text,true,,2484,510,15,30,81,0,1
1537442991723,82,Del_Contact,200,"Number of samples in transaction : 2, number of failing samples : 0",DeleteContact 2-7,,true,,2484,510,15,30,81,2948,1
1537442994979,27,Add_ContactAction,200,OK,AddContact 1-15,text,true,,2477,1409,15,30,27,0,1
1537442992048,27,Add_ContactAction,200,"Number of samples in transaction : 2, number of failing samples : 0",AddContact 1-15,,true,,2477,1409,15,30,27,2931,1
1537442995009,17,Add_ContactForm,200,OK,AddContact 1-5,text,true,,3239,474,15,30,17,0,0
1537442994030,17,Add_ContactForm,200,"Number of samples in transaction : 2, number of failing samples : 0",AddContact 1-5,,true,,3239,474,15,30,17,980,0
1537442995056,16,Add_ContactAction,200,OK,AddContact 1-2,text,true,,2477,1644,15,30,16,0,0
1537442992129,16,Add_ContactAction,200,"Number of samples in transaction : 2, number of failing samples : 0",AddContact 1-2,,true,,2477,1644,15,30,16,2927,0
1537442995086,23,Del_ContactFrom,200,OK,DeleteContact 2-11,text,true,,3371,481,15,30,23,0,1
1537442992149,23,Del_ContactFrom,200,"Number of samples in transaction : 2, number of failing samples : 0",DeleteContact 2-11,,true,,3371,481,15,30,23,2938,1
1537442995117,29,Add_MainPage,200,OK,AddContact 1-6,text,true,,10632,446,15,30,28,0,13
1537442994132,29,Add_MainPage,200,"Number of samples in transaction : 2, number of failing samples : 0",AddContact 1-6,,true,,10632,446,15,30,28,986,13
1537442995240,25,Del_MainPage,200,OK,DeleteContact 2-14,text,true,,10632,446,15,30,25,0,0
1537442994255,25,Del_MainPage,200,"Number of samples in transaction : 2, number of failing samples : 0",DeleteContact 2-14,,true,,10632,446,15,30,25,987,0
1537442995258,40,Del_MainPage,200,OK,DeleteContact 2-1,text,true,,10632,446,15,30,40,0,0
1537442994271,40,Del_MainPage,200,"Number of samples in transaction : 2, number of failing samples : 0",DeleteContact 2-1,,true,,10632,446,15,30,40,989,0
1537442995255,48,Del_Contact,200,OK,DeleteContact 2-8,text,true,,2484,510,15,30,48,0,1
1537442992327,48,Del_Contact,200,"Number of samples in transaction : 2, number of failing samples : 0",DeleteContact 2-8,,true,,2484,510,15,30,48,2929,1
1537442995532,30,Add_ContactAction,200,OK,AddContact 1-3,text,true,,2477,1085,15,30,30,0,1
1537442992600,30,Add_ContactAction,200,"Number of samples in transaction : 2, number of failing samples : 0",AddContact 1-3,,true,,2477,1085,15,30,30,2932,1
1537442995659,42,Add_MainPage,200,OK,AddContact 1-7,text,true,,10577,446,15,30,41,0,1
1537442994671,42,Add_MainPage,200,"Number of samples in transaction : 2, number of failing samples : 0",AddContact 1-7,,true,,10577,446,15,30,41,988,1
1537442996980,32,Del_MainPage,200,OK,DeleteContact 2-15,text,true,,10577,446,15,30,30,0,1
1537442995024,32,Del_MainPage,200,"Number of samples in transaction : 2, number of failing samples : 0",DeleteContact 2-15,,true,,10577,446,15,30,30,989,1
1537442997011,27,Del_MainPage,200,OK,DeleteContact 2-2,text,true,,10577,446,15,30,26,0,0
1537442995056,27,Del_MainPage,200,"Number of samples in transaction : 2, number of failing samples : 0",DeleteContact 2-2,,true,,10577,446,15,30,26,986,0
1537442997040,13,Del_ContactFrom,200,OK,DeleteContact 2-12,text,true,,3418,481,15,30,13,0,1
1537442993132,13,Del_ContactFrom,200,"Number of samples in transaction : 2, number of failing samples : 0",DeleteContact 2-12,,true,,3418,481,15,30,13,2939,1
1537442997087,24,Add_ContactForm,200,OK,AddContact 1-6,text,true,,3239,474,15,30,24,0,0
1537442995147,24,Add_ContactForm,200,"Number of samples in transaction : 2, number of failing samples : 0",AddContact 1-6,,true,,3239,474,15,30,24,971,0
1537442997180,26,Del_Contact,200,OK,DeleteContact 2-9,text,true,,2484,510,15,30,26,0,1
1537442993281,26,Del_Contact,200,"Number of samples in transaction : 2, number of failing samples : 0",DeleteContact 2-9,,true,,2484,510,15,30,26,2929,1
1537442997611,55,Add_MainPage,200,OK,AddContact 1-8,text,true,,10464,446,15,30,53,0,6
1537442995659,55,Add_MainPage,200,"Number of samples in transaction : 2, number of failing samples : 0",AddContact 1-8,,true,,10464,446,15,30,53,983,6
1537442997642,34,Add_ContactForm,200,OK,AddContact 1-7,text,true,,3239,474,15,30,34,0,0
1537442995701,34,Add_ContactForm,200,"Number of samples in transaction : 2, number of failing samples : 0",AddContact 1-7,,true,,3239,474,15,30,34,975,0
1537442997857,28,Del_ContactFrom,200,OK,DeleteContact 2-13,text,true,,3264,481,15,30,28,0,0
1537442993936,28,Del_ContactFrom,200,"Number of samples in transaction : 2, number of failing samples : 0",DeleteContact 2-13,,true,,3264,481,15,30,28,2951,0
1537442997841,46,Add_ContactAction,200,OK,AddContact 1-4,text,true,,2477,1277,15,30,46,0,1
1537442993928,46,Add_ContactAction,200,"Number of samples in transaction : 2, number of failing samples : 0",AddContact 1-4,,true,,2477,1277,15,30,46,2943,1
1537442997912,17,Del_MainPage,200,OK,DeleteContact 2-3,text,true,,10596,446,15,30,16,0,0
1537442996918,17,Del_MainPage,200,"Number of samples in transaction : 2, number of failing samples : 0",DeleteContact 2-3,,true,,10596,446,15,30,16,995,0
1537442998042,26,Del_Contact,200,OK,DeleteContact 2-10,text,true,,2485,510,15,30,26,0,0
1537442994121,26,Del_Contact,200,"Number of samples in transaction : 2, number of failing samples : 0",DeleteContact 2-10,,true,,2485,510,15,30,26,2951,0
1537442998180,114,Add_MainPage,200,OK,AddContact 1-9,text,true,,10345,446,15,30,113,0,1
1537442997195,114,Add_MainPage,200,"Number of samples in transaction : 2, number of failing samples : 0",AddContact 1-9,,true,,10345,446,15,30,113,986,1
1537442998641,20,Add_ContactForm,200,OK,AddContact 1-8,text,true,,3239,474,15,30,20,0,0
1537442997667,20,Add_ContactForm,200,"Number of samples in transaction : 2, number of failing samples : 0",AddContact 1-8,,true,,3239,474,15,30,20,974,0
1537442998626,42,Del_MainPage,200,OK,DeleteContact 2-4,text,true,,10345,446,15,30,41,0,1
1537442997642,42,Del_MainPage,200,"Number of samples in transaction : 2, number of failing samples : 0",DeleteContact 2-4,,true,,10345,446,15,30,41,985,1
1537442998949,30,Add_ContactAction,200,OK,AddContact 1-5,text,true,,2477,1614,15,30,30,0,1
1537442995027,30,Add_ContactAction,200,"Number of samples in transaction : 2, number of failing samples : 0",AddContact 1-5,,true,,2477,1614,15,30,30,2952,1
1537442999027,27,Del_Contact,200,OK,DeleteContact 2-11,text,true,,2484,510,15,30,27,0,0
1537442995110,27,Del_Contact,200,"Number of samples in transaction : 2, number of failing samples : 0",DeleteContact 2-11,,true,,2484,510,15,30,27,2947,0
1537442999088,33,Add_MainPage,200,OK,AddContact 1-10,text,true,,10378,446,15,30,31,0,0
1537442998103,33,Add_MainPage,200,"Number of samples in transaction : 2, number of failing samples : 0",AddContact 1-10,,true,,10378,446,15,30,31,985,0
1537442999180,30,Del_ContactFrom,200,OK,DeleteContact 2-14,text,true,,3391,481,15,30,30,0,1
1537442995267,30,Del_ContactFrom,200,"Number of samples in transaction : 2, number of failing samples : 0",DeleteContact 2-14,,true,,3391,481,15,30,30,2943,1
1537442999211,13,Del_ContactFrom,200,OK,DeleteContact 2-1,text,true,,3175,481,15,30,13,0,0
1537442995300,13,Del_ContactFrom,200,"Number of samples in transaction : 2, number of failing samples : 0",DeleteContact 2-1,,true,,3175,481,15,30,13,2941,0
1537442999273,38,Add_ContactForm,200,OK,AddContact 1-9,text,true,,3239,474,15,30,38,0,0
1537442998295,38,Add_ContactForm,200,"Number of samples in transaction : 2, number of failing samples : 0",AddContact 1-9,,true,,3239,474,15,30,38,979,0
1537442999611,32,Del_MainPage,200,OK,DeleteContact 2-5,text,true,,10378,446,15,30,30,0,1
1537442998627,32,Del_MainPage,200,"Number of samples in transaction : 2, number of failing samples : 0",DeleteContact 2-5,,true,,10378,446,15,30,30,987,1
1537442999950,50,Del_ContactFrom,200,OK,DeleteContact 2-15,text,true,,3369,481,15,30,49,0,0
1537442997015,50,Del_ContactFrom,200,"Number of samples in transaction : 2, number of failing samples : 0",DeleteContact 2-15,,true,,3369,481,15,30,49,2935,0
1537442999965,37,Del_ContactFrom,200,OK,DeleteContact 2-2,text,true,,3287,481,15,30,37,0,1
1537442997039,37,Del_ContactFrom,200,"Number of samples in transaction : 2, number of failing samples : 0",DeleteContact 2-2,,true,,3287,481,15,30,37,2926,1
1537442999980,37,Del_Contact,200,OK,DeleteContact 2-12,text,true,,2484,510,15,30,37,0,1
1537442997054,37,Del_Contact,200,"Number of samples in transaction : 2, number of failing samples : 0",DeleteContact 2-12,,true,,2484,510,15,30,37,2926,1
1537443000042,39,Add_ContactAction,200,OK,AddContact 1-6,text,true,,2477,1571,15,30,39,0,1
1537442997112,39,Add_ContactAction,200,"Number of samples in transaction : 2, number of failing samples : 0",AddContact 1-6,,true,,2477,1571,15,30,39,2930,1
1537443000043,41,Add_MainPage,200,OK,AddContact 1-11,text,true,,10138,446,15,30,40,0,1
1537442999057,41,Add_MainPage,200,"Number of samples in transaction : 2, number of failing samples : 0",AddContact 1-11,,true,,10138,446,15,30,40,986,1
1537443000103,13,Add_ContactForm,200,OK,AddContact 1-10,text,true,,3239,474,15,30,13,0,0
1537442999121,13,Add_ContactForm,200,"Number of samples in transaction : 2, number of failing samples : 0",AddContact 1-10,,true,,3239,474,15,30,13,982,0
1537443000458,27,Del_MainPage,200,OK,DeleteContact 2-6,text,true,,10336,446,15,30,26,0,0
1537442999472,27,Del_MainPage,200,"Number of samples in transaction : 2, number of failing samples : 0",DeleteContact 2-6,,true,,10336,446,15,30,26,988,0
1537443000611,29,Add_ContactAction,200,OK,AddContact 1-7,text,true,,2477,1662,15,30,29,0,2
1537442997680,29,Add_ContactAction,200,"Number of samples in transaction : 2, number of failing samples : 0",AddContact 1-7,,true,,2477,1662,15,30,29,2932,2
1537443000815,25,Del_Contact,200,OK,DeleteContact 2-13,text,true,,2484,510,15,30,25,0,1
1537442997885,25,Del_Contact,200,"Number of samples in transaction : 2, number of failing samples : 0",DeleteContact 2-13,,true,,2484,510,15,30,25,2930,1
1537443000861,16,Del_ContactFrom,200,OK,DeleteContact 2-3,text,true,,3364,481,15,30,16,0,0
1537442997930,16,Del_ContactFrom,200,"Number of samples in transaction : 2, number of failing samples : 0",DeleteContact 2-3,,true,,3364,481,15,30,16,2931,0
1537443000965,38,Add_MainPage,200,OK,AddContact 1-12,text,true,,10494,446,15,30,36,0,1
1537442999981,38,Add_MainPage,200,"Number of samples in transaction : 2, number of failing samples : 0",AddContact 1-12,,true,,10494,446,15,30,36,984,1
1537443001058,24,Add_ContactForm,200,OK,AddContact 1-11,text,true,,3239,474,15,30,24,0,0
1537443000084,24,Add_ContactForm,200,"Number of samples in transaction : 2, number of failing samples : 0",AddContact 1-11,,true,,3239,474,15,30,24,974,0
1537443001619,47,Del_ContactFrom,200,OK,DeleteContact 2-4,text,true,,3174,481,15,30,47,0,0
1537442998669,47,Del_ContactFrom,200,"Number of samples in transaction : 2, number of failing samples : 0",DeleteContact 2-4,,true,,3174,481,15,30,47,2952,0
1537443001611,60,Del_MainPage,200,OK,DeleteContact 2-7,text,true,,10494,446,15,30,59,0,1
1537443000626,60,Del_MainPage,200,"Number of samples in transaction : 2, number of failing samples : 0",DeleteContact 2-7,,true,,10494,446,15,30,59,991,1
1537443001613,66,Add_ContactAction,200,OK,AddContact 1-8,text,true,,2477,1379,15,30,66,0,5
1537442998661,66,Add_ContactAction,200,"Number of samples in transaction : 2, number of failing samples : 0",AddContact 1-8,,true,,2477,1379,15,30,66,2952,5
1537443001735,45,Add_MainPage,200,OK,AddContact 1-13,text,true,,10647,446,15,30,43,0,0
1537443000750,45,Add_MainPage,200,"Number of samples in transaction : 2, number of failing samples : 0",AddContact 1-13,,true,,10647,446,15,30,43,985,0
1537443002383,24,Add_ContactForm,200,OK,AddContact 1-12,text,true,,3239,474,15,30,24,0,0
1537443001003,24,Add_ContactForm,200,"Number of samples in transaction : 2, number of failing samples : 0",AddContact 1-12,,true,,3239,474,15,30,24,978,0
1537443002580,34,Del_Contact,200,OK,DeleteContact 2-1,text,true,,2490,510,15,30,34,0,0
1537442999224,34,Del_Contact,200,"Number of samples in transaction : 2, number of failing samples : 0",DeleteContact 2-1,,true,,2490,510,15,30,34,2955,0
1537443002568,73,Del_MainPage,200,OK,DeleteContact 2-8,text,true,,10647,446,15,30,72,0,0
1537443001180,73,Del_MainPage,200,"Number of samples in transaction : 2, number of failing samples : 0",DeleteContact 2-8,,true,,10647,446,15,30,72,1056,0
1537443002559,158,Del_Contact,200,OK,DeleteContact 2-14,text,true,,2484,510,15,30,158,0,0
1537442999210,158,Del_Contact,200,"Number of samples in transaction : 2, number of failing samples : 0",DeleteContact 2-14,,true,,2484,510,15,30,158,2947,0
1537443002712,21,Add_ContactAction,200,OK,AddContact 1-9,text,true,,2477,1601,15,30,21,0,0
1537442999312,21,Add_ContactAction,200,"Number of samples in transaction : 2, number of failing samples : 0",AddContact 1-9,,true,,2477,1601,15,30,21,2998,0
1537443002999,26,Del_ContactFrom,200,OK,DeleteContact 2-5,text,true,,3329,481,15,30,26,0,0
1537442999646,26,Del_ContactFrom,200,"Number of samples in transaction : 2, number of failing samples : 0",DeleteContact 2-5,,true,,3329,481,15,30,26,2952,0
1537443003152,26,Add_ContactForm,200,OK,AddContact 1-13,text,true,,3239,474,15,30,26,0,0
1537443001780,26,Add_ContactForm,200,"Number of samples in transaction : 2, number of failing samples : 0",AddContact 1-13,,true,,3239,474,15,30,26,971,0
1537443003338,72,Add_MainPage,200,OK,AddContact 1-14,text,true,,10688,446,15,30,71,0,0
1537443002352,72,Add_MainPage,200,"Number of samples in transaction : 2, number of failing samples : 0",AddContact 1-14,,true,,10688,446,15,30,71,986,0
1537443003339,74,Add_MainPage,200,OK,AddContact 1-1,text,true,,10688,446,15,30,73,0,0
1537443002352,74,Add_MainPage,200,"Number of samples in transaction : 2, number of failing samples : 0",AddContact 1-1,,true,,10688,446,15,30,73,987,0
1537443003352,65,Del_Contact,200,OK,DeleteContact 2-15,text,true,,2484,510,15,30,65,0,0
1537443000000,65,Del_Contact,200,"Number of samples in transaction : 2, number of failing samples : 0",DeleteContact 2-15,,true,,2484,510,15,30,65,2950,0
1537443003353,67,Del_Contact,200,OK,DeleteContact 2-2,text,true,,2484,510,15,30,67,0,0
1537443000002,67,Del_Contact,200,"Number of samples in transaction : 2, number of failing samples : 0",DeleteContact 2-2,,true,,2484,510,15,30,67,2951,0
1537443003461,25,Add_ContactAction,200,OK,AddContact 1-10,text,true,,2477,1313,15,30,25,0,0
1537443000116,25,Add_ContactAction,200,"Number of samples in transaction : 2, number of failing samples : 0",AddContact 1-10,,true,,2477,1313,15,30,25,2943,0
1537443003491,18,Del_MainPage,200,OK,DeleteContact 2-9,text,true,,10568,446,15,30,17,0,0
1537443002505,18,Del_MainPage,200,"Number of samples in transaction : 2, number of failing samples : 0",DeleteContact 2-9,,true,,10568,446,15,30,17,988,0
1537443003829,24,Del_ContactFrom,200,OK,DeleteContact 2-6,text,true,,3368,481,15,30,24,0,1
1537443000487,24,Del_ContactFrom,200,"Number of samples in transaction : 2, number of failing samples : 0",DeleteContact 2-6,,true,,3368,481,15,30,24,2941,1
1537443004229,53,Add_MainPage,200,OK,AddContact 1-15,text,true,,10568,446,15,30,52,0,1
1537443003244,53,Add_MainPage,200,"Number of samples in transaction : 2, number of failing samples : 0",AddContact 1-15,,true,,10568,446,15,30,52,985,1
1537443004230,58,Del_Contact,200,OK,DeleteContact 2-3,text,true,,2484,510,15,30,58,0,1
1537443000877,58,Del_Contact,200,"Number of samples in transaction : 2, number of failing samples : 0",DeleteContact 2-3,,true,,2484,510,15,30,58,2952,1
1537443004307,18,Add_MainPage,200,OK,AddContact 1-2,text,true,,10394,446,15,30,17,0,0
1537443003321,18,Add_MainPage,200,"Number of samples in transaction : 2, number of failing samples : 0",AddContact 1-2,,true,,10394,446,15,30,17,986,0
1537443004353,18,Del_MainPage,200,OK,DeleteContact 2-10,text,true,,10394,446,15,30,17,0,1
1537443003367,18,Del_MainPage,200,"Number of samples in transaction : 2, number of failing samples : 0",DeleteContact 2-10,,true,,10394,446,15,30,17,989,1
1537443004383,24,Add_ContactForm,200,OK,AddContact 1-14,text,true,,3239,474,15,30,23,0,0
1537443003411,24,Add_ContactForm,200,"Number of samples in transaction : 2, number of failing samples : 0",AddContact 1-14,,true,,3239,474,15,30,23,972,0
1537443004383,26,Add_ContactForm,200,OK,AddContact 1-1,text,true,,3239,474,15,30,26,0,0
1537443003413,26,Add_ContactForm,200,"Number of samples in transaction : 2, number of failing samples : 0",AddContact 1-1,,true,,3239,474,15,30,26,970,0
1537443004429,24,Add_ContactAction,200,OK,AddContact 1-11,text,true,,2477,1638,15,30,24,0,1
1537443001082,24,Add_ContactAction,200,"Number of samples in transaction : 2, number of failing samples : 0",AddContact 1-11,,true,,2477,1638,15,30,24,2945,1
1537443004783,32,Add_MainPage,200,OK,AddContact 1-3,text,true,,10634,446,15,30,31,0,1
1537443003799,32,Add_MainPage,200,"Number of samples in transaction : 2, number of failing samples : 0",AddContact 1-3,,true,,10634,446,15,30,31,985,1
1537443005015,43,Del_Contact,200,OK,DeleteContact 2-4,text,true,,2490,510,15,30,43,0,0
1537443001668,43,Del_Contact,200,"Number of samples in transaction : 2, number of failing samples : 0",DeleteContact 2-4,,true,,2490,510,15,30,43,2945,0
1537443005030,34,Del_ContactFrom,200,OK,DeleteContact 2-7,text,true,,3315,481,15,30,34,0,0
1537443001677,34,Del_ContactFrom,200,"Number of samples in transaction : 2, number of failing samples : 0",DeleteContact 2-7,,true,,3315,481,15,30,34,2951,0
1537443005261,24,Add_ContactForm,200,OK,AddContact 1-15,text,true,,3239,474,15,30,24,0,0
1537443004282,24,Add_ContactForm,200,"Number of samples in transaction : 2, number of failing samples : 0",AddContact 1-15,,true,,3239,474,15,30,24,979,0
1537443005307,15,Add_ContactForm,200,OK,AddContact 1-2,text,true,,3239,474,15,30,15,0,0
1537443004325,15,Add_ContactForm,200,"Number of samples in transaction : 2, number of failing samples : 0",AddContact 1-2,,true,,3239,474,15,30,15,983,0
1537443005338,28,Del_MainPage,200,OK,DeleteContact 2-11,text,true,,10634,446,15,30,27,0,0
1537443004353,28,Del_MainPage,200,"Number of samples in transaction : 2, number of failing samples : 0",DeleteContact 2-11,,true,,10634,446,15,30,27,987,0
1537443005352,69,Add_ContactAction,200,OK,AddContact 1-12,text,true,,2477,1523,15,30,69,0,1
1537443002407,69,Add_ContactAction,200,"Number of samples in transaction : 2, number of failing samples : 0",AddContact 1-12,,true,,2477,1523,15,30,69,2945,1
1537443005660,27,Del_ContactFrom,200,OK,DeleteContact 2-8,text,true,,3311,481,15,30,27,0,1
1537443002711,27,Del_ContactFrom,200,"Number of samples in transaction : 2, number of failing samples : 0",DeleteContact 2-8,,true,,3311,481,15,30,27,2950,1
1537443005799,25,Add_ContactForm,200,OK,AddContact 1-3,text,true,,3239,474,15,30,25,0,0
1537443004816,25,Add_ContactForm,200,"Number of samples in transaction : 2, number of failing samples : 0",AddContact 1-3,,true,,3239,474,15,30,25,983,0
1537443005969,17,Del_Contact,200,OK,DeleteContact 2-5,text,true,,2484,510,15,30,16,0,0
1537443003026,17,Del_Contact,200,"Number of samples in transaction : 2, number of failing samples : 0",DeleteContact 2-5,,true,,2484,510,15,30,16,2943,0
1537443006122,28,Add_ContactAction,200,OK,AddContact 1-13,text,true,,2477,1139,15,30,28,0,1
1537443003180,28,Add_ContactAction,200,"Number of samples in transaction : 2, number of failing samples : 0",AddContact 1-13,,true,,2477,1139,15,30,28,2943,1
1537443006153,33,Add_MainPage,200,OK,AddContact 1-4,text,true,,10752,446,15,30,32,0,1
1537443005168,33,Add_MainPage,200,"Number of samples in transaction : 2, number of failing samples : 0",AddContact 1-4,,true,,10752,446,15,30,32,986,1
1537443006307,35,Del_MainPage,200,OK,DeleteContact 2-12,text,true,,10752,446,15,30,34,0,1
1537443005321,35,Del_MainPage,200,"Number of samples in transaction : 2, number of failing samples : 0",DeleteContact 2-12,,true,,10752,446,15,30,34,989,1
1537443006461,26,Del_ContactFrom,200,OK,DeleteContact 2-9,text,true,,3175,481,15,30,25,0,1
1537443003511,26,Del_ContactFrom,200,"Number of samples in transaction : 2, number of failing samples : 0",DeleteContact 2-9,,true,,3175,481,15,30,25,2950,1
1537443006800,25,Del_Contact,200,OK,DeleteContact 2-6,text,true,,2484,510,15,30,25,0,0
1537443003854,25,Del_Contact,200,"Number of samples in transaction : 2, number of failing samples : 0",DeleteContact 2-6,,true,,2484,510,15,30,25,2946,0
1537443007534,33,Del_MainPage,200,OK,DeleteContact 2-13,text,true,,10572,446,15,30,31,0,1
1537443006153,33,Del_MainPage,200,"Number of samples in transaction : 2, number of failing samples : 0",DeleteContact 2-13,,true,,10572,446,15,30,31,988,1
1537443007565,19,Add_ContactForm,200,OK,AddContact 1-4,text,true,,3239,474,15,30,19,0,0
1537443006187,19,Add_ContactForm,200,"Number of samples in transaction : 2, number of failing samples : 0",AddContact 1-4,,true,,3239,474,15,30,19,982,0
1537443007626,18,Add_MainPage,200,OK,AddContact 1-5,text,true,,10572,446,15,30,17,0,0
1537443006245,18,Add_MainPage,200,"Number of samples in transaction : 2, number of failing samples : 0",AddContact 1-5,,true,,10572,446,15,30,17,985,0
1537443007720,29,Del_ContactFrom,200,OK,DeleteContact 2-10,text,true,,3315,481,15,30,29,0,0
1537443004374,29,Del_ContactFrom,200,"Number of samples in transaction : 2, number of failing samples : 0",DeleteContact 2-10,,true,,3315,481,15,30,29,2950,0
1537443007750,26,Add_ContactAction,200,OK,AddContact 1-14,text,true,,2477,1583,15,30,26,0,0
1537443004407,26,Add_ContactAction,200,"Number of samples in transaction : 2, number of failing samples : 0",AddContact 1-14,,true,,2477,1583,15,30,26,2947,0
1537443007750,124,Add_ContactAction,200,OK,AddContact 1-1,text,true,,2477,1343,15,30,124,0,1
1537443004409,124,Add_ContactAction,200,"Number of samples in transaction : 2, number of failing samples : 0",AddContact 1-1,,true,,2477,1343,15,30,124,2945,1
1537443008626,453,Add_ContactForm,200,OK,AddContact 1-5,text,true,,3239,474,15,30,453,0,0
1537443007644,453,Add_ContactForm,200,"Number of samples in transaction : 2, number of failing samples : 0",AddContact 1-5,,true,,3239,474,15,30,453,982,0
1537443008411,730,Del_Contact,200,OK,DeleteContact 2-7,text,true,,2483,510,15,30,730,0,0
1537443005064,730,Del_Contact,200,"Number of samples in transaction : 2, number of failing samples : 0",DeleteContact 2-7,,true,,2483,510,15,30,730,2951,0
1537443008627,521,Add_ContactAction,200,OK,AddContact 1-15,text,true,,2477,1638,15,30,521,0,0
1537443005285,521,Add_ContactAction,200,"Number of samples in transaction : 2, number of failing samples : 0",AddContact 1-15,,true,,2477,1638,15,30,521,2946,0
1537443008719,433,Del_ContactFrom,200,OK,DeleteContact 2-11,text,true,,3296,481,15,30,433,0,0
1537443005368,433,Del_ContactFrom,200,"Number of samples in transaction : 2, number of failing samples : 0",DeleteContact 2-11,,true,,3296,481,15,30,433,3060,0
1537443009042,614,Del_MainPage,200,OK,DeleteContact 2-14,text,true,,11170,446,15,30,613,0,0
1537443008015,614,Del_MainPage,200,"Number of samples in transaction : 2, number of failing samples : 0",DeleteContact 2-14,,true,,11170,446,15,30,613,1029,0
1537443008918,747,Del_MainPage,200,OK,DeleteContact 2-1,text,true,,11170,446,15,30,746,0,1
1537443007934,747,Del_MainPage,200,"Number of samples in transaction : 2, number of failing samples : 0",DeleteContact 2-1,,true,,11170,446,15,30,746,986,1
1537443008735,939,Add_MainPage,200,OK,AddContact 1-6,text,true,,11170,446,15,30,937,0,0
1537443007749,939,Add_MainPage,200,"Number of samples in transaction : 2, number of failing samples : 0",AddContact 1-6,,true,,11170,446,15,30,937,986,0
1537443008673,1002,Add_ContactAction,200,OK,AddContact 1-2,text,true,,2477,1349,15,30,1002,0,0
1537443005323,1002,Add_ContactAction,200,"Number of samples in transaction : 2, number of failing samples : 0",AddContact 1-2,,true,,2477,1349,15,30,1002,2955,0
1537443009026,760,Del_Contact,200,OK,DeleteContact 2-8,text,true,,2483,510,15,30,760,0,1
1537443005688,760,Del_Contact,200,"Number of samples in transaction : 2, number of failing samples : 0",DeleteContact 2-8,,true,,2483,510,15,30,760,2943,1
1537443009688,104,Del_ContactFrom,200,OK,DeleteContact 2-12,text,true,,3401,481,15,30,104,0,1
1537443006345,104,Del_ContactFrom,200,"Number of samples in transaction : 2, number of failing samples : 0",DeleteContact 2-12,,true,,3401,481,15,30,104,2947,1
1537443009704,94,Del_MainPage,200,OK,DeleteContact 2-15,text,true,,11170,446,15,30,94,0,1
1537443008719,94,Del_MainPage,200,"Number of samples in transaction : 2, number of failing samples : 0",DeleteContact 2-15,,true,,11170,446,15,30,94,987,1
1537443009704,99,Del_MainPage,200,OK,DeleteContact 2-2,text,true,,11170,446,15,30,98,0,0
1537443008719,99,Del_MainPage,200,"Number of samples in transaction : 2, number of failing samples : 0",DeleteContact 2-2,,true,,11170,446,15,30,98,987,0
1537443009289,519,Add_MainPage,200,OK,AddContact 1-7,text,true,,11170,446,15,30,518,0,0
1537443008303,519,Add_MainPage,200,"Number of samples in transaction : 2, number of failing samples : 0",AddContact 1-7,,true,,11170,446,15,30,518,986,0
1537443009257,561,Add_ContactAction,200,OK,AddContact 1-3,text,true,,2477,1319,15,30,561,0,1
1537443005824,561,Add_ContactAction,200,"Number of samples in transaction : 2, number of failing samples : 0",AddContact 1-3,,true,,2477,1319,15,30,561,3037,1
1537443009827,12,Del_Contact,200,OK,DeleteContact 2-9,text,true,,2490,510,15,30,12,0,0
1537443006487,12,Del_Contact,200,"Number of samples in transaction : 2, number of failing samples : 0",DeleteContact 2-9,,true,,2490,510,15,30,12,2945,0
1537443010335,34,Add_MainPage,200,OK,AddContact 1-8,text,true,,11208,446,15,30,32,0,1
1537443009350,34,Add_MainPage,200,"Number of samples in transaction : 2, number of failing samples : 0",AddContact 1-8,,true,,11208,446,15,30,32,985,1
1537443010520,42,Del_ContactFrom,200,OK,DeleteContact 2-13,text,true,,3399,481,15,30,42,0,0
1537443007570,42,Del_ContactFrom,200,"Number of samples in transaction : 2, number of failing samples : 0",DeleteContact 2-13,,true,,3399,481,15,30,42,2950,0
1537443010534,32,Add_ContactAction,200,OK,AddContact 1-4,text,true,,2477,1229,15,30,32,0,1
1537443007584,32,Add_ContactAction,200,"Number of samples in transaction : 2, number of failing samples : 0",AddContact 1-4,,true,,2477,1229,15,30,32,2951,1
1537443010574,18,Del_MainPage,200,OK,DeleteContact 2-3,text,true,,11324,446,15,30,17,0,0
1537443009596,18,Del_MainPage,200,"Number of samples in transaction : 2, number of failing samples : 0",DeleteContact 2-3,,true,,11324,446,15,30,17,989,0
1537443010658,27,Add_ContactForm,200,OK,AddContact 1-6,text,true,,3239,474,15,30,27,0,0
1537443009674,27,Add_ContactForm,200,"Number of samples in transaction : 2, number of failing samples : 0",AddContact 1-6,,true,,3239,474,15,30,27,984,0
1537443010689,22,Del_Contact,200,OK,DeleteContact 2-10,text,true,,2489,510,15,30,22,0,0
1537443007749,22,Del_Contact,200,"Number of samples in transaction : 2, number of failing samples : 0",DeleteContact 2-10,,true,,2489,510,15,30,22,2940,0
1537443010781,23,Add_ContactForm,200,OK,AddContact 1-7,text,true,,3239,474,15,30,23,0,0
1537443009808,23,Add_ContactForm,200,"Number of samples in transaction : 2, number of failing samples : 0",AddContact 1-7,,true,,3239,474,15,30,23,973,0
1537443010981,32,Add_MainPage,200,OK,AddContact 1-9,text,true,,11324,446,15,30,31,0,1
1537443009996,32,Add_MainPage,200,"Number of samples in transaction : 2, number of failing samples : 0",AddContact 1-9,,true,,11324,446,15,30,31,986,1
1537443011350,31,Add_ContactForm,200,OK,AddContact 1-8,text,true,,3239,474,15,30,31,0,0
1537443010369,31,Add_ContactForm,200,"Number of samples in transaction : 2, number of failing samples : 0",AddContact 1-8,,true,,3239,474,15,30,31,982,0
1537443011335,53,Del_MainPage,200,OK,DeleteContact 2-4,text,true,,11324,446,15,30,52,0,1
1537443010350,53,Del_MainPage,200,"Number of samples in transaction : 2, number of failing samples : 0",DeleteContact 2-4,,true,,11324,446,15,30,52,986,1
1537443011736,19,Add_MainPage,200,OK,AddContact 1-10,text,true,,11324,446,15,30,18,0,0
1537443010750,19,Add_MainPage,200,"Number of samples in transaction : 2, number of failing samples : 0",AddContact 1-10,,true,,11324,446,15,30,18,986,0
1537443011997,27,Add_ContactForm,200,OK,AddContact 1-9,text,true,,3239,474,15,30,27,0,0
1537443011014,27,Add_ContactForm,200,"Number of samples in transaction : 2, number of failing samples : 0",AddContact 1-9,,true,,3239,474,15,30,27,984,0
1537443012028,20,Add_ContactAction,200,OK,AddContact 1-5,text,true,,2477,1133,15,30,20,0,0
1537443009079,20,Add_ContactAction,200,"Number of samples in transaction : 2, number of failing samples : 0",AddContact 1-5,,true,,2477,1133,15,30,20,2949,0
1537443012212,29,Del_Contact,200,OK,DeleteContact 2-11,text,true,,2483,510,15,30,29,0,1
1537443009257,29,Del_Contact,200,"Number of samples in transaction : 2, number of failing samples : 0",DeleteContact 2-11,,true,,2483,510,15,30,29,2955,1
1537443012274,28,Del_MainPage,200,OK,DeleteContact 2-5,text,true,,11290,446,15,30,27,0,0
1537443011289,28,Del_MainPage,200,"Number of samples in transaction : 2, number of failing samples : 0",DeleteContact 2-5,,true,,11290,446,15,30,27,988,0
1537443012481,48,Del_ContactFrom,200,OK,DeleteContact 2-14,text,true,,3388,481,15,30,48,0,1
1537443009658,48,Del_ContactFrom,200,"Number of samples in transaction : 2, number of failing samples : 0",DeleteContact 2-14,,true,,3388,481,15,30,48,2943,1
1537443012482,51,Del_ContactFrom,200,OK,DeleteContact 2-1,text,true,,3333,481,15,30,51,0,1
1537443009667,51,Del_ContactFrom,200,"Number of samples in transaction : 2, number of failing samples : 0",DeleteContact 2-1,,true,,3333,481,15,30,51,2935,1
1537443012585,62,Add_MainPage,200,OK,AddContact 1-11,text,true,,11290,446,15,30,61,0,0
1537443011720,62,Add_MainPage,200,"Number of samples in transaction : 2, number of failing samples : 0",AddContact 1-11,,true,,11290,446,15,30,61,985,0
1537443012617,38,Add_ContactForm,200,OK,AddContact 1-10,text,true,,3239,474,15,30,38,0,0
1537443011755,38,Add_ContactForm,200,"Number of samples in transaction : 2, number of failing samples : 0",AddContact 1-10,,true,,3239,474,15,30,38,983,0
1537443012615,44,Del_ContactFrom,200,OK,DeleteContact 2-2,text,true,,3381,481,15,30,44,0,1
1537443009805,44,Del_ContactFrom,200,"Number of samples in transaction : 2, number of failing samples : 0",DeleteContact 2-2,,true,,3381,481,15,30,44,2931,1
1537443012616,46,Del_ContactFrom,200,OK,DeleteContact 2-15,text,true,,3349,481,15,30,46,0,1
1537443009800,46,Del_ContactFrom,200,"Number of samples in transaction : 2, number of failing samples : 0",DeleteContact 2-15,,true,,3349,481,15,30,46,2936,1
1537443012599,66,Del_Contact,200,OK,DeleteContact 2-12,text,true,,2483,510,15,30,66,0,1
1537443009792,66,Del_Contact,200,"Number of samples in transaction : 2, number of failing samples : 0",DeleteContact 2-12,,true,,2483,510,15,30,66,2928,1
1537443013000,29,Del_MainPage,200,OK,DeleteContact 2-6,text,true,,11075,446,15,30,28,0,1
1537443012135,29,Del_MainPage,200,"Number of samples in transaction : 2, number of failing samples : 0",DeleteContact 2-6,,true,,11075,446,15,30,28,989,1
1537443013370,26,Del_Contact,200,OK,DeleteContact 2-13,text,true,,2483,510,15,30,26,0,1
1537443010562,26,Del_Contact,200,"Number of samples in transaction : 2, number of failing samples : 0",DeleteContact 2-13,,true,,2483,510,15,30,26,2928,1
1537443013421,25,Del_ContactFrom,200,OK,DeleteContact 2-3,text,true,,3343,481,15,30,25,0,1
1537443010603,25,Del_ContactFrom,200,"Number of samples in transaction : 2, number of failing samples : 0",DeleteContact 2-3,,true,,3343,481,15,30,25,2939,1
1537443013495,29,Add_ContactAction,200,OK,AddContact 1-6,text,true,,2477,1403,15,30,29,0,1
1537443010685,29,Add_ContactAction,200,"Number of samples in transaction : 2, number of failing samples : 0",AddContact 1-6,,true,,2477,1403,15,30,29,2930,1
1537443013539,29,Add_MainPage,200,OK,AddContact 1-12,text,true,,11025,446,15,30,28,0,0
1537443012566,29,Add_MainPage,200,"Number of samples in transaction : 2, number of failing samples : 0",AddContact 1-12,,true,,11025,446,15,30,28,974,0
1537443013631,23,Add_ContactForm,200,OK,AddContact 1-11,text,true,,3239,474,15,30,23,0,0
1537443012647,23,Add_ContactForm,200,"Number of samples in transaction : 2, number of failing samples : 0",AddContact 1-11,,true,,3239,474,15,30,23,984,0
1537443013615,45,Add_ContactAction,200,OK,AddContact 1-7,text,true,,2477,1427,15,30,45,0,1
1537443010805,45,Add_ContactAction,200,"Number of samples in transaction : 2, number of failing samples : 0",AddContact 1-7,,true,,2477,1427,15,30,45,2930,1
1537443014203,49,Del_ContactFrom,200,OK,DeleteContact 2-4,text,true,,3421,481,15,30,49,0,0
1537443011389,49,Del_ContactFrom,200,"Number of samples in transaction : 2, number of failing samples : 0",DeleteContact 2-4,,true,,3421,481,15,30,49,2935,0
1537443014201,53,Add_ContactAction,200,OK,AddContact 1-8,text,true,,2477,1247,15,30,53,0,1
1537443011382,53,Add_ContactAction,200,"Number of samples in transaction : 2, number of failing samples : 0",AddContact 1-8,,true,,2477,1247,15,30,53,2940,1
1537443014262,17,Add_MainPage,200,OK,AddContact 1-13,text,true,,11322,446,15,30,16,0,0
1537443013278,17,Add_MainPage,200,"Number of samples in transaction : 2, number of failing samples : 0",AddContact 1-13,,true,,11322,446,15,30,16,984,0
1537443014539,25,Add_ContactForm,200,OK,AddContact 1-12,text,true,,3239,474,15,30,25,0,0
1537443013569,25,Add_ContactForm,200,"Number of samples in transaction : 2, number of failing samples : 0",AddContact 1-12,,true,,3239,474,15,30,25,1036,0
1537443014832,62,Add_ContactAction,200,OK,AddContact 1-9,text,true,,2477,1085,15,30,62,0,1
1537443012025,62,Add_ContactAction,200,"Number of samples in transaction : 2, number of failing samples : 0",AddContact 1-9,,true,,2477,1085,15,30,62,2927,1
1537443014908,34,Del_MainPage,200,OK,DeleteContact 2-7,text,true,,11421,446,15,30,32,0,1
1537443013923,34,Del_MainPage,200,"Number of samples in transaction : 2, number of failing samples : 0",DeleteContact 2-7,,true,,11421,446,15,30,32,988,1
1537443015124,25,Del_ContactFrom,200,OK,DeleteContact 2-5,text,true,,3429,481,15,30,25,0,1
1537443012305,25,Del_ContactFrom,200,"Number of samples in transaction : 2, number of failing samples : 0",DeleteContact 2-5,,true,,3429,481,15,30,25,2940,1
1537443015263,21,Add_ContactForm,200,OK,AddContact 1-13,text,true,,3239,474,15,30,21,0,0
1537443014279,21,Add_ContactForm,200,"Number of samples in transaction : 2, number of failing samples : 0",AddContact 1-13,,true,,3239,474,15,30,21,984,0
1537443015467,83,Del_Contact,200,OK,DeleteContact 2-14,text,true,,2484,510,15,30,83,0,1
1537443012529,83,Del_Contact,200,"Number of samples in transaction : 2, number of failing samples : 0",DeleteContact 2-14,,true,,2484,510,15,30,83,2939,1
1537443015509,44,Add_MainPage,200,OK,AddContact 1-14,text,true,,11421,446,15,30,44,0,0
1537443014530,44,Add_MainPage,200,"Number of samples in transaction : 2, number of failing samples : 0",AddContact 1-14,,true,,11421,446,15,30,44,980,0
1537443015486,71,Del_Contact,200,OK,DeleteContact 2-1,text,true,,2484,510,15,30,71,0,0
1537443012533,71,Del_Contact,200,"Number of samples in transaction : 2, number of failing samples : 0",DeleteContact 2-1,,true,,2484,510,15,30,71,2953,0
1537443015601,100,Del_MainPage,200,OK,DeleteContact 2-8,text,true,,11132,446,15,30,99,0,0
1537443014630,100,Del_MainPage,200,"Number of samples in transaction : 2, number of failing samples : 0",DeleteContact 2-8,,true,,11132,446,15,30,99,974,0
1537443015601,105,Del_MainPage,200,OK,DeleteContact 2-9,text,true,,11132,446,15,30,105,0,1
1537443014630,105,Del_MainPage,200,"Number of samples in transaction : 2, number of failing samples : 0",DeleteContact 2-9,,true,,11132,446,15,30,105,973,1
1537443015616,95,Add_MainPage,200,OK,AddContact 1-1,text,true,,11132,446,15,30,94,0,1
1537443014631,95,Add_MainPage,200,"Number of samples in transaction : 2, number of failing samples : 0",AddContact 1-1,,true,,11132,446,15,30,94,985,1
1537443015602,117,Add_ContactAction,200,OK,AddContact 1-10,text,true,,2477,1403,15,30,117,0,0
1537443012656,117,Add_ContactAction,200,"Number of samples in transaction : 2, number of failing samples : 0",AddContact 1-10,,true,,2477,1403,15,30,117,2946,0
1537443015617,105,Del_Contact,200,OK,DeleteContact 2-15,text,true,,2484,510,15,30,105,0,0
1537443012662,105,Del_Contact,200,"Number of samples in transaction : 2, number of failing samples : 0",DeleteContact 2-15,,true,,2484,510,15,30,105,2955,0
1537443015600,124,Del_Contact,200,OK,DeleteContact 2-2,text,true,,2484,510,15,30,124,0,1
1537443012660,124,Del_Contact,200,"Number of samples in transaction : 2, number of failing samples : 0",DeleteContact 2-2,,true,,2484,510,15,30,124,2940,1
1537443015985,27,Del_ContactFrom,200,OK,DeleteContact 2-6,text,true,,3302,481,15,30,27,0,1
1537443013033,27,Del_ContactFrom,200,"Number of samples in transaction : 2, number of failing samples : 0",DeleteContact 2-6,,true,,3302,481,15,30,27,2952,1
1537443016385,27,Del_Contact,200,OK,DeleteContact 2-3,text,true,,2484,510,15,30,26,0,1
1537443013447,27,Del_Contact,200,"Number of samples in transaction : 2, number of failing samples : 0",DeleteContact 2-3,,true,,2484,510,15,30,26,2938,1
1537443016470,28,Del_MainPage,200,OK,DeleteContact 2-10,text,true,,10724,446,15,30,27,0,1
1537443015497,28,Del_MainPage,200,"Number of samples in transaction : 2, number of failing samples : 0",DeleteContact 2-10,,true,,10724,446,15,30,27,976,1
1537443016539,14,Add_ContactForm,200,OK,AddContact 1-14,text,true,,3239,474,15,30,14,0,0
1537443015554,14,Add_ContactForm,200,"Number of samples in transaction : 2, number of failing samples : 0",AddContact 1-14,,true,,3239,474,15,30,14,985,0
1537443016571,16,Add_ContactAction,200,OK,AddContact 1-11,text,true,,2477,1361,15,30,16,0,1
1537443013654,16,Add_ContactAction,200,"Number of samples in transaction : 2, number of failing samples : 0",AddContact 1-11,,true,,2477,1361,15,30,16,2918,1
1537443016678,23,Add_ContactForm,200,OK,AddContact 1-1,text,true,,3239,474,15,30,23,0,0
1537443015711,23,Add_ContactForm,200,"Number of samples in transaction : 2, number of failing samples : 0",AddContact 1-1,,true,,3239,474,15,30,23,967,0
1537443016846,73,Add_MainPage,200,OK,AddContact 1-15,text,true,,10861,446,15,30,70,0,1
1537443015877,73,Add_MainPage,200,"Number of samples in transaction : 2, number of failing samples : 0",AddContact 1-15,,true,,10861,446,15,30,70,970,1
1537443017170,29,Del_Contact,200,OK,DeleteContact 2-4,text,true,,2484,510,15,30,29,0,1
1537443014253,29,Del_Contact,200,"Number of samples in transaction : 2, number of failing samples : 0",DeleteContact 2-4,,true,,2484,510,15,30,29,2918,1
1537443017259,28,Add_MainPage,200,OK,AddContact 1-2,text,true,,10644,446,15,30,27,0,0
1537443016417,28,Add_MainPage,200,"Number of samples in transaction : 2, number of failing samples : 0",AddContact 1-2,,true,,10644,446,15,30,27,978,0
1537443017413,18,Add_MainPage,200,OK,AddContact 1-3,text,true,,10644,446,15,30,17,0,0
1537443016555,18,Add_MainPage,200,"Number of samples in transaction : 2, number of failing samples : 0",AddContact 1-3,,true,,10644,446,15,30,17,986,0
1537443017428,18,Add_ContactAction,200,OK,AddContact 1-12,text,true,,2477,1307,15,30,18,0,0
1537443014630,18,Add_ContactAction,200,"Number of samples in transaction : 2, number of failing samples : 0",AddContact 1-12,,true,,2477,1307,15,30,18,2925,0
1537443017767,28,Add_ContactForm,200,OK,AddContact 1-15,text,true,,3239,474,15,30,28,0,0
1537443016920,28,Add_ContactForm,200,"Number of samples in transaction : 2, number of failing samples : 0",AddContact 1-15,,true,,3239,474,15,30,28,976,0
1537443017752,47,Del_ContactFrom,200,OK,DeleteContact 2-7,text,true,,3175,481,15,30,47,0,0
1537443014945,47,Del_ContactFrom,200,"Number of samples in transaction : 2, number of failing samples : 0",DeleteContact 2-7,,true,,3175,481,15,30,47,2935,0
1537443017859,33,Del_MainPage,200,OK,DeleteContact 2-11,text,true,,10783,446,15,30,32,0,1
1537443017001,33,Del_MainPage,200,"Number of samples in transaction : 2, number of failing samples : 0",DeleteContact 2-11,,true,,10783,446,15,30,32,1033,1
1537443017952,14,Del_Contact,200,OK,DeleteContact 2-5,text,true,,2483,510,15,30,14,0,0
1537443015150,14,Del_Contact,200,"Number of samples in transaction : 2, number of failing samples : 0",DeleteContact 2-5,,true,,2483,510,15,30,14,2929,0
1537443018091,29,Add_ContactAction,200,OK,AddContact 1-13,text,true,,2477,1379,15,30,28,0,1
1537443015284,29,Add_ContactAction,200,"Number of samples in transaction : 2, number of failing samples : 0",AddContact 1-13,,true,,2477,1379,15,30,28,2934,1
1537443018152,32,Add_MainPage,200,OK,AddContact 1-4,text,true,,10735,446,15,30,31,0,0
1537443017166,32,Add_MainPage,200,"Number of samples in transaction : 2, number of failing samples : 0",AddContact 1-4,,true,,10735,446,15,30,31,987,0
1537443018275,23,Add_ContactForm,200,OK,AddContact 1-2,text,true,,3239,474,15,30,23,0,0
1537443017296,23,Add_ContactForm,200,"Number of samples in transaction : 2, number of failing samples : 0",AddContact 1-2,,true,,3239,474,15,30,23,979,0
1537443018415,34,Add_ContactForm,200,OK,AddContact 1-3,text,true,,3239,474,15,30,34,0,0
1537443017432,34,Add_ContactForm,200,"Number of samples in transaction : 2, number of failing samples : 0",AddContact 1-3,,true,,3239,474,15,30,34,983,0
1537443018414,42,Del_MainPage,200,OK,DeleteContact 2-12,text,true,,10735,446,15,30,41,0,0
1537443017427,42,Del_MainPage,200,"Number of samples in transaction : 2, number of failing samples : 0",DeleteContact 2-12,,true,,10735,446,15,30,41,989,0
1537443018505,45,Del_ContactFrom,200,OK,DeleteContact 2-8,text,true,,3175,481,15,30,45,0,1
1537443015704,45,Del_ContactFrom,200,"Number of samples in transaction : 2, number of failing samples : 0",DeleteContact 2-8,,true,,3175,481,15,30,45,2929,1
1537443018506,48,Del_ContactFrom,200,OK,DeleteContact 2-9,text,true,,3320,481,15,30,48,0,1
1537443015708,48,Del_ContactFrom,200,"Number of samples in transaction : 2, number of failing samples : 0",DeleteContact 2-9,,true,,3320,481,15,30,48,2925,1
1537443018814,30,Del_Contact,200,OK,DeleteContact 2-6,text,true,,2484,510,15,30,30,0,0
1537443016012,30,Del_Contact,200,"Number of samples in transaction : 2, number of failing samples : 0",DeleteContact 2-6,,true,,2484,510,15,30,30,2929,0
1537443019136,34,Del_MainPage,200,OK,DeleteContact 2-13,text,true,,10604,446,15,30,32,0,1
1537443018152,34,Del_MainPage,200,"Number of samples in transaction : 2, number of failing samples : 0",DeleteContact 2-13,,true,,10604,446,15,30,32,987,1
1537443019167,30,Add_ContactForm,200,OK,AddContact 1-4,text,true,,3239,474,15,30,30,0,0
1537443018185,30,Add_ContactForm,200,"Number of samples in transaction : 2, number of failing samples : 0",AddContact 1-4,,true,,3239,474,15,30,30,982,0
1537443019306,34,Del_ContactFrom,200,OK,DeleteContact 2-10,text,true,,3383,481,15,30,25,0,1
1537443016501,34,Del_ContactFrom,200,"Number of samples in transaction : 2, number of failing samples : 0",DeleteContact 2-10,,true,,3383,481,15,30,25,2932,1
1537443019352,17,Add_ContactAction,200,OK,AddContact 1-14,text,true,,2477,1319,15,30,17,0,1
1537443016553,17,Add_ContactAction,200,"Number of samples in transaction : 2, number of failing samples : 0",AddContact 1-14,,true,,2477,1319,15,30,17,2926,1
1537443019506,32,Add_ContactAction,200,OK,AddContact 1-1,text,true,,2477,1589,15,30,31,0,1
1537443016701,32,Add_ContactAction,200,"Number of samples in transaction : 2, number of failing samples : 0",AddContact 1-1,,true,,2477,1589,15,30,31,2932,1
1537443019614,33,Add_MainPage,200,OK,AddContact 1-5,text,true,,10971,446,15,30,32,0,1
1537443018644,33,Add_MainPage,200,"Number of samples in transaction : 2, number of failing samples : 0",AddContact 1-5,,true,,10971,446,15,30,32,970,1
1537443020629,30,Add_ContactForm,200,OK,AddContact 1-5,text,true,,3239,474,15,30,30,0,0
1537443019647,30,Add_ContactForm,200,"Number of samples in transaction : 2, number of failing samples : 0",AddContact 1-5,,true,,3239,474,15,30,30,983,0
1537443020741,27,Del_Contact,200,OK,DeleteContact 2-7,text,true,,2490,510,15,30,27,0,1
1537443017800,27,Del_Contact,200,"Number of samples in transaction : 2, number of failing samples : 0",DeleteContact 2-7,,true,,2490,510,15,30,27,2942,1
1537443020721,107,Add_ContactAction,200,OK,AddContact 1-15,text,true,,2477,1187,15,30,107,0,1
1537443017797,107,Add_ContactAction,200,"Number of samples in transaction : 2, number of failing samples : 0",AddContact 1-15,,true,,2477,1187,15,30,107,2924,1
1537443020875,13,Del_ContactFrom,200,OK,DeleteContact 2-11,text,true,,3280,481,15,30,13,0,1
1537443017940,13,Del_ContactFrom,200,"Number of samples in transaction : 2, number of failing samples : 0",DeleteContact 2-11,,true,,3280,481,15,30,13,2936,1
1537443021228,53,Add_MainPage,200,OK,AddContact 1-6,text,true,,11101,446,15,30,52,0,1
1537443020244,53,Add_MainPage,200,"Number of samples in transaction : 2, number of failing samples : 0",AddContact 1-6,,true,,11101,446,15,30,52,984,1
1537443021230,54,Add_ContactAction,200,OK,AddContact 1-2,text,true,,2477,1283,15,30,54,0,0
1537443018298,54,Add_ContactAction,200,"Number of samples in transaction : 2, number of failing samples : 0",AddContact 1-2,,true,,2477,1283,15,30,54,2932,0
1537443021291,29,Del_MainPage,200,OK,DeleteContact 2-14,text,true,,11231,446,15,30,29,0,1
1537443020306,29,Del_MainPage,200,"Number of samples in transaction : 2, number of failing samples : 0",DeleteContact 2-14,,true,,11231,446,15,30,29,987,1
1537443021308,23,Del_MainPage,200,OK,DeleteContact 2-1,text,true,,11231,446,15,30,22,0,0
1537443020321,23,Del_MainPage,200,"Number of samples in transaction : 2, number of failing samples : 0",DeleteContact 2-1,,true,,11231,446,15,30,22,999,0
1537443021349,22,Add_MainPage,200,OK,AddContact 1-7,text,true,,11231,446,15,30,21,0,1
1537443020365,22,Add_MainPage,200,"Number of samples in transaction : 2, number of failing samples : 0",AddContact 1-7,,true,,11231,446,15,30,21,984,1
1537443021384,24,Del_ContactFrom,200,OK,DeleteContact 2-12,text,true,,3383,481,15,30,24,0,0
1537443018458,24,Del_ContactFrom,200,"Number of samples in transaction : 2, number of failing samples : 0",DeleteContact 2-12,,true,,3383,481,15,30,24,2926,0
1537443021383,27,Add_ContactAction,200,OK,AddContact 1-3,text,true,,2477,1223,15,30,27,0,0
1537443018449,27,Add_ContactAction,200,"Number of samples in transaction : 2, number of failing samples : 0",AddContact 1-3,,true,,2477,1223,15,30,27,2934,0
1537443021477,52,Del_Contact,200,OK,DeleteContact 2-8,text,true,,2490,510,15,30,52,0,0
1537443018551,52,Del_Contact,200,"Number of samples in transaction : 2, number of failing samples : 0",DeleteContact 2-8,,true,,2490,510,15,30,52,2927,0
1537443021460,80,Del_MainPage,200,OK,DeleteContact 2-15,text,true,,11361,446,15,30,79,0,1
1537443020475,80,Del_MainPage,200,"Number of samples in transaction : 2, number of failing samples : 0",DeleteContact 2-15,,true,,11361,446,15,30,79,987,1
1537443021475,70,Del_MainPage,200,OK,DeleteContact 2-2,text,true,,11361,446,15,30,69,0,1
1537443020491,70,Del_MainPage,200,"Number of samples in transaction : 2, number of failing samples : 0",DeleteContact 2-2,,true,,11361,446,15,30,69,986,1
1537443021491,62,Del_Contact,200,OK,DeleteContact 2-9,text,true,,2484,510,15,30,62,0,0
1537443018554,62,Del_Contact,200,"Number of samples in transaction : 2, number of failing samples : 0",DeleteContact 2-9,,true,,2484,510,15,30,62,2937,0
1537443021953,32,Add_MainPage,200,OK,AddContact 1-8,text,true,,11217,446,15,30,31,0,1
1537443020968,32,Add_MainPage,200,"Number of samples in transaction : 2, number of failing samples : 0",AddContact 1-8,,true,,11217,446,15,30,31,986,1
1537443021515,37,Del_ContactFrom,200,OK,DeleteContact 2-13,text,true,,3383,481,15,30,37,0,1
1537443019173,37,Del_ContactFrom,200,"Number of samples in transaction : 2, number of failing samples : 0",DeleteContact 2-13,,true,,3383,481,15,30,37,2934,1
1537443021531,43,Add_ContactAction,200,OK,AddContact 1-4,text,true,,2477,1313,15,30,43,0,1
1537443019197,43,Add_ContactAction,200,"Number of samples in transaction : 2, number of failing samples : 0",AddContact 1-4,,true,,2477,1313,15,30,43,2930,1
1537443021562,26,Del_MainPage,200,OK,DeleteContact 2-3,text,true,,11366,446,15,30,25,0,0
1537443021167,26,Del_MainPage,200,"Number of samples in transaction : 2, number of failing samples : 0",DeleteContact 2-3,,true,,11366,446,15,30,25,987,0
1537443021670,44,Add_ContactForm,200,OK,AddContact 1-6,text,true,,3239,474,15,30,44,0,0
1537443021281,44,Add_ContactForm,200,"Number of samples in transaction : 2, number of failing samples : 0",AddContact 1-6,,true,,3239,474,15,30,44,980,0
1537443021688,30,Del_Contact,200,OK,DeleteContact 2-10,text,true,,2484,510,15,30,30,0,0
1537443019340,30,Del_Contact,200,"Number of samples in transaction : 2, number of failing samples : 0",DeleteContact 2-10,,true,,2484,510,15,30,30,2939,0
1537443021759,14,Add_ContactForm,200,OK,AddContact 1-7,text,true,,3239,474,15,30,14,0,0
1537443021371,14,Add_ContactForm,200,"Number of samples in transaction : 2, number of failing samples : 0",AddContact 1-7,,true,,3239,474,15,30,14,979,0
1537443021992,40,Add_MainPage,200,OK,AddContact 1-9,text,true,,11171,446,15,30,38,0,1
1537443021614,40,Add_MainPage,200,"Number of samples in transaction : 2, number of failing samples : 0",AddContact 1-9,,true,,11171,446,15,30,38,969,1
1537443022368,29,Add_ContactForm,200,OK,AddContact 1-8,text,true,,3239,474,15,30,28,0,0
1537443021395,29,Add_ContactForm,200,"Number of samples in transaction : 2, number of failing samples : 0",AddContact 1-8,,true,,3239,474,15,30,28,973,0
1537443022347,56,Del_MainPage,200,OK,DeleteContact 2-4,text,true,,11171,446,15,30,55,0,1
1537443021968,56,Del_MainPage,200,"Number of samples in transaction : 2, number of failing samples : 0",DeleteContact 2-4,,true,,11171,446,15,30,55,973,1
1537443022824,29,Add_MainPage,200,OK,AddContact 1-10,text,true,,11171,446,15,30,28,0,0
1537443021838,29,Add_MainPage,200,"Number of samples in transaction : 2, number of failing samples : 0",AddContact 1-10,,true,,11171,446,15,30,28,987,0
1537443023008,41,Add_ContactForm,200,OK,AddContact 1-9,text,true,,3239,474,15,30,41,0,0
1537443022032,41,Add_ContactForm,200,"Number of samples in transaction : 2, number of failing samples : 0",AddContact 1-9,,true,,3239,474,15,30,41,976,0
1537443023009,45,Add_ContactAction,200,OK,AddContact 1-5,text,true,,2477,1547,15,30,45,0,0
1537443020660,45,Add_ContactAction,200,"Number of samples in transaction : 2, number of failing samples : 0",AddContact 1-5,,true,,2477,1547,15,30,45,2940,0
1537443023239,31,Del_MainPage,200,OK,DeleteContact 2-5,text,true,,11393,446,15,30,30,0,0
1537443022254,31,Del_MainPage,200,"Number of samples in transaction : 2, number of failing samples : 0",DeleteContact 2-5,,true,,11393,446,15,30,30,989,0
1537443023223,53,Del_Contact,200,OK,DeleteContact 2-11,text,true,,2484,510,15,30,52,0,1
1537443020889,53,Del_Contact,200,"Number of samples in transaction : 2, number of failing samples : 0",DeleteContact 2-11,,true,,2484,510,15,30,52,2925,1
1537443023670,35,Del_ContactFrom,200,OK,DeleteContact 2-14,text,true,,3323,481,15,30,35,0,0
1537443021322,35,Del_ContactFrom,200,"Number of samples in transaction : 2, number of failing samples : 0",DeleteContact 2-14,,true,,3323,481,15,30,35,2939,0
1537443023688,19,Del_ContactFrom,200,OK,DeleteContact 2-1,text,true,,3350,481,15,30,19,0,1
1537443021343,19,Del_ContactFrom,200,"Number of samples in transaction : 2, number of failing samples : 0",DeleteContact 2-1,,true,,3350,481,15,30,19,2936,1
1537443023716,18,Add_MainPage,200,OK,AddContact 1-11,text,true,,11288,446,15,30,17,0,0
1537443022731,18,Add_MainPage,200,"Number of samples in transaction : 2, number of failing samples : 0",AddContact 1-11,,true,,11288,446,15,30,17,986,0
1537443023747,17,Del_Contact,200,OK,DeleteContact 2-12,text,true,,2484,510,15,30,17,0,1
1537443021408,17,Del_Contact,200,"Number of samples in transaction : 2, number of failing samples : 0",DeleteContact 2-12,,true,,2484,510,15,30,17,2930,1
1537443023823,28,Add_ContactForm,200,OK,AddContact 1-10,text,true,,3239,474,15,30,28,0,0
1537443022854,28,Add_ContactForm,200,"Number of samples in transaction : 2, number of failing samples : 0",AddContact 1-10,,true,,3239,474,15,30,28,970,0
1537443023871,38,Del_ContactFrom,200,OK,DeleteContact 2-2,text,true,,3337,481,15,30,38,0,0
1537443021547,38,Del_ContactFrom,200,"Number of samples in transaction : 2, number of failing samples : 0",DeleteContact 2-2,,true,,3337,481,15,30,38,2916,0
1537443023872,41,Del_ContactFrom,200,OK,DeleteContact 2-15,text,true,,3391,481,15,30,41,0,0
1537443021542,41,Del_ContactFrom,200,"Number of samples in transaction : 2, number of failing samples : 0",DeleteContact 2-15,,true,,3391,481,15,30,41,2921,0
1537443024131,36,Del_MainPage,200,OK,DeleteContact 2-6,text,true,,11099,446,15,30,35,0,1
1537443023146,36,Del_MainPage,200,"Number of samples in transaction : 2, number of failing samples : 0",DeleteContact 2-6,,true,,11099,446,15,30,35,987,1
1537443024470,23,Del_Contact,200,OK,DeleteContact 2-13,text,true,,2490,510,15,30,23,0,2
1537443021553,23,Del_Contact,200,"Number of samples in transaction : 2, number of failing samples : 0",DeleteContact 2-13,,true,,2490,510,15,30,23,2917,2
1537443024501,15,Del_ContactFrom,200,OK,DeleteContact 2-3,text,true,,3350,481,15,30,15,0,0
1537443021589,15,Del_ContactFrom,200,"Number of samples in transaction : 2, number of failing samples : 0",DeleteContact 2-3,,true,,3350,481,15,30,15,2913,0
1537443024640,31,Add_ContactAction,200,OK,AddContact 1-6,text,true,,2477,1650,15,30,31,0,1
1537443021714,31,Add_ContactAction,200,"Number of samples in transaction : 2, number of failing samples : 0",AddContact 1-6,,true,,2477,1650,15,30,31,2926,1
1537443024716,34,Add_ContactForm,200,OK,AddContact 1-11,text,true,,3239,474,15,30,34,0,0
1537443023735,34,Add_ContactForm,200,"Number of samples in transaction : 2, number of failing samples : 0",AddContact 1-11,,true,,3239,474,15,30,34,981,0
1537443024701,55,Add_ContactAction,200,OK,AddContact 1-7,text,true,,2477,1253,15,30,55,0,1
1537443021773,55,Add_ContactAction,200,"Number of samples in transaction : 2, number of failing samples : 0",AddContact 1-7,,true,,2477,1253,15,30,55,2928,1
1537443024702,57,Add_MainPage,200,OK,AddContact 1-12,text,true,,11332,446,15,30,56,0,1
1537443023716,57,Add_MainPage,200,"Number of samples in transaction : 2, number of failing samples : 0",AddContact 1-12,,true,,11332,446,15,30,56,986,1
1537443025334,65,Del_ContactFrom,200,OK,DeleteContact 2-4,text,true,,3324,481,15,30,65,0,1
1537443022406,65,Del_ContactFrom,200,"Number of samples in transaction : 2, number of failing samples : 0",DeleteContact 2-4,,true,,3324,481,15,30,65,2928,1
1537443025332,69,Add_ContactAction,200,OK,AddContact 1-8,text,true,,2477,1601,15,30,69,0,1
1537443022397,69,Add_ContactAction,200,"Number of samples in transaction : 2, number of failing samples : 0",AddContact 1-8,,true,,2477,1601,15,30,69,2935,1
1537443025334,70,Add_MainPage,200,OK,AddContact 1-13,text,true,,11458,446,15,30,69,0,1
1537443024362,70,Add_MainPage,200,"Number of samples in transaction : 2, number of failing samples : 0",AddContact 1-13,,true,,11458,446,15,30,69,973,1
1537443025717,13,Add_ContactForm,200,OK,AddContact 1-12,text,true,,3239,474,15,30,13,0,0
1537443024759,13,Add_ContactForm,200,"Number of samples in transaction : 2, number of failing samples : 0",AddContact 1-12,,true,,3239,474,15,30,13,958,0
1537443026025,35,Del_MainPage,200,OK,DeleteContact 2-7,text,true,,11776,446,15,30,35,0,1
1537443025055,35,Del_MainPage,200,"Number of samples in transaction : 2, number of failing samples : 0",DeleteContact 2-7,,true,,11776,446,15,30,35,972,1
1537443025948,165,Add_ContactAction,200,OK,AddContact 1-9,text,true,,2477,1145,15,30,165,0,1
1537443023049,165,Add_ContactAction,200,"Number of samples in transaction : 2, number of failing samples : 0",AddContact 1-9,,true,,2477,1145,15,30,165,2900,1
1537443026178,26,Del_ContactFrom,200,OK,DeleteContact 2-5,text,true,,3298,481,15,30,26,0,1
1537443023274,26,Del_ContactFrom,200,"Number of samples in transaction : 2, number of failing samples : 0",DeleteContact 2-5,,true,,3298,481,15,30,26,2904,1
1537443025792,24,Add_ContactForm,200,OK,AddContact 1-13,text,true,,3239,474,15,30,24,0,0
1537443025405,24,Add_ContactForm,200,"Number of samples in transaction : 2, number of failing samples : 0",AddContact 1-13,,true,,3239,474,15,30,24,958,0
1537443026007,61,Add_MainPage,200,OK,AddContact 1-14,text,true,,11776,446,15,30,60,0,1
1537443025608,61,Add_MainPage,200,"Number of samples in transaction : 2, number of failing samples : 0",AddContact 1-14,,true,,11776,446,15,30,60,971,1
1537443026024,56,Del_Contact,200,OK,DeleteContact 2-14,text,true,,2484,510,15,30,56,0,0
1537443023705,56,Del_Contact,200,"Number of samples in transaction : 2, number of failing samples : 0",DeleteContact 2-14,,true,,2484,510,15,30,56,2890,0
1537443026028,55,Del_Contact,200,OK,DeleteContact 2-1,text,true,,2484,510,15,30,55,0,1
1537443023707,55,Del_Contact,200,"Number of samples in transaction : 2, number of failing samples : 0",DeleteContact 2-1,,true,,2484,510,15,30,55,2893,1
1537443026184,80,Add_MainPage,200,OK,AddContact 1-1,text,true,,11440,446,15,30,79,0,1
1537443025778,80,Add_MainPage,200,"Number of samples in transaction : 2, number of failing samples : 0",AddContact 1-1,,true,,11440,446,15,30,79,978,1
1537443026176,90,Add_ContactAction,200,OK,AddContact 1-10,text,true,,2477,1361,15,30,90,0,1
1537443023852,90,Add_ContactAction,200,"Number of samples in transaction : 2, number of failing samples : 0",AddContact 1-10,,true,,2477,1361,15,30,90,2895,1
1537443026199,70,Del_MainPage,200,OK,DeleteContact 2-8,text,true,,11440,446,15,30,69,0,1
1537443025793,70,Del_MainPage,200,"Number of samples in transaction : 2, number of failing samples : 0",DeleteContact 2-8,,true,,11440,446,15,30,69,979,1
1537443026229,55,Del_MainPage,200,OK,DeleteContact 2-9,text,true,,11606,446,15,30,54,0,1
1537443025824,55,Del_MainPage,200,"Number of samples in transaction : 2, number of failing samples : 0",DeleteContact 2-9,,true,,11606,446,15,30,54,978,1
1537443026238,63,Del_Contact,200,OK,DeleteContact 2-2,text,true,,2484,510,15,30,63,0,0
1537443023910,63,Del_Contact,200,"Number of samples in transaction : 2, number of failing samples : 0",DeleteContact 2-2,,true,,2484,510,15,30,63,2899,0
1537443026238,66,Del_Contact,200,OK,DeleteContact 2-15,text,true,,2484,510,15,30,66,0,1
1537443023913,66,Del_Contact,200,"Number of samples in transaction : 2, number of failing samples : 0",DeleteContact 2-15,,true,,2484,510,15,30,66,2897,1
1537443026500,23,Del_ContactFrom,200,OK,DeleteContact 2-6,text,true,,3405,481,15,30,23,0,1
1537443024169,23,Del_ContactFrom,200,"Number of samples in transaction : 2, number of failing samples : 0",DeleteContact 2-6,,true,,3405,481,15,30,23,2902,1
1537443026854,28,Del_Contact,200,OK,DeleteContact 2-3,text,true,,2490,510,15,30,27,0,1
1537443024517,28,Del_Contact,200,"Number of samples in transaction : 2, number of failing samples : 0",DeleteContact 2-3,,true,,2490,510,15,30,27,2908,1
1537443026977,33,Del_MainPage,200,OK,DeleteContact 2-10,text,true,,11227,446,15,30,32,0,1
1537443025992,33,Del_MainPage,200,"Number of samples in transaction : 2, number of failing samples : 0",DeleteContact 2-10,,true,,11227,446,15,30,32,989,1
1537443027039,14,Add_ContactForm,200,OK,AddContact 1-14,text,true,,3239,474,15,30,14,0,0
1537443026069,14,Add_ContactForm,200,"Number of samples in transaction : 2, number of failing samples : 0",AddContact 1-14,,true,,3239,474,15,30,14,970,0
1537443027085,27,Add_ContactAction,200,OK,AddContact 1-11,text,true,,2477,1139,15,30,27,0,1
1537443024750,27,Add_ContactAction,200,"Number of samples in transaction : 2, number of failing samples : 0",AddContact 1-11,,true,,2477,1139,15,30,27,2906,1
1537443027254,25,Add_ContactForm,200,OK,AddContact 1-1,text,true,,3239,474,15,30,25,0,0
1537443026265,25,Add_ContactForm,200,"Number of samples in transaction : 2, number of failing samples : 0",AddContact 1-1,,true,,3239,474,15,30,25,994,0
1537443027470,31,Add_MainPage,200,OK,AddContact 1-15,text,true,,11337,446,15,30,30,0,0
1537443026484,31,Add_MainPage,200,"Number of samples in transaction : 2, number of failing samples : 0",AddContact 1-15,,true,,11337,446,15,30,30,987,0
1537443027746,26,Del_Contact,200,OK,DeleteContact 2-4,text,true,,2483,510,15,30,26,0,1
1537443025399,26,Del_Contact,200,"Number of samples in transaction : 2, number of failing samples : 0",DeleteContact 2-4,,true,,2483,510,15,30,26,2919,1
1537443027915,30,Add_MainPage,200,OK,AddContact 1-2,text,true,,11195,446,15,30,29,0,1
1537443026931,30,Add_MainPage,200,"Number of samples in transaction : 2, number of failing samples : 0",AddContact 1-2,,true,,11195,446,15,30,29,985,1
1537443028039,26,Add_MainPage,200,OK,AddContact 1-3,text,true,,11195,446,15,30,25,0,1
1537443027054,26,Add_MainPage,200,"Number of samples in transaction : 2, number of failing samples : 0",AddContact 1-3,,true,,11195,446,15,30,25,985,1
1537443028100,16,Add_ContactAction,200,OK,AddContact 1-12,text,true,,2477,1439,15,30,16,0,1
1537443025730,16,Add_ContactAction,200,"Number of samples in transaction : 2, number of failing samples : 0",AddContact 1-12,,true,,2477,1439,15,30,16,2941,1
1537443028438,26,Del_ContactFrom,200,OK,DeleteContact 2-7,text,true,,3341,481,15,30,26,0,1
1537443026062,26,Del_ContactFrom,200,"Number of samples in transaction : 2, number of failing samples : 0",DeleteContact 2-7,,true,,3341,481,15,30,26,2947,1
1537443028485,13,Add_ContactForm,200,OK,AddContact 1-15,text,true,,3239,474,15,30,13,0,0
1537443027502,13,Add_ContactForm,200,"Number of samples in transaction : 2, number of failing samples : 0",AddContact 1-15,,true,,3239,474,15,30,13,984,0
1537443028547,46,Del_MainPage,200,OK,DeleteContact 2-11,text,true,,11358,446,15,30,46,0,1
1537443027562,46,Del_MainPage,200,"Number of samples in transaction : 2, number of failing samples : 0",DeleteContact 2-11,,true,,11358,446,15,30,46,992,1
1537443028577,37,Del_Contact,200,OK,DeleteContact 2-5,text,true,,2484,510,15,30,37,0,1
1537443026204,37,Del_Contact,200,"Number of samples in transaction : 2, number of failing samples : 0",DeleteContact 2-5,,true,,2484,510,15,30,37,2944,1
1537443028762,36,Add_ContactAction,200,OK,AddContact 1-13,text,true,,2477,1493,15,30,36,0,1
1537443025817,36,Add_ContactAction,200,"Number of samples in transaction : 2, number of failing samples : 0",AddContact 1-13,,true,,2477,1493,15,30,36,2945,1
1537443028808,19,Add_MainPage,200,OK,AddContact 1-4,text,true,,11430,446,15,30,18,0,1
1537443027823,19,Add_MainPage,200,"Number of samples in transaction : 2, number of failing samples : 0",AddContact 1-4,,true,,11430,446,15,30,18,985,1
1537443028916,26,Add_ContactForm,200,OK,AddContact 1-2,text,true,,3239,474,15,30,26,0,0
1537443027946,26,Add_ContactForm,200,"Number of samples in transaction : 2, number of failing samples : 0",AddContact 1-2,,true,,3239,474,15,30,26,971,0
1537443029040,33,Add_ContactForm,200,OK,AddContact 1-3,text,true,,3239,474,15,30,33,0,0
1537443028065,33,Add_ContactForm,200,"Number of samples in transaction : 2, number of failing samples : 0",AddContact 1-3,,true,,3239,474,15,30,33,976,0
1537443029039,42,Del_MainPage,200,OK,DeleteContact 2-12,text,true,,11430,446,15,30,41,0,1
1537443028054,42,Del_MainPage,200,"Number of samples in transaction : 2, number of failing samples : 0",DeleteContact 2-12,,true,,11430,446,15,30,41,987,1
1537443029223,48,Del_ContactFrom,200,OK,DeleteContact 2-8,text,true,,3175,481,15,30,48,0,1
1537443026271,48,Del_ContactFrom,200,"Number of samples in transaction : 2, number of failing samples : 0",DeleteContact 2-8,,true,,3175,481,15,30,48,2952,1
1537443029239,35,Del_ContactFrom,200,OK,DeleteContact 2-9,text,true,,3352,481,15,30,34,0,1
1537443026286,35,Del_ContactFrom,200,"Number of samples in transaction : 2, number of failing samples : 0",DeleteContact 2-9,,true,,3352,481,15,30,34,2953,1
1537443029470,27,Del_Contact,200,OK,DeleteContact 2-6,text,true,,2484,510,15,30,27,0,1
1537443026523,27,Del_Contact,200,"Number of samples in transaction : 2, number of failing samples : 0",DeleteContact 2-6,,true,,2484,510,15,30,27,2948,1
1537443029777,29,Del_MainPage,200,OK,DeleteContact 2-13,text,true,,11189,446,15,30,28,0,1
1537443028793,29,Del_MainPage,200,"Number of samples in transaction : 2, number of failing samples : 0",DeleteContact 2-13,,true,,11189,446,15,30,28,986,1
1537443029808,16,Add_ContactForm,200,OK,AddContact 1-4,text,true,,3239,474,15,30,16,0,0
1537443028827,16,Add_ContactForm,200,"Number of samples in transaction : 2, number of failing samples : 0",AddContact 1-4,,true,,3239,474,15,30,16,981,0
1537443029962,29,Del_ContactFrom,200,OK,DeleteContact 2-10,text,true,,3304,481,15,30,29,0,1
1537443027014,29,Del_ContactFrom,200,"Number of samples in transaction : 2, number of failing samples : 0",DeleteContact 2-10,,true,,3304,481,15,30,29,2949,1
1537443029993,21,Add_ContactAction,200,OK,AddContact 1-14,text,true,,2477,1722,15,30,21,0,1
1537443027053,21,Add_ContactAction,200,"Number of samples in transaction : 2, number of failing samples : 0",AddContact 1-14,,true,,2477,1722,15,30,21,2940,1
1537443030209,31,Add_ContactAction,200,OK,AddContact 1-1,text,true,,2477,1722,15,30,31,0,1
1537443027284,31,Add_ContactAction,200,"Number of samples in transaction : 2, number of failing samples : 0",AddContact 1-1,,true,,2477,1722,15,30,31,2925,1
1537443030286,42,Add_MainPage,200,OK,AddContact 1-5,text,true,,11721,446,15,30,40,0,1
1537443029301,42,Add_MainPage,200,"Number of samples in transaction : 2, number of failing samples : 0",AddContact 1-5,,true,,11721,446,15,30,40,985,1
1537443031084,24,Add_ContactForm,200,OK,AddContact 1-5,text,true,,3239,474,15,30,24,0,0
1537443030328,24,Add_ContactForm,200,"Number of samples in transaction : 2, number of failing samples : 0",AddContact 1-5,,true,,3239,474,15,30,24,974,0
1537443031177,47,Del_Contact,200,OK,DeleteContact 2-7,text,true,,2484,510,15,30,47,0,1
1537443028464,47,Del_Contact,200,"Number of samples in transaction : 2, number of failing samples : 0",DeleteContact 2-7,,true,,2484,510,15,30,47,2930,1
1537443031207,23,Add_ContactAction,200,OK,AddContact 1-15,text,true,,2477,1265,15,30,23,0,1
1537443028499,23,Add_ContactAction,200,"Number of samples in transaction : 2, number of failing samples : 0",AddContact 1-15,,true,,2477,1265,15,30,23,2925,1
1537443031315,27,Del_ContactFrom,200,OK,DeleteContact 2-11,text,true,,3299,481,15,30,27,0,1
1537443028600,27,Del_ContactFrom,200,"Number of samples in transaction : 2, number of failing samples : 0",DeleteContact 2-11,,true,,3299,481,15,30,27,2933,1
1537443031654,29,Add_ContactAction,200,OK,AddContact 1-2,text,true,,2477,1223,15,30,29,0,1
1537443028943,29,Add_ContactAction,200,"Number of samples in transaction : 2, number of failing samples : 0",AddContact 1-2,,true,,2477,1223,15,30,29,2928,1
1537443031699,21,Add_MainPage,200,OK,AddContact 1-6,text,true,,11799,446,15,30,20,0,1
1537443030715,21,Add_MainPage,200,"Number of samples in transaction : 2, number of failing samples : 0",AddContact 1-6,,true,,11799,446,15,30,20,984,1
1537443031746,19,Del_MainPage,200,OK,DeleteContact 2-14,text,true,,11799,446,15,30,18,0,0
1537443030761,19,Del_MainPage,200,"Number of samples in transaction : 2, number of failing samples : 0",DeleteContact 2-14,,true,,11799,446,15,30,18,987,0
1537443031762,40,Del_MainPage,200,OK,DeleteContact 2-1,text,true,,11799,446,15,30,40,0,0
1537443030777,40,Del_MainPage,200,"Number of samples in transaction : 2, number of failing samples : 0",DeleteContact 2-1,,true,,11799,446,15,30,40,987,0
1537443031776,31,Add_MainPage,200,OK,AddContact 1-7,text,true,,11799,446,15,30,30,0,1
1537443030791,31,Add_MainPage,200,"Number of samples in transaction : 2, number of failing samples : 0",AddContact 1-7,,true,,11799,446,15,30,30,985,1
1537443031792,40,Del_ContactFrom,200,OK,DeleteContact 2-12,text,true,,3334,481,15,30,40,0,1
1537443029083,40,Del_ContactFrom,200,"Number of samples in transaction : 2, number of failing samples : 0",DeleteContact 2-12,,true,,3334,481,15,30,40,2927,1
1537443031791,44,Add_ContactAction,200,OK,AddContact 1-3,text,true,,2477,1373,15,30,44,0,1
1537443029074,44,Add_ContactAction,200,"Number of samples in transaction : 2, number of failing samples : 0",AddContact 1-3,,true,,2477,1373,15,30,44,2934,1
1537443031992,45,Del_Contact,200,OK,DeleteContact 2-8,text,true,,2490,510,15,30,45,0,1
1537443029271,45,Del_Contact,200,"Number of samples in transaction : 2, number of failing samples : 0",DeleteContact 2-8,,true,,2490,510,15,30,45,2939,1
1537443031977,71,Del_MainPage,200,OK,DeleteContact 2-2,text,true,,11971,446,15,30,70,0,0
1537443030992,71,Del_MainPage,200,"Number of samples in transaction : 2, number of failing samples : 0",DeleteContact 2-2,,true,,11971,446,15,30,70,1021,0
1537443031978,109,Del_MainPage,200,OK,DeleteContact 2-15,text,true,,11971,446,15,30,108,0,0
1537443030992,109,Del_MainPage,200,"Number of samples in transaction : 2, number of failing samples : 0",DeleteContact 2-15,,true,,11971,446,15,30,108,999,0
1537443031993,151,Del_Contact,200,OK,DeleteContact 2-9,text,true,,2484,510,15,30,151,0,0
1537443029274,151,Del_Contact,200,"Number of samples in transaction : 2, number of failing samples : 0",DeleteContact 2-9,,true,,2484,510,15,30,151,2936,0
1537443032439,37,Add_MainPage,200,OK,AddContact 1-8,text,true,,11798,446,15,30,36,0,1
1537443031454,37,Add_MainPage,200,"Number of samples in transaction : 2, number of failing samples : 0",AddContact 1-8,,true,,11798,446,15,30,36,986,1
1537443032531,55,Del_ContactFrom,200,OK,DeleteContact 2-13,text,true,,3304,481,15,30,55,0,1
1537443029808,55,Del_ContactFrom,200,"Number of samples in transaction : 2, number of failing samples : 0",DeleteContact 2-13,,true,,3304,481,15,30,55,2940,1
1537443032553,40,Del_MainPage,200,OK,DeleteContact 2-3,text,true,,11798,446,15,30,40,0,1
1537443031561,40,Del_MainPage,200,"Number of samples in transaction : 2, number of failing samples : 0",DeleteContact 2-3,,true,,11798,446,15,30,40,994,1
1537443032546,51,Add_ContactAction,200,OK,AddContact 1-4,text,true,,2477,1620,15,30,51,0,0
1537443029824,51,Add_ContactAction,200,"Number of samples in transaction : 2, number of failing samples : 0",AddContact 1-4,,true,,2477,1620,15,30,51,2939,0
1537443032700,46,Add_ContactForm,200,OK,AddContact 1-6,text,true,,3239,474,15,30,45,0,0
1537443031720,46,Add_ContactForm,200,"Number of samples in transaction : 2, number of failing samples : 0",AddContact 1-6,,true,,3239,474,15,30,45,980,0
1537443032700,58,Del_Contact,200,OK,DeleteContact 2-10,text,true,,2484,510,15,30,58,0,1
1537443029992,58,Del_Contact,200,"Number of samples in transaction : 2, number of failing samples : 0",DeleteContact 2-10,,true,,2484,510,15,30,58,2925,1
1537443032793,14,Add_ContactForm,200,OK,AddContact 1-7,text,true,,3239,474,15,30,14,0,0
1537443031807,14,Add_ContactForm,200,"Number of samples in transaction : 2, number of failing samples : 0",AddContact 1-7,,true,,3239,474,15,30,14,986,0
1537443033162,29,Add_MainPage,200,OK,AddContact 1-9,text,true,,11887,446,15,30,28,0,0
1537443032177,29,Add_MainPage,200,"Number of samples in transaction : 2, number of failing samples : 0",AddContact 1-9,,true,,11887,446,15,30,28,986,0
1537443033454,25,Add_ContactForm,200,OK,AddContact 1-8,text,true,,3239,474,15,30,25,0,0
1537443032477,25,Add_ContactForm,200,"Number of samples in transaction : 2, number of failing samples : 0",AddContact 1-8,,true,,3239,474,15,30,25,977,0
1537443033438,48,Del_MainPage,200,OK,DeleteContact 2-4,text,true,,11887,446,15,30,48,0,1
1537443032460,48,Del_MainPage,200,"Number of samples in transaction : 2, number of failing samples : 0",DeleteContact 2-4,,true,,11887,446,15,30,48,980,1
1537443033900,35,Add_MainPage,200,OK,AddContact 1-10,text,true,,11887,446,15,30,31,0,1
1537443032915,35,Add_MainPage,200,"Number of samples in transaction : 2, number of failing samples : 0",AddContact 1-10,,true,,11887,446,15,30,31,986,1
1537443034039,19,Add_ContactAction,200,OK,AddContact 1-5,text,true,,2477,1367,15,30,19,0,1
1537443031109,19,Add_ContactAction,200,"Number of samples in transaction : 2, number of failing samples : 0",AddContact 1-5,,true,,2477,1367,15,30,19,2930,1
1537443034177,24,Add_ContactForm,200,OK,AddContact 1-9,text,true,,3239,474,15,30,24,0,0
1537443033192,24,Add_ContactForm,200,"Number of samples in transaction : 2, number of failing samples : 0",AddContact 1-9,,true,,3239,474,15,30,24,986,0
1537443034270,48,Del_MainPage,200,OK,DeleteContact 2-5,text,true,,12060,446,15,30,47,0,1
1537443033285,48,Del_MainPage,200,"Number of samples in transaction : 2, number of failing samples : 0",DeleteContact 2-5,,true,,12060,446,15,30,47,987,1
1537443034269,53,Del_Contact,200,OK,DeleteContact 2-11,text,true,,2483,510,15,30,52,0,1
1537443031343,53,Del_Contact,200,"Number of samples in transaction : 2, number of failing samples : 0",DeleteContact 2-11,,true,,2483,510,15,30,52,2926,1
1537443034701,24,Del_ContactFrom,200,OK,DeleteContact 2-14,text,true,,3326,481,15,30,24,0,1
1537443031767,24,Del_ContactFrom,200,"Number of samples in transaction : 2, number of failing samples : 0",DeleteContact 2-14,,true,,3326,481,15,30,24,2934,1
1537443034731,14,Del_ContactFrom,200,OK,DeleteContact 2-1,text,true,,3346,481,15,30,14,0,1
1537443031804,14,Del_ContactFrom,200,"Number of samples in transaction : 2, number of failing samples : 0",DeleteContact 2-1,,true,,3346,481,15,30,14,2927,1
1537443034746,21,Add_MainPage,200,OK,AddContact 1-11,text,true,,11933,446,15,30,17,0,0
1537443033761,21,Add_MainPage,200,"Number of samples in transaction : 2, number of failing samples : 0",AddContact 1-11,,true,,11933,446,15,30,17,985,0
1537443034765,16,Del_Contact,200,OK,DeleteContact 2-12,text,true,,2484,510,15,30,16,0,1
1537443031833,16,Del_Contact,200,"Number of samples in transaction : 2, number of failing samples : 0",DeleteContact 2-12,,true,,2484,510,15,30,16,2932,1
1537443034916,24,Add_ContactForm,200,OK,AddContact 1-10,text,true,,3239,474,15,30,24,0,0
1537443033936,24,Add_ContactForm,200,"Number of samples in transaction : 2, number of failing samples : 0",AddContact 1-10,,true,,3239,474,15,30,24,981,0
1537443035008,46,Del_ContactFrom,200,OK,DeleteContact 2-2,text,true,,3314,481,15,30,46,0,0
1537443032084,46,Del_ContactFrom,200,"Number of samples in transaction : 2, number of failing samples : 0",DeleteContact 2-2,,true,,3314,481,15,30,46,2924,0
1537443035023,33,Del_ContactFrom,200,OK,DeleteContact 2-15,text,true,,3278,481,15,30,33,0,1
1537443032100,33,Del_ContactFrom,200,"Number of samples in transaction : 2, number of failing samples : 0",DeleteContact 2-15,,true,,3278,481,15,30,33,2924,1
1537443035147,27,Del_MainPage,200,OK,DeleteContact 2-6,text,true,,11839,446,15,30,26,0,1
1537443034162,27,Del_MainPage,200,"Number of samples in transaction : 2, number of failing samples : 0",DeleteContact 2-6,,true,,11839,446,15,30,26,986,1
1537443035322,34,Del_Contact,200,OK,DeleteContact 2-13,text,true,,2491,510,15,30,34,0,1
1537443032586,34,Del_Contact,200,"Number of samples in transaction : 2, number of failing samples : 0",DeleteContact 2-13,,true,,2491,510,15,30,34,2915,1
1537443035340,19,Del_ContactFrom,200,OK,DeleteContact 2-3,text,true,,3314,481,15,30,19,0,0
1537443032595,19,Del_ContactFrom,200,"Number of samples in transaction : 2, number of failing samples : 0",DeleteContact 2-3,,true,,3314,481,15,30,19,2925,0
1537443035476,28,Add_ContactAction,200,OK,AddContact 1-6,text,true,,2477,1343,15,30,28,0,1
1537443032746,28,Add_ContactAction,200,"Number of samples in transaction : 2, number of failing samples : 0",AddContact 1-6,,true,,2477,1343,15,30,28,2909,1
1537443035568,35,Add_ContactForm,200,OK,AddContact 1-11,text,true,,3239,474,15,30,35,0,0
1537443034767,35,Add_ContactForm,200,"Number of samples in transaction : 2, number of failing samples : 0",AddContact 1-11,,true,,3239,474,15,30,35,980,0
1537443035569,43,Add_MainPage,200,OK,AddContact 1-12,text,true,,11967,446,15,30,42,0,0
1537443034762,43,Add_MainPage,200,"Number of samples in transaction : 2, number of failing samples : 0",AddContact 1-12,,true,,11967,446,15,30,42,1004,0
1537443035553,83,Add_ContactAction,200,OK,AddContact 1-7,text,true,,2477,1469,15,30,83,0,0
1537443032807,83,Add_ContactAction,200,"Number of samples in transaction : 2, number of failing samples : 0",AddContact 1-7,,true,,2477,1469,15,30,83,2925,0
1537443036262,21,Del_ContactFrom,200,OK,DeleteContact 2-4,text,true,,3419,481,15,30,21,0,1
1537443033488,21,Del_ContactFrom,200,"Number of samples in transaction : 2, number of failing samples : 0",DeleteContact 2-4,,true,,3419,481,15,30,21,2954,1
1537443036230,64,Add_MainPage,200,OK,AddContact 1-13,text,true,,12143,446,15,30,56,0,0
1537443035245,64,Add_MainPage,200,"Number of samples in transaction : 2, number of failing samples : 0",AddContact 1-13,,true,,12143,446,15,30,56,985,0
1537443036231,65,Add_ContactAction,200,OK,AddContact 1-8,text,true,,2477,1127,15,30,65,0,1
1537443033479,65,Add_ContactAction,200,"Number of samples in transaction : 2, number of failing samples : 0",AddContact 1-8,,true,,2477,1127,15,30,65,2931,1
1537443036615,32,Add_ContactForm,200,OK,AddContact 1-12,text,true,,3239,474,15,30,32,0,0
1537443035630,32,Add_ContactForm,200,"Number of samples in transaction : 2, number of failing samples : 0",AddContact 1-12,,true,,3239,474,15,30,32,985,0
1537443036922,37,Del_MainPage,200,OK,DeleteContact 2-7,text,true,,12237,446,15,30,35,0,1
1537443035938,37,Del_MainPage,200,"Number of samples in transaction : 2, number of failing samples : 0",DeleteContact 2-7,,true,,12237,446,15,30,35,987,1
1537443036953,26,Add_ContactAction,200,OK,AddContact 1-9,text,true,,2477,1535,15,30,26,0,1
1537443034202,26,Add_ContactAction,200,"Number of samples in transaction : 2, number of failing samples : 0",AddContact 1-9,,true,,2477,1535,15,30,26,2930,1
1537443037076,25,Del_ContactFrom,200,OK,DeleteContact 2-5,text,true,,3316,481,15,30,25,0,1
1537443034320,25,Del_ContactFrom,200,"Number of samples in transaction : 2, number of failing samples : 0",DeleteContact 2-5,,true,,3316,481,15,30,25,2936,1
1537443037277,24,Add_ContactForm,200,OK,AddContact 1-13,text,true,,3239,474,15,30,24,0,0
1537443036294,24,Add_ContactForm,200,"Number of samples in transaction : 2, number of failing samples : 0",AddContact 1-13,,true,,3239,474,15,30,24,983,0
1537443037445,32,Add_MainPage,200,OK,AddContact 1-14,text,true,,12462,446,15,30,30,0,1
1537443036460,32,Add_MainPage,200,"Number of samples in transaction : 2, number of failing samples : 0",AddContact 1-14,,true,,12462,446,15,30,30,985,1
1537443037476,27,Del_Contact,200,OK,DeleteContact 2-14,text,true,,2484,510,15,30,26,0,0
1537443034725,27,Del_Contact,200,"Number of samples in transaction : 2, number of failing samples : 0",DeleteContact 2-14,,true,,2484,510,15,30,26,2930,0
1537443037491,17,Del_Contact,200,OK,DeleteContact 2-1,text,true,,2484,510,15,30,17,0,1
1537443034745,17,Del_Contact,200,"Number of samples in transaction : 2, number of failing samples : 0",DeleteContact 2-1,,true,,2484,510,15,30,17,2926,1
1537443037693,84,Add_MainPage,200,OK,AddContact 1-1,text,true,,12112,446,15,30,82,0,0
1537443036706,84,Add_MainPage,200,"Number of samples in transaction : 2, number of failing samples : 0",AddContact 1-1,,true,,12112,446,15,30,82,987,0
1537443037691,88,Add_ContactAction,200,OK,AddContact 1-10,text,true,,2477,1403,15,30,88,0,1
1537443034941,88,Add_ContactAction,200,"Number of samples in transaction : 2, number of failing samples : 0",AddContact 1-10,,true,,2477,1403,15,30,88,2929,1
1537443037722,60,Del_MainPage,200,OK,DeleteContact 2-8,text,true,,12112,446,15,30,59,0,0
1537443036738,60,Del_MainPage,200,"Number of samples in transaction : 2, number of failing samples : 0",DeleteContact 2-8,,true,,12112,446,15,30,59,1004,0
1537443037830,24,Del_MainPage,200,OK,DeleteContact 2-9,text,true,,12334,446,15,30,23,0,0
1537443036845,24,Del_MainPage,200,"Number of samples in transaction : 2, number of failing samples : 0",DeleteContact 2-9,,true,,12334,446,15,30,23,987,0
1537443037814,89,Del_Contact,200,OK,DeleteContact 2-2,text,true,,2484,510,15,30,89,0,1
1537443035054,89,Del_Contact,200,"Number of samples in transaction : 2, number of failing samples : 0",DeleteContact 2-2,,true,,2484,510,15,30,89,2940,1
1537443037815,93,Del_Contact,200,OK,DeleteContact 2-15,text,true,,2484,510,15,30,93,0,1
1537443035057,93,Del_Contact,200,"Number of samples in transaction : 2, number of failing samples : 0",DeleteContact 2-15,,true,,2484,510,15,30,93,2938,1
1537443037922,26,Del_ContactFrom,200,OK,DeleteContact 2-6,text,true,,3176,481,15,30,26,0,1
1537443035175,26,Del_ContactFrom,200,"Number of samples in transaction : 2, number of failing samples : 0",DeleteContact 2-6,,true,,3176,481,15,30,26,2932,1
1537443038292,24,Del_Contact,200,OK,DeleteContact 2-3,text,true,,2490,510,15,30,24,0,1
1537443035360,24,Del_Contact,200,"Number of samples in transaction : 2, number of failing samples : 0",DeleteContact 2-3,,true,,2490,510,15,30,24,2932,1
1537443038446,30,Add_ContactForm,200,OK,AddContact 1-14,text,true,,3239,474,15,30,30,0,0
1537443037477,30,Add_ContactForm,200,"Number of samples in transaction : 2, number of failing samples : 0",AddContact 1-14,,true,,3239,474,15,30,30,969,0
1537443038431,51,Del_MainPage,200,OK,DeleteContact 2-10,text,true,,12005,446,15,30,50,0,0
1537443037464,51,Del_MainPage,200,"Number of samples in transaction : 2, number of failing samples : 0",DeleteContact 2-10,,true,,12005,446,15,30,50,969,0
1537443038538,26,Add_ContactAction,200,OK,AddContact 1-11,text,true,,2477,1523,15,30,26,0,1
1537443035603,26,Add_ContactAction,200,"Number of samples in transaction : 2, number of failing samples : 0",AddContact 1-11,,true,,2477,1523,15,30,26,2935,1
1537443038753,25,Add_ContactForm,200,OK,AddContact 1-1,text,true,,3239,474,15,30,24,0,0
1537443037777,25,Add_ContactForm,200,"Number of samples in transaction : 2, number of failing samples : 0",AddContact 1-1,,true,,3239,474,15,30,24,976,0
1537443038876,40,Add_MainPage,200,OK,AddContact 1-15,text,true,,12222,446,15,30,38,0,1
1537443037891,40,Add_MainPage,200,"Number of samples in transaction : 2, number of failing samples : 0",AddContact 1-15,,true,,12222,446,15,30,38,985,1
1537443039200,27,Del_Contact,200,OK,DeleteContact 2-4,text,true,,2484,510,15,30,27,0,1
1537443036284,27,Del_Contact,200,"Number of samples in transaction : 2, number of failing samples : 0",DeleteContact 2-4,,true,,2484,510,15,30,27,2916,1
1537443039308,31,Add_MainPage,200,OK,AddContact 1-2,text,true,,11993,446,15,30,30,0,1
1537443038337,31,Add_MainPage,200,"Number of samples in transaction : 2, number of failing samples : 0",AddContact 1-2,,true,,11993,446,15,30,30,971,1
1537443039492,331,Add_MainPage,200,OK,AddContact 1-3,text,true,,11993,446,15,30,330,0,1
1537443038492,331,Add_MainPage,200,"Number of samples in transaction : 2, number of failing samples : 0",AddContact 1-3,,true,,11993,446,15,30,330,1000,1
1537443039569,302,Add_ContactAction,200,OK,AddContact 1-12,text,true,,2477,1199,15,30,302,0,0
1537443036647,302,Add_ContactAction,200,"Number of samples in transaction : 2, number of failing samples : 0",AddContact 1-12,,true,,2477,1199,15,30,302,2922,0
1537443039898,27,Add_ContactForm,200,OK,AddContact 1-15,text,true,,3239,474,15,30,27,0,0
1537443038916,27,Add_ContactForm,200,"Number of samples in transaction : 2, number of failing samples : 0",AddContact 1-15,,true,,3239,474,15,30,27,982,0
1537443039877,56,Del_ContactFrom,200,OK,DeleteContact 2-7,text,true,,3308,481,15,30,56,0,22
1537443036962,56,Del_ContactFrom,200,"Number of samples in transaction : 2, number of failing samples : 0",DeleteContact 2-7,,true,,3308,481,15,30,56,2915,22
1537443040279,52,Del_MainPage,200,OK,DeleteContact 2-11,text,true,,12119,446,15,30,51,0,1
1537443039015,52,Del_MainPage,200,"Number of samples in transaction : 2, number of failing samples : 0",DeleteContact 2-11,,true,,12119,446,15,30,51,987,1
1537443040280,57,Del_Contact,200,OK,DeleteContact 2-5,text,true,,2484,510,15,30,57,0,0
1537443037102,57,Del_Contact,200,"Number of samples in transaction : 2, number of failing samples : 0",DeleteContact 2-5,,true,,2484,510,15,30,57,2899,0
1537443040479,33,Add_ContactAction,200,OK,AddContact 1-13,text,true,,2477,1463,15,30,33,0,0
1537443037301,33,Add_ContactAction,200,"Number of samples in transaction : 2, number of failing samples : 0",AddContact 1-13,,true,,2477,1463,15,30,33,2899,0
1537443040510,27,Add_MainPage,200,OK,AddContact 1-4,text,true,,12180,446,15,30,27,0,1
1537443039246,27,Add_MainPage,200,"Number of samples in transaction : 2, number of failing samples : 0",AddContact 1-4,,true,,12180,446,15,30,27,986,1
1537443040602,27,Add_ContactForm,200,OK,AddContact 1-2,text,true,,3239,474,15,30,27,0,0
1537443039339,27,Add_ContactForm,200,"Number of samples in transaction : 2, number of failing samples : 0",AddContact 1-2,,true,,3239,474,15,30,27,984,0
1537443040756,36,Del_MainPage,200,OK,DeleteContact 2-12,text,true,,12180,446,15,30,35,0,3
1537443039493,36,Del_MainPage,200,"Number of samples in transaction : 2, number of failing samples : 0",DeleteContact 2-12,,true,,12180,446,15,30,35,986,3
1537443040987,30,Del_ContactFrom,200,OK,DeleteContact 2-8,text,true,,3278,481,15,30,29,0,1
1537443037802,30,Del_ContactFrom,200,"Number of samples in transaction : 2, number of failing samples : 0",DeleteContact 2-8,,true,,3278,481,15,30,29,2906,1
1537443041049,16,Del_ContactFrom,200,OK,DeleteContact 2-9,text,true,,3174,481,15,30,16,0,1
1537443037856,16,Del_ContactFrom,200,"Number of samples in transaction : 2, number of failing samples : 0",DeleteContact 2-9,,true,,3174,481,15,30,16,2914,1
1537443041079,15,Add_ContactForm,200,OK,AddContact 1-3,text,true,,3239,474,15,30,14,0,0
1537443039823,15,Add_ContactForm,200,"Number of samples in transaction : 2, number of failing samples : 0",AddContact 1-3,,true,,3239,474,15,30,14,977,0
1537443041157,24,Del_Contact,200,OK,DeleteContact 2-6,text,true,,2490,510,15,30,24,0,0
1537443037954,24,Del_Contact,200,"Number of samples in transaction : 2, number of failing samples : 0",DeleteContact 2-6,,true,,2490,510,15,30,24,2924,0
1537443041510,29,Add_ContactForm,200,OK,AddContact 1-4,text,true,,3239,474,15,30,29,0,0
1537443040538,29,Add_ContactForm,200,"Number of samples in transaction : 2, number of failing samples : 0",AddContact 1-4,,true,,3239,474,15,30,29,972,0
1537443041494,52,Del_MainPage,200,OK,DeleteContact 2-13,text,true,,12180,446,15,30,52,0,1
1537443040510,52,Del_MainPage,200,"Number of samples in transaction : 2, number of failing samples : 0",DeleteContact 2-13,,true,,12180,446,15,30,52,987,1
1537443041682,26,Del_ContactFrom,200,OK,DeleteContact 2-10,text,true,,3174,481,15,30,26,0,0
1537443038484,26,Del_ContactFrom,200,"Number of samples in transaction : 2, number of failing samples : 0",DeleteContact 2-10,,true,,3174,481,15,30,26,2920,0
1537443041664,47,Add_ContactAction,200,OK,AddContact 1-14,text,true,,2477,1289,15,30,47,0,1
1537443038476,47,Add_ContactAction,200,"Number of samples in transaction : 2, number of failing samples : 0",AddContact 1-14,,true,,2477,1289,15,30,47,2909,1
1537443041972,48,Add_ContactAction,200,OK,AddContact 1-1,text,true,,2477,1391,15,30,48,0,1
1537443038778,48,Add_ContactAction,200,"Number of samples in transaction : 2, number of failing samples : 0",AddContact 1-1,,true,,2477,1391,15,30,48,2915,1
1537443041973,50,Add_MainPage,200,OK,AddContact 1-5,text,true,,12339,446,15,30,49,0,1
1537443040988,50,Add_MainPage,200,"Number of samples in transaction : 2, number of failing samples : 0",AddContact 1-5,,true,,12339,446,15,30,49,985,1
1537443043002,29,Add_ContactForm,200,OK,AddContact 1-5,text,true,,3239,474,15,30,29,0,0
1537443042023,29,Add_ContactForm,200,"Number of samples in transaction : 2, number of failing samples : 0",AddContact 1-5,,true,,3239,474,15,30,29,980,0
1537443043125,37,Add_ContactAction,200,OK,AddContact 1-15,text,true,,2477,1475,15,30,37,0,1
1537443039925,37,Add_ContactAction,200,"Number of samples in transaction : 2, number of failing samples : 0",AddContact 1-15,,true,,2477,1475,15,30,37,2921,1
1537443043127,39,Del_Contact,200,OK,DeleteContact 2-7,text,true,,2484,510,15,30,39,0,1
1537443039933,39,Del_Contact,200,"Number of samples in transaction : 2, number of failing samples : 0",DeleteContact 2-7,,true,,2484,510,15,30,39,2915,1
1537443043249,32,Del_ContactFrom,200,OK,DeleteContact 2-11,text,true,,3296,481,15,30,32,0,1
1537443040333,32,Del_ContactFrom,200,"Number of samples in transaction : 2, number of failing samples : 0",DeleteContact 2-11,,true,,3296,481,15,30,32,2917,1
1537443043541,44,Add_ContactAction,200,OK,AddContact 1-2,text,true,,2477,1698,15,30,44,0,1
1537443040629,44,Add_ContactAction,200,"Number of samples in transaction : 2, number of failing samples : 0",AddContact 1-2,,true,,2477,1698,15,30,44,2912,1
1537443043573,23,Add_MainPage,200,OK,AddContact 1-6,text,true,,12781,446,15,30,21,0,0
1537443042587,23,Add_MainPage,200,"Number of samples in transaction : 2, number of failing samples : 0",AddContact 1-6,,true,,12781,446,15,30,21,986,0
1537443043603,28,Del_MainPage,200,OK,DeleteContact 2-14,text,true,,12781,446,15,30,18,0,1
1537443042618,28,Del_MainPage,200,"Number of samples in transaction : 2, number of failing samples : 0",DeleteContact 2-14,,true,,12781,446,15,30,18,987,1
1537443043619,24,Del_MainPage,200,OK,DeleteContact 2-1,text,true,,12781,446,15,30,23,0,0
1537443042633,24,Del_MainPage,200,"Number of samples in transaction : 2, number of failing samples : 0",DeleteContact 2-1,,true,,12781,446,15,30,23,988,0
1537443043712,61,Del_ContactFrom,200,OK,DeleteContact 2-12,text,true,,3276,481,15,30,60,0,0
1537443040794,61,Del_ContactFrom,200,"Number of samples in transaction : 2, number of failing samples : 0",DeleteContact 2-12,,true,,3276,481,15,30,60,2918,0
1537443043711,66,Add_MainPage,200,OK,AddContact 1-7,text,true,,12781,446,15,30,65,0,0
1537443042726,66,Add_MainPage,200,"Number of samples in transaction : 2, number of failing samples : 0",AddContact 1-7,,true,,12781,446,15,30,65,985,0
1537443043942,31,Del_Contact,200,OK,DeleteContact 2-8,text,true,,2484,510,15,30,31,0,0
1537443041017,31,Del_Contact,200,"Number of samples in transaction : 2, number of failing samples : 0",DeleteContact 2-8,,true,,2484,510,15,30,31,2925,0
1537443043987,48,Del_Contact,200,OK,DeleteContact 2-9,text,true,,2490,510,15,30,48,0,1
1537443041066,48,Del_Contact,200,"Number of samples in transaction : 2, number of failing samples : 0",DeleteContact 2-9,,true,,2490,510,15,30,48,2921,1
1537443044002,51,Add_ContactAction,200,OK,AddContact 1-3,text,true,,2477,1295,15,30,51,0,1
1537443041094,51,Add_ContactAction,200,"Number of samples in transaction : 2, number of failing samples : 0",AddContact 1-3,,true,,2477,1295,15,30,51,2908,1
1537443044018,49,Del_MainPage,200,OK,DeleteContact 2-2,text,true,,12814,446,15,30,49,0,0
1537443043033,49,Del_MainPage,200,"Number of samples in transaction : 2, number of failing samples : 0",DeleteContact 2-2,,true,,12814,446,15,30,49,987,0
1537443044034,38,Del_MainPage,200,OK,DeleteContact 2-15,text,true,,12814,446,15,30,37,0,0
1537443043049,38,Del_MainPage,200,"Number of samples in transaction : 2, number of failing samples : 0",DeleteContact 2-15,,true,,12814,446,15,30,37,987,0
1537443044372,29,Add_MainPage,200,OK,AddContact 1-8,text,true,,12814,446,15,30,28,0,0
1537443043387,29,Add_MainPage,200,"Number of samples in transaction : 2, number of failing samples : 0",AddContact 1-8,,true,,12814,446,15,30,28,986,0
1537443044434,28,Del_MainPage,200,OK,DeleteContact 2-3,text,true,,12814,446,15,30,28,0,0
1537443043449,28,Del_MainPage,200,"Number of samples in transaction : 2, number of failing samples : 0",DeleteContact 2-3,,true,,12814,446,15,30,28,988,0
1537443044464,23,Del_ContactFrom,200,OK,DeleteContact 2-13,text,true,,3352,481,15,30,23,0,0
1537443041549,23,Del_ContactFrom,200,"Number of samples in transaction : 2, number of failing samples : 0",DeleteContact 2-13,,true,,3352,481,15,30,23,2915,0
1537443044449,42,Add_ContactAction,200,OK,AddContact 1-4,text,true,,2477,1343,15,30,42,0,0
1537443041539,42,Add_ContactAction,200,"Number of samples in transaction : 2, number of failing samples : 0",AddContact 1-4,,true,,2477,1343,15,30,42,2910,0
1537443044572,25,Add_ContactForm,200,OK,AddContact 1-6,text,true,,3239,474,15,30,24,0,0
1537443043596,25,Add_ContactForm,200,"Number of samples in transaction : 2, number of failing samples : 0",AddContact 1-6,,true,,3239,474,15,30,24,976,0
1537443044618,23,Del_Contact,200,OK,DeleteContact 2-10,text,true,,2490,510,15,30,23,0,1
1537443041709,23,Del_Contact,200,"Number of samples in transaction : 2, number of failing samples : 0",DeleteContact 2-10,,true,,2490,510,15,30,23,2910,1
1537443044758,23,Add_ContactForm,200,OK,AddContact 1-7,text,true,,3239,474,15,30,23,0,0
1537443043777,23,Add_ContactForm,200,"Number of samples in transaction : 2, number of failing samples : 0",AddContact 1-7,,true,,3239,474,15,30,23,981,0
1537443045049,33,Add_MainPage,200,OK,AddContact 1-9,text,true,,12990,446,15,30,32,0,1
1537443044064,33,Add_MainPage,200,"Number of samples in transaction : 2, number of failing samples : 0",AddContact 1-9,,true,,12990,446,15,30,32,985,1
1537443045673,38,Add_ContactForm,200,OK,AddContact 1-8,text,true,,3239,474,15,30,38,0,0
1537443044402,38,Add_ContactForm,200,"Number of samples in transaction : 2, number of failing samples : 0",AddContact 1-8,,true,,3239,474,15,30,38,970,0
1537443045674,45,Del_MainPage,200,OK,DeleteContact 2-4,text,true,,12990,446,15,30,44,0,19
1537443044388,45,Del_MainPage,200,"Number of samples in transaction : 2, number of failing samples : 0",DeleteContact 2-4,,true,,12990,446,15,30,44,990,19
1537443046151,29,Add_MainPage,200,OK,AddContact 1-10,text,true,,12990,446,15,30,29,0,1
1537443044864,29,Add_MainPage,200,"Number of samples in transaction : 2, number of failing samples : 0",AddContact 1-10,,true,,12990,446,15,30,29,987,1
1537443046259,30,Add_ContactAction,200,OK,AddContact 1-5,text,true,,2477,1109,15,30,30,0,1
1537443043032,30,Add_ContactAction,200,"Number of samples in transaction : 2, number of failing samples : 0",AddContact 1-5,,true,,2477,1109,15,30,30,2926,1
1537443046366,28,Add_ContactForm,200,OK,AddContact 1-9,text,true,,3239,474,15,30,28,0,0
1537443045082,28,Add_ContactForm,200,"Number of samples in transaction : 2, number of failing samples : 0",AddContact 1-9,,true,,3239,474,15,30,28,983,0
1537443046488,49,Del_MainPage,200,OK,DeleteContact 2-5,text,true,,13098,446,15,30,48,0,1
1537443045503,49,Del_MainPage,200,"Number of samples in transaction : 2, number of failing samples : 0",DeleteContact 2-5,,true,,13098,446,15,30,48,987,1
1537443046519,31,Del_Contact,200,OK,DeleteContact 2-11,text,true,,2484,510,15,30,31,0,1
1537443043282,31,Del_Contact,200,"Number of samples in transaction : 2, number of failing samples : 0",DeleteContact 2-11,,true,,2484,510,15,30,31,2936,1
1537443046858,51,Del_ContactFrom,200,OK,DeleteContact 2-14,text,true,,3318,481,15,30,51,0,1
1537443043633,51,Del_ContactFrom,200,"Number of samples in transaction : 2, number of failing samples : 0",DeleteContact 2-14,,true,,3318,481,15,30,51,2925,1
1537443046878,35,Del_ContactFrom,200,OK,DeleteContact 2-1,text,true,,3275,481,15,30,35,0,1
1537443043645,35,Del_ContactFrom,200,"Number of samples in transaction : 2, number of failing samples : 0",DeleteContact 2-1,,true,,3275,481,15,30,35,2932,1
1537443046936,19,Add_MainPage,200,OK,AddContact 1-11,text,true,,12990,446,15,30,18,0,1
1537443045951,19,Add_MainPage,200,"Number of samples in transaction : 2, number of failing samples : 0",AddContact 1-11,,true,,12990,446,15,30,18,985,1
1537443047013,24,Del_Contact,200,OK,DeleteContact 2-12,text,true,,2484,510,15,30,24,0,1
1537443043773,24,Del_Contact,200,"Number of samples in transaction : 2, number of failing samples : 0",DeleteContact 2-12,,true,,2484,510,15,30,24,2939,1
1537443047167,24,Add_ContactForm,200,OK,AddContact 1-10,text,true,,3239,474,15,30,24,0,0
1537443046181,24,Add_ContactForm,200,"Number of samples in transaction : 2, number of failing samples : 0",AddContact 1-10,,true,,3239,474,15,30,24,987,0
1537443047305,41,Del_ContactFrom,200,OK,DeleteContact 2-2,text,true,,3373,481,15,30,41,0,1
1537443044069,41,Del_ContactFrom,200,"Number of samples in transaction : 2, number of failing samples : 0",DeleteContact 2-2,,true,,3373,481,15,30,41,2935,1
1537443047306,43,Del_ContactFrom,200,OK,DeleteContact 2-15,text,true,,3363,481,15,30,43,0,1
1537443044074,43,Del_ContactFrom,200,"Number of samples in transaction : 2, number of failing samples : 0",DeleteContact 2-15,,true,,3363,481,15,30,43,2932,1
1537443047350,21,Del_MainPage,200,OK,DeleteContact 2-6,text,true,,12862,446,15,30,20,0,1
1537443046366,21,Del_MainPage,200,"Number of samples in transaction : 2, number of failing samples : 0",DeleteContact 2-6,,true,,12862,446,15,30,20,985,1
1537443047704,42,Del_ContactFrom,200,OK,DeleteContact 2-3,text,true,,3275,481,15,30,42,0,1
1537443044465,42,Del_ContactFrom,200,"Number of samples in transaction : 2, number of failing samples : 0",DeleteContact 2-3,,true,,3275,481,15,30,42,2938,1
1537443047720,30,Del_Contact,200,OK,DeleteContact 2-13,text,true,,2484,510,15,30,30,0,1
1537443044487,30,Del_Contact,200,"Number of samples in transaction : 2, number of failing samples : 0",DeleteContact 2-13,,true,,2484,510,15,30,30,2932,1
1537443047827,32,Add_ContactAction,200,OK,AddContact 1-6,text,true,,2477,1674,15,30,32,0,1
1537443044597,32,Add_ContactAction,200,"Number of samples in transaction : 2, number of failing samples : 0",AddContact 1-6,,true,,2477,1674,15,30,32,2929,1
1537443047936,24,Add_ContactForm,200,OK,AddContact 1-11,text,true,,3239,474,15,30,24,0,0
1537443046956,24,Add_ContactForm,200,"Number of samples in transaction : 2, number of failing samples : 0",AddContact 1-11,,true,,3239,474,15,30,24,981,0
1537443048013,35,Add_ContactAction,200,OK,AddContact 1-7,text,true,,2477,1481,15,30,35,0,1
1537443044781,35,Add_ContactAction,200,"Number of samples in transaction : 2, number of failing samples : 0",AddContact 1-7,,true,,2477,1481,15,30,35,2931,1
1537443048258,40,Add_MainPage,200,OK,AddContact 1-12,text,true,,13146,446,15,30,39,0,1
1537443047274,40,Add_MainPage,200,"Number of samples in transaction : 2, number of failing samples : 0",AddContact 1-12,,true,,13146,446,15,30,39,985,1
1537443048661,21,Del_ContactFrom,200,OK,DeleteContact 2-4,text,true,,3320,481,15,30,21,0,0
1537443045724,21,Del_ContactFrom,200,"Number of samples in transaction : 2, number of failing samples : 0",DeleteContact 2-4,,true,,3320,481,15,30,21,2937,0
1537443048628,59,Add_MainPage,200,OK,AddContact 1-13,text,true,,13146,446,15,30,57,0,1
1537443047643,59,Add_MainPage,200,"Number of samples in transaction : 2, number of failing samples : 0",AddContact 1-13,,true,,13146,446,15,30,57,985,1
1537443048643,46,Add_ContactAction,200,OK,AddContact 1-8,text,true,,2477,1109,15,30,46,0,1
1537443045711,46,Add_ContactAction,200,"Number of samples in transaction : 2, number of failing samples : 0",AddContact 1-8,,true,,2477,1109,15,30,46,2932,1
1537443049275,24,Add_ContactForm,200,OK,AddContact 1-12,text,true,,3239,474,15,30,24,0,0
1537443048299,24,Add_ContactForm,200,"Number of samples in transaction : 2, number of failing samples : 0",AddContact 1-12,,true,,3239,474,15,30,24,977,0
1537443049321,17,Add_ContactAction,200,OK,AddContact 1-9,text,true,,2477,1505,15,30,17,0,0
1537443046394,17,Add_ContactAction,200,"Number of samples in transaction : 2, number of failing samples : 0",AddContact 1-9,,true,,2477,1505,15,30,17,2927,0
1537443049336,23,Del_MainPage,200,OK,DeleteContact 2-7,text,true,,13422,446,15,30,22,0,0
1537443048350,23,Del_MainPage,200,"Number of samples in transaction : 2, number of failing samples : 0",DeleteContact 2-7,,true,,13422,446,15,30,22,988,0
1537443049475,36,Del_ContactFrom,200,OK,DeleteContact 2-5,text,true,,3349,481,15,30,36,0,1
1537443046539,36,Del_ContactFrom,200,"Number of samples in transaction : 2, number of failing samples : 0",DeleteContact 2-5,,true,,3349,481,15,30,36,2936,1
1537443049658,24,Add_ContactForm,200,OK,AddContact 1-13,text,true,,3239,474,15,30,24,0,0
1537443048687,24,Add_ContactForm,200,"Number of samples in transaction : 2, number of failing samples : 0",AddContact 1-13,,true,,3239,474,15,30,24,972,0
1537443049834,57,Add_MainPage,200,OK,AddContact 1-14,text,true,,13422,446,15,30,56,0,1
1537443048844,57,Add_MainPage,200,"Number of samples in transaction : 2, number of failing samples : 0",AddContact 1-14,,true,,13422,446,15,30,56,990,1
1537443049852,125,Del_Contact,200,OK,DeleteContact 2-1,text,true,,2483,510,15,30,125,0,1
1537443046913,125,Del_Contact,200,"Number of samples in transaction : 2, number of failing samples : 0",DeleteContact 2-1,,true,,2483,510,15,30,125,2939,1
1537443049854,129,Del_Contact,200,OK,DeleteContact 2-14,text,true,,2482,510,15,30,129,0,0
1537443046910,129,Del_Contact,200,"Number of samples in transaction : 2, number of failing samples : 0",DeleteContact 2-14,,true,,2482,510,15,30,129,2944,0
1537443050122,64,Add_ContactAction,200,OK,AddContact 1-10,text,true,,2477,1193,15,30,64,0,0
1537443047192,64,Add_ContactAction,200,"Number of samples in transaction : 2, number of failing samples : 0",AddContact 1-10,,true,,2477,1193,15,30,64,2930,0
1537443050136,53,Add_MainPage,200,OK,AddContact 1-1,text,true,,13183,446,15,30,52,0,1
1537443049151,53,Add_MainPage,200,"Number of samples in transaction : 2, number of failing samples : 0",AddContact 1-1,,true,,13183,446,15,30,52,985,1
1537443050151,42,Del_MainPage,200,OK,DeleteContact 2-8,text,true,,13183,446,15,30,41,0,1
1537443049167,42,Del_MainPage,200,"Number of samples in transaction : 2, number of failing samples : 0",DeleteContact 2-8,,true,,13183,446,15,30,41,985,1
1537443050213,18,Del_MainPage,200,OK,DeleteContact 2-9,text,true,,13295,446,15,30,18,0,1
1537443049228,18,Del_MainPage,200,"Number of samples in transaction : 2, number of failing samples : 0",DeleteContact 2-9,,true,,13295,446,15,30,18,987,1
1537443050274,33,Del_Contact,200,OK,DeleteContact 2-2,text,true,,2484,510,15,30,33,0,1
1537443047347,33,Del_Contact,200,"Number of samples in transaction : 2, number of failing samples : 0",DeleteContact 2-2,,true,,2484,510,15,30,33,2927,1
1537443050275,45,Del_Contact,200,OK,DeleteContact 2-15,text,true,,2484,510,15,30,45,0,0
1537443047350,45,Del_Contact,200,"Number of samples in transaction : 2, number of failing samples : 0",DeleteContact 2-15,,true,,2484,510,15,30,45,2925,0
1537443050305,18,Del_ContactFrom,200,OK,DeleteContact 2-6,text,true,,3425,481,15,30,18,0,1
1537443047372,18,Del_ContactFrom,200,"Number of samples in transaction : 2, number of failing samples : 0",DeleteContact 2-6,,true,,3425,481,15,30,18,2933,1
1537443051444,24,Del_Contact,200,OK,DeleteContact 2-3,text,true,,2484,510,15,30,24,0,1
1537443047746,24,Del_Contact,200,"Number of samples in transaction : 2, number of failing samples : 0",DeleteContact 2-3,,true,,2484,510,15,30,24,2930,1
1537443051613,32,Del_MainPage,200,OK,DeleteContact 2-10,text,true,,12829,446,15,30,31,0,1
1537443049869,32,Del_MainPage,200,"Number of samples in transaction : 2, number of failing samples : 0",DeleteContact 2-10,,true,,12829,446,15,30,31,977,1
1537443051644,23,Add_ContactForm,200,OK,AddContact 1-14,text,true,,3239,474,15,30,23,0,0
1537443049891,23,Add_ContactForm,200,"Number of samples in transaction : 2, number of failing samples : 0",AddContact 1-14,,true,,3239,474,15,30,23,984,0
1537443051659,23,Add_ContactAction,200,OK,AddContact 1-11,text,true,,2477,1283,15,30,23,0,6
1537443047961,23,Add_ContactAction,200,"Number of samples in transaction : 2, number of failing samples : 0",AddContact 1-11,,true,,2477,1283,15,30,23,2929,6
1537443051937,68,Add_ContactForm,200,OK,AddContact 1-1,text,true,,3239,474,15,30,68,0,0
1537443050190,68,Add_ContactForm,200,"Number of samples in transaction : 2, number of failing samples : 0",AddContact 1-1,,true,,3239,474,15,30,68,979,0
1537443052060,30,Add_MainPage,200,OK,AddContact 1-15,text,true,,12972,446,15,30,29,0,1
1537443050305,30,Add_MainPage,200,"Number of samples in transaction : 2, number of failing samples : 0",AddContact 1-15,,true,,12972,446,15,30,29,986,1
1537443052383,27,Del_Contact,200,OK,DeleteContact 2-4,text,true,,2482,510,15,30,27,0,1
1537443048682,27,Del_Contact,200,"Number of samples in transaction : 2, number of failing samples : 0",DeleteContact 2-4,,true,,2482,510,15,30,27,2932,1
1537443052460,38,Add_MainPage,200,OK,AddContact 1-2,text,true,,12828,446,15,30,37,0,0
1537443051489,38,Add_MainPage,200,"Number of samples in transaction : 2, number of failing samples : 0",AddContact 1-2,,true,,12828,446,15,30,37,972,0
1537443052968,46,Add_MainPage,200,OK,AddContact 1-3,text,true,,12828,446,15,30,46,0,1
1537443052006,46,Add_MainPage,200,"Number of samples in transaction : 2, number of failing samples : 0",AddContact 1-3,,true,,12828,446,15,30,46,963,1
1537443052998,23,Add_ContactAction,200,OK,AddContact 1-12,text,true,,2477,1662,15,30,23,0,2
1537443049300,23,Add_ContactAction,200,"Number of samples in transaction : 2, number of failing samples : 0",AddContact 1-12,,true,,2477,1662,15,30,23,2929,2
1537443053060,38,Add_ContactForm,200,OK,AddContact 1-15,text,true,,3239,474,15,30,38,0,0
1537443052090,38,Add_ContactForm,200,"Number of samples in transaction : 2, number of failing samples : 0",AddContact 1-15,,true,,3239,474,15,30,38,970,0
1537443053060,42,Del_ContactFrom,200,OK,DeleteContact 2-7,text,true,,3394,481,15,30,42,0,1
1537443049361,42,Del_ContactFrom,200,"Number of samples in transaction : 2, number of failing samples : 0",DeleteContact 2-7,,true,,3394,481,15,30,42,2930,1
1537443053183,33,Del_MainPage,200,OK,DeleteContact 2-11,text,true,,13070,446,15,30,31,0,0
1537443052197,33,Del_MainPage,200,"Number of samples in transaction : 2, number of failing samples : 0",DeleteContact 2-11,,true,,13070,446,15,30,31,988,0
1537443053214,25,Del_Contact,200,OK,DeleteContact 2-5,text,true,,2484,510,15,30,25,0,1
1537443049511,25,Del_Contact,200,"Number of samples in transaction : 2, number of failing samples : 0",DeleteContact 2-5,,true,,2484,510,15,30,25,2934,1
1537443053383,58,Add_MainPage,200,OK,AddContact 1-4,text,true,,12915,446,15,30,57,0,1
1537443052398,58,Add_MainPage,200,"Number of samples in transaction : 2, number of failing samples : 0",AddContact 1-4,,true,,12915,446,15,30,57,985,1
1537443053384,59,Add_ContactAction,200,OK,AddContact 1-13,text,true,,2477,1055,15,30,59,0,26
1537443049683,59,Add_ContactAction,200,"Number of samples in transaction : 2, number of failing samples : 0",AddContact 1-13,,true,,2477,1055,15,30,59,2932,26
1537443053475,27,Add_ContactForm,200,OK,AddContact 1-2,text,true,,3239,474,15,30,27,0,0
1537443052499,27,Add_ContactForm,200,"Number of samples in transaction : 2, number of failing samples : 0",AddContact 1-2,,true,,3239,474,15,30,27,976,0
1537443053660,35,Del_MainPage,200,OK,DeleteContact 2-12,text,true,,13011,446,15,30,33,0,1
1537443052675,35,Del_MainPage,200,"Number of samples in transaction : 2, number of failing samples : 0",DeleteContact 2-12,,true,,13011,446,15,30,33,990,1
1537443053890,26,Del_ContactFrom,200,OK,DeleteContact 2-8,text,true,,3352,481,15,30,26,0,1
1537443050194,26,Del_ContactFrom,200,"Number of samples in transaction : 2, number of failing samples : 0",DeleteContact 2-8,,true,,3352,481,15,30,26,2927,1
1537443053936,14,Del_ContactFrom,200,OK,DeleteContact 2-9,text,true,,3410,481,15,30,14,0,1
1537443050233,14,Del_ContactFrom,200,"Number of samples in transaction : 2, number of failing samples : 0",DeleteContact 2-9,,true,,3410,481,15,30,14,2935,1
1537443054006,17,Add_ContactForm,200,OK,AddContact 1-3,text,true,,3239,474,15,30,17,0,0
1537443053015,17,Add_ContactForm,200,"Number of samples in transaction : 2, number of failing samples : 0",AddContact 1-3,,true,,3239,474,15,30,17,992,0
1537443054029,53,Del_Contact,200,OK,DeleteContact 2-6,text,true,,2484,510,15,30,52,0,1
1537443051092,53,Del_Contact,200,"Number of samples in transaction : 2, number of failing samples : 0",DeleteContact 2-6,,true,,2484,510,15,30,52,2937,1
1537443054368,34,Del_MainPage,200,OK,DeleteContact 2-13,text,true,,12732,446,15,30,32,0,1
1537443053410,34,Del_MainPage,200,"Number of samples in transaction : 2, number of failing samples : 0",DeleteContact 2-13,,true,,12732,446,15,30,32,961,1
1537443054398,29,Add_ContactForm,200,OK,AddContact 1-4,text,true,,3239,474,15,30,29,0,0
1537443053441,29,Add_ContactForm,200,"Number of samples in transaction : 2, number of failing samples : 0",AddContact 1-4,,true,,3239,474,15,30,29,957,0
1537443054570,39,Del_ContactFrom,200,OK,DeleteContact 2-10,text,true,,3268,481,15,30,39,0,1
1537443051647,39,Del_ContactFrom,200,"Number of samples in transaction : 2, number of failing samples : 0",DeleteContact 2-10,,true,,3268,481,15,30,39,2924,1
1537443054583,31,Add_ContactAction,200,OK,AddContact 1-14,text,true,,2477,1313,15,30,31,0,1
1537443051668,31,Add_ContactAction,200,"Number of samples in transaction : 2, number of failing samples : 0",AddContact 1-14,,true,,2477,1313,15,30,31,2916,1
1537443054876,19,Add_MainPage,200,OK,AddContact 1-5,text,true,,12871,446,15,30,17,0,0
1537443053906,19,Add_MainPage,200,"Number of samples in transaction : 2, number of failing samples : 0",AddContact 1-5,,true,,12871,446,15,30,17,970,0
1537443054922,19,Add_ContactAction,200,OK,AddContact 1-1,text,true,,2477,1289,15,30,19,0,1
1537443052006,19,Add_ContactAction,200,"Number of samples in transaction : 2, number of failing samples : 0",AddContact 1-1,,true,,2477,1289,15,30,19,2916,1
1537443055876,23,Add_ContactForm,200,OK,AddContact 1-5,text,true,,3239,474,15,30,23,0,0
1537443054895,23,Add_ContactForm,200,"Number of samples in transaction : 2, number of failing samples : 0",AddContact 1-5,,true,,3239,474,15,30,23,981,0
1537443056858,54,Add_ContactAction,200,OK,AddContact 1-15,text,true,,2477,1379,15,30,54,0,1
1537443053098,54,Add_ContactAction,200,"Number of samples in transaction : 2, number of failing samples : 0",AddContact 1-15,,true,,2477,1379,15,30,54,2932,1
1537443056859,56,Del_Contact,200,OK,DeleteContact 2-7,text,true,,2484,510,15,30,56,0,1
1537443053102,56,Del_Contact,200,"Number of samples in transaction : 2, number of failing samples : 0",DeleteContact 2-7,,true,,2484,510,15,30,56,2930,1
1537443056965,14,Del_ContactFrom,200,OK,DeleteContact 2-11,text,true,,3280,481,15,30,14,0,1
1537443053219,14,Del_ContactFrom,200,"Number of samples in transaction : 2, number of failing samples : 0",DeleteContact 2-11,,true,,3280,481,15,30,14,2918,1
1537443057243,18,Add_ContactAction,200,OK,AddContact 1-2,text,true,,2477,1463,15,30,18,0,1
1537443053502,18,Add_ContactAction,200,"Number of samples in transaction : 2, number of failing samples : 0",AddContact 1-2,,true,,2477,1463,15,30,18,2913,1
1537443057273,19,Add_MainPage,200,OK,AddContact 1-6,text,true,,13124,446,15,30,18,0,1
1537443055461,19,Add_MainPage,200,"Number of samples in transaction : 2, number of failing samples : 0",AddContact 1-6,,true,,13124,446,15,30,18,984,1
1537443057442,50,Del_ContactFrom,200,OK,DeleteContact 2-12,text,true,,3387,481,15,30,50,0,1
1537443053700,50,Del_ContactFrom,200,"Number of samples in transaction : 2, number of failing samples : 0",DeleteContact 2-12,,true,,3387,481,15,30,50,2914,1
1537443057428,67,Del_MainPage,200,OK,DeleteContact 2-1,text,true,,13124,446,15,30,67,0,0
1537443055614,67,Del_MainPage,200,"Number of samples in transaction : 2, number of failing samples : 0",DeleteContact 2-1,,true,,13124,446,15,30,67,988,0
1537443057443,74,Del_MainPage,200,OK,DeleteContact 2-14,text,true,,13124,446,15,30,74,0,1
1537443055629,74,Del_MainPage,200,"Number of samples in transaction : 2, number of failing samples : 0",DeleteContact 2-14,,true,,13124,446,15,30,74,988,1
1537443057458,64,Add_MainPage,200,OK,AddContact 1-7,text,true,,13124,446,15,30,63,0,0
1537443055645,64,Add_MainPage,200,"Number of samples in transaction : 2, number of failing samples : 0",AddContact 1-7,,true,,13124,446,15,30,63,985,0
1537443057658,27,Del_Contact,200,OK,DeleteContact 2-8,text,true,,2484,510,15,30,27,0,1
1537443053916,27,Del_Contact,200,"Number of samples in transaction : 2, number of failing samples : 0",DeleteContact 2-8,,true,,2484,510,15,30,27,2914,1
1537443057689,38,Del_Contact,200,OK,DeleteContact 2-9,text,true,,2484,510,15,30,37,0,0
1537443053951,38,Del_Contact,200,"Number of samples in transaction : 2, number of failing samples : 0",DeleteContact 2-9,,true,,2484,510,15,30,37,2910,0
1537443057766,47,Del_MainPage,200,OK,DeleteContact 2-2,text,true,,12731,446,15,30,46,0,0
1537443055953,47,Del_MainPage,200,"Number of samples in transaction : 2, number of failing samples : 0",DeleteContact 2-2,,true,,12731,446,15,30,46,989,0
1537443057767,61,Add_ContactAction,200,OK,AddContact 1-3,text,true,,2477,1343,15,30,61,0,0
1537443054024,61,Add_ContactAction,200,"Number of samples in transaction : 2, number of failing samples : 0",AddContact 1-3,,true,,2477,1343,15,30,61,2915,0
1537443057768,63,Del_MainPage,200,OK,DeleteContact 2-15,text,true,,12731,446,15,30,62,0,0
1537443055953,63,Del_MainPage,200,"Number of samples in transaction : 2, number of failing samples : 0",DeleteContact 2-15,,true,,12731,446,15,30,62,989,0
1537443058089,38,Add_MainPage,200,OK,AddContact 1-8,text,true,,12887,446,15,30,32,0,0
1537443057105,38,Add_MainPage,200,"Number of samples in transaction : 2, number of failing samples : 0",AddContact 1-8,,true,,12887,446,15,30,32,985,0
1537443058150,45,Del_MainPage,200,OK,DeleteContact 2-3,text,true,,12887,446,15,30,44,0,0
1537443057165,45,Del_MainPage,200,"Number of samples in transaction : 2, number of failing samples : 0",DeleteContact 2-3,,true,,12887,446,15,30,44,987,0
1537443058165,38,Del_ContactFrom,200,OK,DeleteContact 2-13,text,true,,3430,481,15,30,38,0,1
1537443054405,38,Del_ContactFrom,200,"Number of samples in transaction : 2, number of failing samples : 0",DeleteContact 2-13,,true,,3430,481,15,30,38,2932,1
1537443058181,25,Add_ContactAction,200,OK,AddContact 1-4,text,true,,2477,1475,15,30,25,0,1
1537443054427,25,Add_ContactAction,200,"Number of samples in transaction : 2, number of failing samples : 0",AddContact 1-4,,true,,2477,1475,15,30,25,2927,1
1537443058273,24,Add_ContactForm,200,OK,AddContact 1-6,text,true,,3239,474,15,30,23,0,0
1537443057292,24,Add_ContactForm,200,"Number of samples in transaction : 2, number of failing samples : 0",AddContact 1-6,,true,,3239,474,15,30,23,981,0
1537443058365,36,Del_Contact,200,OK,DeleteContact 2-10,text,true,,2484,510,15,30,36,0,1
1537443054610,36,Del_Contact,200,"Number of samples in transaction : 2, number of failing samples : 0",DeleteContact 2-10,,true,,2484,510,15,30,36,2927,1
1537443058504,22,Add_ContactForm,200,OK,AddContact 1-7,text,true,,3239,474,15,30,22,0,0
1537443057522,22,Add_ContactForm,200,"Number of samples in transaction : 2, number of failing samples : 0",AddContact 1-7,,true,,3239,474,15,30,22,983,0
1537443058751,41,Add_MainPage,200,OK,AddContact 1-9,text,true,,12956,446,15,30,39,0,1
1537443057767,41,Add_MainPage,200,"Number of samples in transaction : 2, number of failing samples : 0",AddContact 1-9,,true,,12956,446,15,30,39,984,1
1537443059105,21,Add_ContactForm,200,OK,AddContact 1-8,text,true,,3239,474,15,30,21,0,0
1537443058128,21,Add_ContactForm,200,"Number of samples in transaction : 2, number of failing samples : 0",AddContact 1-8,,true,,3239,474,15,30,21,977,0
1537443059089,44,Del_MainPage,200,OK,DeleteContact 2-4,text,true,,12956,446,15,30,43,0,1
1537443058104,44,Del_MainPage,200,"Number of samples in transaction : 2, number of failing samples : 0",DeleteContact 2-4,,true,,12956,446,15,30,43,987,1
1537443059597,30,Add_MainPage,200,OK,AddContact 1-10,text,true,,12956,446,15,30,29,0,0
1537443058612,30,Add_MainPage,200,"Number of samples in transaction : 2, number of failing samples : 0",AddContact 1-10,,true,,12956,446,15,30,29,985,0
1537443059643,17,Add_ContactAction,200,OK,AddContact 1-5,text,true,,2477,1722,15,30,17,0,1
1537443055899,17,Add_ContactAction,200,"Number of samples in transaction : 2, number of failing samples : 0",AddContact 1-5,,true,,2477,1722,15,30,17,2917,1
1537443059772,24,Add_ContactForm,200,OK,AddContact 1-9,text,true,,3239,474,15,30,24,0,0
1537443058792,24,Add_ContactForm,200,"Number of samples in transaction : 2, number of failing samples : 0",AddContact 1-9,,true,,3239,474,15,30,24,1024,0
1537443059920,30,Del_MainPage,200,OK,DeleteContact 2-5,text,true,,13229,446,15,30,29,0,0
1537443058935,30,Del_MainPage,200,"Number of samples in transaction : 2, number of failing samples : 0",DeleteContact 2-5,,true,,13229,446,15,30,29,987,0
1537443059905,50,Del_Contact,200,OK,DeleteContact 2-11,text,true,,2484,510,15,30,49,0,1
1537443056979,50,Del_Contact,200,"Number of samples in transaction : 2, number of failing samples : 0",DeleteContact 2-11,,true,,2484,510,15,30,49,2926,1
1537443060304,30,Add_MainPage,200,OK,AddContact 1-11,text,true,,13102,446,15,30,29,0,1
1537443059320,30,Add_MainPage,200,"Number of samples in transaction : 2, number of failing samples : 0",AddContact 1-11,,true,,13102,446,15,30,29,984,1
1537443060429,66,Del_ContactFrom,200,OK,DeleteContact 2-1,text,true,,3427,481,15,30,66,0,1
1537443057497,66,Del_ContactFrom,200,"Number of samples in transaction : 2, number of failing samples : 0",DeleteContact 2-1,,true,,3427,481,15,30,66,2933,1
1537443060466,32,Del_ContactFrom,200,OK,DeleteContact 2-14,text,true,,3322,481,15,30,32,0,0
1537443057519,32,Del_ContactFrom,200,"Number of samples in transaction : 2, number of failing samples : 0",DeleteContact 2-14,,true,,3322,481,15,30,32,2947,0
1537443060428,74,Del_Contact,200,OK,DeleteContact 2-12,text,true,,2484,510,15,30,74,0,1
1537443057492,74,Del_Contact,200,"Number of samples in transaction : 2, number of failing samples : 0",DeleteContact 2-12,,true,,2484,510,15,30,74,2936,1
1537443060597,26,Add_ContactForm,200,OK,AddContact 1-10,text,true,,3239,474,15,30,26,0,0
1537443059627,26,Add_ContactForm,200,"Number of samples in transaction : 2, number of failing samples : 0",AddContact 1-10,,true,,3239,474,15,30,26,970,0
1537443060751,51,Del_ContactFrom,200,OK,DeleteContact 2-2,text,true,,3430,481,15,30,51,0,1
1537443057817,51,Del_ContactFrom,200,"Number of samples in transaction : 2, number of failing samples : 0",DeleteContact 2-2,,true,,3430,481,15,30,51,2934,1
1537443060768,40,Del_ContactFrom,200,OK,DeleteContact 2-15,text,true,,3360,481,15,30,40,0,0
1537443057833,40,Del_ContactFrom,200,"Number of samples in transaction : 2, number of failing samples : 0",DeleteContact 2-15,,true,,3360,481,15,30,40,2935,0
1537443060767,44,Del_MainPage,200,OK,DeleteContact 2-6,text,true,,12909,446,15,30,43,0,0
1537443059781,44,Del_MainPage,200,"Number of samples in transaction : 2, number of failing samples : 0",DeleteContact 2-6,,true,,12909,446,15,30,43,988,0
1537443061137,35,Del_ContactFrom,200,OK,DeleteContact 2-3,text,true,,3313,481,15,30,35,0,0
1537443058197,35,Del_ContactFrom,200,"Number of samples in transaction : 2, number of failing samples : 0",DeleteContact 2-3,,true,,3313,481,15,30,35,2940,0
1537443061136,42,Del_Contact,200,OK,DeleteContact 2-13,text,true,,2484,510,15,30,42,0,0
1537443058203,42,Del_Contact,200,"Number of samples in transaction : 2, number of failing samples : 0",DeleteContact 2-13,,true,,2484,510,15,30,42,2933,0
1537443061228,27,Add_ContactAction,200,OK,AddContact 1-6,text,true,,2477,1415,15,30,27,0,1
1537443058297,27,Add_ContactAction,200,"Number of samples in transaction : 2, number of failing samples : 0",AddContact 1-6,,true,,2477,1415,15,30,27,2931,1
1537443061305,25,Add_ContactForm,200,OK,AddContact 1-11,text,true,,3239,474,15,30,25,0,0
1537443060334,25,Add_ContactForm,200,"Number of samples in transaction : 2, number of failing samples : 0",AddContact 1-11,,true,,3239,474,15,30,25,971,0
1537443061459,26,Add_ContactAction,200,OK,AddContact 1-7,text,true,,2477,1181,15,30,26,0,1
1537443058527,26,Add_ContactAction,200,"Number of samples in transaction : 2, number of failing samples : 0",AddContact 1-7,,true,,2477,1181,15,30,26,2932,1
1537443061659,42,Add_MainPage,200,OK,AddContact 1-12,text,true,,12931,446,15,30,40,0,1
1537443060675,42,Add_MainPage,200,"Number of samples in transaction : 2, number of failing samples : 0",AddContact 1-12,,true,,12931,446,15,30,40,984,1
1537443062359,41,Del_ContactFrom,200,OK,DeleteContact 2-4,text,true,,3372,481,15,30,41,0,1
1537443059135,41,Del_ContactFrom,200,"Number of samples in transaction : 2, number of failing samples : 0",DeleteContact 2-4,,true,,3372,481,15,30,41,2945,1
1537443062352,51,Add_MainPage,200,OK,AddContact 1-13,text,true,,12931,446,15,30,50,0,1
1537443061089,51,Add_MainPage,200,"Number of samples in transaction : 2, number of failing samples : 0",AddContact 1-13,,true,,12931,446,15,30,50,985,1
1537443062339,66,Add_ContactAction,200,OK,AddContact 1-8,text,true,,2477,1559,15,30,66,0,1
1537443059126,66,Add_ContactAction,200,"Number of samples in transaction : 2, number of failing samples : 0",AddContact 1-8,,true,,2477,1559,15,30,66,2935,1
1537443062954,21,Add_ContactForm,200,OK,AddContact 1-12,text,true,,3239,474,15,30,21,0,0
1537443061980,21,Add_ContactForm,200,"Number of samples in transaction : 2, number of failing samples : 0",AddContact 1-12,,true,,3239,474,15,30,21,974,0
1537443063046,52,Add_ContactAction,200,OK,AddContact 1-9,text,true,,2477,1385,15,30,52,0,1
1537443059840,52,Add_ContactAction,200,"Number of samples in transaction : 2, number of failing samples : 0",AddContact 1-9,,true,,2477,1385,15,30,52,2927,1
1537443063065,36,Del_MainPage,200,OK,DeleteContact 2-7,text,true,,13160,446,15,30,35,0,0
1537443062076,36,Del_MainPage,200,"Number of samples in transaction : 2, number of failing samples : 0",DeleteContact 2-7,,true,,13160,446,15,30,35,1001,0
1537443063169,34,Del_ContactFrom,200,OK,DeleteContact 2-5,text,true,,3434,481,15,30,33,0,1
1537443059952,34,Del_ContactFrom,200,"Number of samples in transaction : 2, number of failing samples : 0",DeleteContact 2-5,,true,,3434,481,15,30,33,2938,1
1537443063385,24,Add_ContactForm,200,OK,AddContact 1-13,text,true,,3239,474,15,30,24,0,0
1537443062404,24,Add_ContactForm,200,"Number of samples in transaction : 2, number of failing samples : 0",AddContact 1-13,,true,,3239,474,15,30,24,989,0
1537443063554,37,Add_MainPage,200,OK,AddContact 1-14,text,true,,13329,446,15,30,35,0,1
1537443062569,37,Add_MainPage,200,"Number of samples in transaction : 2, number of failing samples : 0",AddContact 1-14,,true,,13329,446,15,30,35,985,1
1537443063708,54,Del_Contact,200,OK,DeleteContact 2-1,text,true,,2484,510,15,30,54,0,1
1537443060496,54,Del_Contact,200,"Number of samples in transaction : 2, number of failing samples : 0",DeleteContact 2-1,,true,,2484,510,15,30,54,2933,1
1537443063710,67,Del_Contact,200,OK,DeleteContact 2-14,text,true,,2484,510,15,30,66,0,0
1537443060498,67,Del_Contact,200,"Number of samples in transaction : 2, number of failing samples : 0",DeleteContact 2-14,,true,,2484,510,15,30,66,2933,0
1537443063830,44,Del_MainPage,200,OK,DeleteContact 2-8,text,true,,12945,446,15,30,43,0,1
1537443062846,44,Del_MainPage,200,"Number of samples in transaction : 2, number of failing samples : 0",DeleteContact 2-8,,true,,12945,446,15,30,43,986,1
1537443063831,48,Add_ContactAction,200,OK,AddContact 1-10,text,true,,2477,1337,15,30,48,0,1
1537443060623,48,Add_ContactAction,200,"Number of samples in transaction : 2, number of failing samples : 0",AddContact 1-10,,true,,2477,1337,15,30,48,2930,1
1537443063877,35,Del_MainPage,200,OK,DeleteContact 2-9,text,true,,13091,446,15,30,34,0,0
1537443062891,35,Del_MainPage,200,"Number of samples in transaction : 2, number of failing samples : 0",DeleteContact 2-9,,true,,13091,446,15,30,34,987,0
1537443063877,39,Add_MainPage,200,OK,AddContact 1-1,text,true,,13091,446,15,30,38,0,1
1537443062891,39,Add_MainPage,200,"Number of samples in transaction : 2, number of failing samples : 0",AddContact 1-1,,true,,13091,446,15,30,38,987,1
1537443064016,47,Del_Contact,200,OK,DeleteContact 2-2,text,true,,2490,510,15,30,47,0,0
1537443060802,47,Del_Contact,200,"Number of samples in transaction : 2, number of failing samples : 0",DeleteContact 2-2,,true,,2490,510,15,30,47,2936,0
1537443064031,36,Del_ContactFrom,200,OK,DeleteContact 2-6,text,true,,3415,481,15,30,36,0,1
1537443060813,36,Del_ContactFrom,200,"Number of samples in transaction : 2, number of failing samples : 0",DeleteContact 2-6,,true,,3415,481,15,30,36,2939,1
1537443064017,53,Del_Contact,200,OK,DeleteContact 2-15,text,true,,2484,510,15,30,53,0,0
1537443060808,53,Del_Contact,200,"Number of samples in transaction : 2, number of failing samples : 0",DeleteContact 2-15,,true,,2484,510,15,30,53,2931,0
1537443064385,27,Del_Contact,200,OK,DeleteContact 2-3,text,true,,2484,510,15,30,27,0,1
1537443061172,27,Del_Contact,200,"Number of samples in transaction : 2, number of failing samples : 0",DeleteContact 2-3,,true,,2484,510,15,30,27,2934,1
1537443064569,20,Add_ContactForm,200,OK,AddContact 1-14,text,true,,3239,474,15,30,20,0,0
1537443063591,20,Add_ContactForm,200,"Number of samples in transaction : 2, number of failing samples : 0",AddContact 1-14,,true,,3239,474,15,30,20,978,0
1537443064539,58,Add_ContactAction,200,OK,AddContact 1-11,text,true,,2477,1079,15,30,58,0,1
1537443061330,58,Add_ContactAction,200,"Number of samples in transaction : 2, number of failing samples : 0",AddContact 1-11,,true,,2477,1079,15,30,58,2930,1
1537443064557,43,Del_MainPage,200,OK,DeleteContact 2-10,text,true,,12778,446,15,30,42,0,1
1537443063572,43,Del_MainPage,200,"Number of samples in transaction : 2, number of failing samples : 0",DeleteContact 2-10,,true,,12778,446,15,30,42,988,1
1537443064893,29,Add_ContactForm,200,OK,AddContact 1-1,text,true,,3239,474,15,30,29,0,0
1537443063917,29,Add_ContactForm,200,"Number of samples in transaction : 2, number of failing samples : 0",AddContact 1-1,,true,,3239,474,15,30,29,976,0
1537443065016,38,Add_MainPage,200,OK,AddContact 1-15,text,true,,12857,446,15,30,37,0,1
1537443064032,38,Add_MainPage,200,"Number of samples in transaction : 2, number of failing samples : 0",AddContact 1-15,,true,,12857,446,15,30,37,985,1
1537443065339,28,Del_Contact,200,OK,DeleteContact 2-4,text,true,,2484,510,15,30,28,0,1
1537443062400,28,Del_Contact,200,"Number of samples in transaction : 2, number of failing samples : 0",DeleteContact 2-4,,true,,2484,510,15,30,28,2940,1
1537443065385,22,Add_MainPage,200,OK,AddContact 1-2,text,true,,12687,446,15,30,21,0,0
1537443064399,22,Add_MainPage,200,"Number of samples in transaction : 2, number of failing samples : 0",AddContact 1-2,,true,,12687,446,15,30,21,987,0
1537443065955,75,Add_MainPage,200,OK,AddContact 1-3,text,true,,12687,446,15,30,73,0,0
1537443064970,75,Add_MainPage,200,"Number of samples in transaction : 2, number of failing samples : 0",AddContact 1-3,,true,,12687,446,15,30,73,985,0
1537443065924,125,Add_ContactAction,200,OK,AddContact 1-12,text,true,,2477,1571,15,30,125,0,1
1537443062976,125,Add_ContactAction,200,"Number of samples in transaction : 2, number of failing samples : 0",AddContact 1-12,,true,,2477,1571,15,30,125,2948,1
1537443066032,21,Add_ContactForm,200,OK,AddContact 1-15,text,true,,3239,474,15,30,21,0,0
1537443065055,21,Add_ContactForm,200,"Number of samples in transaction : 2, number of failing samples : 0",AddContact 1-15,,true,,3239,474,15,30,21,978,0
1537443066062,14,Del_ContactFrom,200,OK,DeleteContact 2-7,text,true,,3413,481,15,30,14,0,1
1537443063113,14,Del_ContactFrom,200,"Number of samples in transaction : 2, number of failing samples : 0",DeleteContact 2-7,,true,,3413,481,15,30,14,2949,1
1537443066124,26,Del_MainPage,200,OK,DeleteContact 2-11,text,true,,12896,446,15,30,25,0,0
1537443065139,26,Del_MainPage,200,"Number of samples in transaction : 2, number of failing samples : 0",DeleteContact 2-11,,true,,12896,446,15,30,25,989,0
1537443066154,16,Del_Contact,200,OK,DeleteContact 2-5,text,true,,2484,510,15,30,16,0,1
1537443063203,16,Del_Contact,200,"Number of samples in transaction : 2, number of failing samples : 0",DeleteContact 2-5,,true,,2484,510,15,30,16,2951,1
1537443066324,52,Add_MainPage,200,OK,AddContact 1-4,text,true,,12630,446,15,30,50,0,1
1537443065339,52,Add_MainPage,200,"Number of samples in transaction : 2, number of failing samples : 0",AddContact 1-4,,true,,12630,446,15,30,50,985,1
1537443066354,28,Add_ContactAction,200,OK,AddContact 1-13,text,true,,2477,1493,15,30,28,0,1
1537443063417,28,Add_ContactAction,200,"Number of samples in transaction : 2, number of failing samples : 0",AddContact 1-13,,true,,2477,1493,15,30,28,2937,1
1537443066386,15,Add_ContactForm,200,OK,AddContact 1-2,text,true,,3239,474,15,30,15,0,0
1537443065408,15,Add_ContactForm,200,"Number of samples in transaction : 2, number of failing samples : 0",AddContact 1-2,,true,,3239,474,15,30,15,978,0
1537443066663,33,Del_MainPage,200,OK,DeleteContact 2-12,text,true,,12814,446,15,30,32,0,1
1537443065678,33,Del_MainPage,200,"Number of samples in transaction : 2, number of failing samples : 0",DeleteContact 2-12,,true,,12814,446,15,30,32,987,1
1537443066801,24,Del_ContactFrom,200,OK,DeleteContact 2-8,text,true,,3320,481,15,30,24,0,4
1537443063876,24,Del_ContactFrom,200,"Number of samples in transaction : 2, number of failing samples : 0",DeleteContact 2-8,,true,,3320,481,15,30,24,2926,4
1537443066848,19,Del_ContactFrom,200,OK,DeleteContact 2-9,text,true,,3339,481,15,30,19,0,0
1537443063913,19,Del_ContactFrom,200,"Number of samples in transaction : 2, number of failing samples : 0",DeleteContact 2-9,,true,,3339,481,15,30,19,2935,0
1537443067233,47,Add_ContactForm,200,OK,AddContact 1-3,text,true,,3239,474,15,30,47,0,0
1537443066030,47,Add_ContactForm,200,"Number of samples in transaction : 2, number of failing samples : 0",AddContact 1-3,,true,,3239,474,15,30,47,971,0
1537443067233,51,Del_Contact,200,OK,DeleteContact 2-6,text,true,,2484,510,15,30,51,0,1
1537443064067,51,Del_Contact,200,"Number of samples in transaction : 2, number of failing samples : 0",DeleteContact 2-6,,true,,2484,510,15,30,51,2935,1
1537443067584,37,Add_ContactForm,200,OK,AddContact 1-4,text,true,,3239,474,15,30,37,0,0
1537443066376,37,Add_ContactForm,200,"Number of samples in transaction : 2, number of failing samples : 0",AddContact 1-4,,true,,3239,474,15,30,37,977,0
1537443067572,64,Del_MainPage,200,OK,DeleteContact 2-13,text,true,,12576,446,15,30,63,0,1
1537443066355,64,Del_MainPage,200,"Number of samples in transaction : 2, number of failing samples : 0",DeleteContact 2-13,,true,,12576,446,15,30,63,987,1
1537443067775,31,Del_ContactFrom,200,OK,DeleteContact 2-10,text,true,,3341,481,15,30,31,0,1
1537443064603,31,Del_ContactFrom,200,"Number of samples in transaction : 2, number of failing samples : 0",DeleteContact 2-10,,true,,3341,481,15,30,31,2940,1
1537443067757,52,Add_ContactAction,200,OK,AddContact 1-14,text,true,,2477,1571,15,30,52,0,1
1537443064589,52,Add_ContactAction,200,"Number of samples in transaction : 2, number of failing samples : 0",AddContact 1-14,,true,,2477,1571,15,30,52,2937,1
1537443068018,33,Add_MainPage,200,OK,AddContact 1-5,text,true,,12781,446,15,30,32,0,1
1537443066805,33,Add_MainPage,200,"Number of samples in transaction : 2, number of failing samples : 0",AddContact 1-5,,true,,12781,446,15,30,32,982,1
1537443068079,42,Add_ContactAction,200,OK,AddContact 1-1,text,true,,2477,1391,15,30,42,0,1
1537443064922,42,Add_ContactAction,200,"Number of samples in transaction : 2, number of failing samples : 0",AddContact 1-1,,true,,2477,1391,15,30,42,2925,1
1537443069033,25,Add_ContactForm,200,OK,AddContact 1-5,text,true,,3239,474,15,30,24,0,0
1537443068052,25,Add_ContactForm,200,"Number of samples in transaction : 2, number of failing samples : 0",AddContact 1-5,,true,,3239,474,15,30,24,981,0
1537443069219,49,Add_ContactAction,200,OK,AddContact 1-15,text,true,,2477,1656,15,30,49,0,1
1537443066054,49,Add_ContactAction,200,"Number of samples in transaction : 2, number of failing samples : 0",AddContact 1-15,,true,,2477,1656,15,30,49,2933,1
1537443069240,32,Del_Contact,200,OK,DeleteContact 2-7,text,true,,2484,510,15,30,32,0,1
1537443066076,32,Del_Contact,200,"Number of samples in transaction : 2, number of failing samples : 0",DeleteContact 2-7,,true,,2484,510,15,30,32,2932,1
1537443069311,13,Del_ContactFrom,200,OK,DeleteContact 2-11,text,true,,3346,481,15,30,13,0,0
1537443066154,13,Del_ContactFrom,200,"Number of samples in transaction : 2, number of failing samples : 0",DeleteContact 2-11,,true,,3346,481,15,30,13,2925,0
1537443069587,33,Add_ContactAction,200,OK,AddContact 1-2,text,true,,2477,1529,15,30,33,0,1
1537443066401,33,Add_ContactAction,200,"Number of samples in transaction : 2, number of failing samples : 0",AddContact 1-2,,true,,2477,1529,15,30,33,2954,1
1537443069618,20,Add_MainPage,200,OK,AddContact 1-6,text,true,,13149,446,15,30,19,0,0
1537443068619,20,Add_MainPage,200,"Number of samples in transaction : 2, number of failing samples : 0",AddContact 1-6,,true,,13149,446,15,30,19,1000,0
1537443069849,37,Add_MainPage,200,OK,AddContact 1-7,text,true,,13149,446,15,30,34,0,1
1537443068849,37,Add_MainPage,200,"Number of samples in transaction : 2, number of failing samples : 0",AddContact 1-7,,true,,13149,446,15,30,34,1001,1
1537443069884,66,Del_ContactFrom,200,OK,DeleteContact 2-12,text,true,,3378,481,15,30,66,0,0
1537443066698,66,Del_ContactFrom,200,"Number of samples in transaction : 2, number of failing samples : 0",DeleteContact 2-12,,true,,3378,481,15,30,66,2954,0
1537443069904,57,Del_MainPage,200,OK,DeleteContact 2-1,text,true,,13149,446,15,30,57,0,0
1537443068895,57,Del_MainPage,200,"Number of samples in transaction : 2, number of failing samples : 0",DeleteContact 2-1,,true,,13149,446,15,30,57,1011,0
1537443069916,50,Del_MainPage,200,OK,DeleteContact 2-14,text,true,,13149,446,15,30,49,0,1
1537443068910,50,Del_MainPage,200,"Number of samples in transaction : 2, number of failing samples : 0",DeleteContact 2-14,,true,,13149,446,15,30,49,1008,1
1537443070003,26,Del_Contact,200,OK,DeleteContact 2-8,text,true,,2484,510,15,30,26,0,1
1537443066826,26,Del_Contact,200,"Number of samples in transaction : 2, number of failing samples : 0",DeleteContact 2-8,,true,,2484,510,15,30,26,2945,1
1537443070049,15,Del_Contact,200,OK,DeleteContact 2-9,text,true,,2484,510,15,30,15,0,1
1537443067099,15,Del_Contact,200,"Number of samples in transaction : 2, number of failing samples : 0",DeleteContact 2-9,,true,,2484,510,15,30,15,2951,1
1537443070204,71,Del_MainPage,200,OK,DeleteContact 2-2,text,true,,12877,446,15,30,70,0,0
1537443069203,71,Del_MainPage,200,"Number of samples in transaction : 2, number of failing samples : 0",DeleteContact 2-2,,true,,12877,446,15,30,70,1002,0
1537443070205,75,Del_MainPage,200,OK,DeleteContact 2-15,text,true,,12877,446,15,30,74,0,7
1537443069203,75,Del_MainPage,200,"Number of samples in transaction : 2, number of failing samples : 0",DeleteContact 2-15,,true,,12877,446,15,30,74,1003,7
1537443070233,50,Add_ContactAction,200,OK,AddContact 1-3,text,true,,2477,1529,15,30,50,0,1
1537443067281,50,Add_ContactAction,200,"Number of samples in transaction : 2, number of failing samples : 0",AddContact 1-3,,true,,2477,1529,15,30,50,2952,1
1537443070494,47,Add_MainPage,200,OK,AddContact 1-8,text,true,,13051,446,15,30,46,0,1
1537443069511,47,Add_MainPage,200,"Number of samples in transaction : 2, number of failing samples : 0",AddContact 1-8,,true,,13051,446,15,30,46,983,1
1537443070527,24,Del_MainPage,200,OK,DeleteContact 2-3,text,true,,13051,446,15,30,23,0,0
1537443069541,24,Del_MainPage,200,"Number of samples in transaction : 2, number of failing samples : 0",DeleteContact 2-3,,true,,13051,446,15,30,23,988,0
1537443070573,16,Add_ContactAction,200,OK,AddContact 1-4,text,true,,2477,1445,15,30,16,0,0
1537443067622,16,Add_ContactAction,200,"Number of samples in transaction : 2, number of failing samples : 0",AddContact 1-4,,true,,2477,1445,15,30,16,2951,0
1537443070587,15,Del_ContactFrom,200,OK,DeleteContact 2-13,text,true,,3428,481,15,30,15,0,0
1537443067638,15,Del_ContactFrom,200,"Number of samples in transaction : 2, number of failing samples : 0",DeleteContact 2-13,,true,,3428,481,15,30,15,2949,0
1537443070619,12,Add_ContactForm,200,OK,AddContact 1-6,text,true,,3239,474,15,30,12,0,0
1537443069639,12,Add_ContactForm,200,"Number of samples in transaction : 2, number of failing samples : 0",AddContact 1-6,,true,,3239,474,15,30,12,980,0
1537443070757,35,Del_Contact,200,OK,DeleteContact 2-10,text,true,,2484,510,15,30,35,0,0
1537443067806,35,Del_Contact,200,"Number of samples in transaction : 2, number of failing samples : 0",DeleteContact 2-10,,true,,2484,510,15,30,35,2951,0
1537443070864,23,Add_ContactForm,200,OK,AddContact 1-7,text,true,,3239,474,15,30,23,0,0
1537443069887,23,Add_ContactForm,200,"Number of samples in transaction : 2, number of failing samples : 0",AddContact 1-7,,true,,3239,474,15,30,23,977,0
1537443071187,30,Add_MainPage,200,OK,AddContact 1-9,text,true,,13065,446,15,30,29,0,1
1537443070212,30,Add_MainPage,200,"Number of samples in transaction : 2, number of failing samples : 0",AddContact 1-9,,true,,13065,446,15,30,29,975,1
1537443071469,37,Del_MainPage,200,OK,DeleteContact 2-4,text,true,,13065,446,15,30,35,0,1
1537443070495,37,Del_MainPage,200,"Number of samples in transaction : 2, number of failing samples : 0",DeleteContact 2-4,,true,,13065,446,15,30,35,976,1
1537443071512,14,Add_ContactForm,200,OK,AddContact 1-8,text,true,,3239,474,15,30,14,0,0
1537443070541,14,Add_ContactForm,200,"Number of samples in transaction : 2, number of failing samples : 0",AddContact 1-8,,true,,3239,474,15,30,14,971,0
1537443071957,31,Add_MainPage,200,OK,AddContact 1-10,text,true,,13065,446,15,30,30,0,1
1537443070972,31,Add_MainPage,200,"Number of samples in transaction : 2, number of failing samples : 0",AddContact 1-10,,true,,13065,446,15,30,30,985,1
1537443071742,17,Add_ContactAction,200,OK,AddContact 1-5,text,true,,2477,1535,15,30,17,0,0
1537443069058,17,Add_ContactAction,200,"Number of samples in transaction : 2, number of failing samples : 0",AddContact 1-5,,true,,2477,1535,15,30,17,2932,0
1537443071942,24,Add_ContactForm,200,OK,AddContact 1-9,text,true,,3239,474,15,30,24,0,0
1537443071217,24,Add_ContactForm,200,"Number of samples in transaction : 2, number of failing samples : 0",AddContact 1-9,,true,,3239,474,15,30,24,972,0
1537443072003,27,Del_Contact,200,OK,DeleteContact 2-11,text,true,,2484,510,15,30,27,0,1
1537443069324,27,Del_Contact,200,"Number of samples in transaction : 2, number of failing samples : 0",DeleteContact 2-11,,true,,2484,510,15,30,27,2927,1
1537443072049,18,Del_MainPage,200,OK,DeleteContact 2-5,text,true,,13113,446,15,30,17,0,0
1537443071311,18,Del_MainPage,200,"Number of samples in transaction : 2, number of failing samples : 0",DeleteContact 2-5,,true,,13113,446,15,30,17,987,0
1537443072418,29,Add_MainPage,200,OK,AddContact 1-11,text,true,,13113,446,15,30,28,0,0
1537443071680,29,Add_MainPage,200,"Number of samples in transaction : 2, number of failing samples : 0",AddContact 1-11,,true,,13113,446,15,30,28,985,0
1537443072652,40,Del_ContactFrom,200,OK,DeleteContact 2-1,text,true,,3409,481,15,30,40,0,1
1537443069963,40,Del_ContactFrom,200,"Number of samples in transaction : 2, number of failing samples : 0",DeleteContact 2-1,,true,,3409,481,15,30,40,2936,1
1537443072653,42,Del_ContactFrom,200,OK,DeleteContact 2-14,text,true,,3343,481,15,30,41,0,1
1537443069968,42,Del_ContactFrom,200,"Number of samples in transaction : 2, number of failing samples : 0",DeleteContact 2-14,,true,,3343,481,15,30,41,2932,1
1537443072634,69,Del_Contact,200,OK,DeleteContact 2-12,text,true,,2483,510,15,30,69,0,1
1537443069950,69,Del_Contact,200,"Number of samples in transaction : 2, number of failing samples : 0",DeleteContact 2-12,,true,,2483,510,15,30,69,2931,1
1537443072726,12,Add_ContactForm,200,OK,AddContact 1-10,text,true,,3239,474,15,30,12,0,0
1537443071988,12,Add_ContactForm,200,"Number of samples in transaction : 2, number of failing samples : 0",AddContact 1-10,,true,,3239,474,15,30,12,986,0
1537443072910,34,Del_MainPage,200,OK,DeleteContact 2-6,text,true,,12914,446,15,30,34,0,1
1537443071925,34,Del_MainPage,200,"Number of samples in transaction : 2, number of failing samples : 0",DeleteContact 2-6,,true,,12914,446,15,30,34,1087,1
1537443073024,52,Del_ContactFrom,200,OK,DeleteContact 2-2,text,true,,3346,481,15,30,52,0,0
1537443070276,52,Del_ContactFrom,200,"Number of samples in transaction : 2, number of failing samples : 0",DeleteContact 2-2,,true,,3346,481,15,30,52,3007,0
1537443073047,44,Del_ContactFrom,200,OK,DeleteContact 2-15,text,true,,3309,481,15,30,44,0,0
1537443070281,44,Del_ContactFrom,200,"Number of samples in transaction : 2, number of failing samples : 0",DeleteContact 2-15,,true,,3309,481,15,30,44,3013,0
1537443073225,30,Del_ContactFrom,200,OK,DeleteContact 2-3,text,true,,3330,481,15,30,30,0,0
1537443070553,30,Del_ContactFrom,200,"Number of samples in transaction : 2, number of failing samples : 0",DeleteContact 2-3,,true,,3330,481,15,30,30,2919,0
1537443073280,17,Del_Contact,200,OK,DeleteContact 2-13,text,true,,2484,510,15,30,17,0,0
1537443070602,17,Del_Contact,200,"Number of samples in transaction : 2, number of failing samples : 0",DeleteContact 2-13,,true,,2484,510,15,30,17,2925,0
1537443073311,19,Add_ContactAction,200,OK,AddContact 1-6,text,true,,2477,1505,15,30,19,0,1
1537443070631,19,Add_ContactAction,200,"Number of samples in transaction : 2, number of failing samples : 0",AddContact 1-6,,true,,2477,1505,15,30,19,2927,1
1537443073419,24,Add_ContactForm,200,OK,AddContact 1-11,text,true,,3239,474,15,30,23,0,0
1537443072447,24,Add_ContactForm,200,"Number of samples in transaction : 2, number of failing samples : 0",AddContact 1-11,,true,,3239,474,15,30,23,978,0
1537443073573,31,Add_ContactAction,200,OK,AddContact 1-7,text,true,,2477,1680,15,30,31,0,0
1537443070888,31,Add_ContactAction,200,"Number of samples in transaction : 2, number of failing samples : 0",AddContact 1-7,,true,,2477,1680,15,30,31,2932,0
1537443073880,38,Add_MainPage,200,OK,AddContact 1-12,text,true,,13118,446,15,30,36,0,1
1537443072895,38,Add_MainPage,200,"Number of samples in transaction : 2, number of failing samples : 0",AddContact 1-12,,true,,13118,446,15,30,36,985,1
1537443074189,53,Del_ContactFrom,200,OK,DeleteContact 2-4,text,true,,3334,481,15,30,53,0,0
1537443071508,53,Del_ContactFrom,200,"Number of samples in transaction : 2, number of failing samples : 0",DeleteContact 2-4,,true,,3334,481,15,30,53,2928,0
1537443074188,58,Add_MainPage,200,OK,AddContact 1-13,text,true,,13118,446,15,30,57,0,0
1537443073203,58,Add_MainPage,200,"Number of samples in transaction : 2, number of failing samples : 0",AddContact 1-13,,true,,13118,446,15,30,57,986,0
1537443074220,30,Add_ContactAction,200,OK,AddContact 1-8,text,true,,2477,1626,15,30,30,0,1
1537443071526,30,Add_ContactAction,200,"Number of samples in transaction : 2, number of failing samples : 0",AddContact 1-8,,true,,2477,1626,15,30,30,2941,1
1537443074896,46,Add_ContactForm,200,OK,AddContact 1-12,text,true,,3239,474,15,30,46,0,0
1537443073918,46,Add_ContactForm,200,"Number of samples in transaction : 2, number of failing samples : 0",AddContact 1-12,,true,,3239,474,15,30,46,979,0
1537443074897,55,Del_MainPage,200,OK,DeleteContact 2-7,text,true,,13349,446,15,30,54,0,0
1537443073913,55,Del_MainPage,200,"Number of samples in transaction : 2, number of failing samples : 0",DeleteContact 2-7,,true,,13349,446,15,30,54,986,0
1537443074898,57,Add_ContactAction,200,OK,AddContact 1-9,text,true,,2477,1403,15,30,57,0,0
1537443071966,57,Add_ContactAction,200,"Number of samples in transaction : 2, number of failing samples : 0",AddContact 1-9,,true,,2477,1403,15,30,57,2933,0
1537443075003,14,Del_ContactFrom,200,OK,DeleteContact 2-5,text,true,,3289,481,15,30,14,0,1
1537443072069,14,Del_ContactFrom,200,"Number of samples in transaction : 2, number of failing samples : 0",DeleteContact 2-5,,true,,3289,481,15,30,14,2934,1
1537443075216,25,Add_ContactForm,200,OK,AddContact 1-13,text,true,,3239,474,15,30,25,0,0
1537443074247,25,Add_ContactForm,200,"Number of samples in transaction : 2, number of failing samples : 0",AddContact 1-13,,true,,3239,474,15,30,25,969,0
1537443075403,29,Add_MainPage,200,OK,AddContact 1-14,text,true,,13509,446,15,30,28,0,1
1537443074419,29,Add_MainPage,200,"Number of samples in transaction : 2, number of failing samples : 0",AddContact 1-14,,true,,13509,446,15,30,28,985,1
1537443075649,42,Del_MainPage,200,OK,DeleteContact 2-8,text,true,,13509,446,15,30,41,0,1
1537443074665,42,Del_MainPage,200,"Number of samples in transaction : 2, number of failing samples : 0",DeleteContact 2-8,,true,,13509,446,15,30,41,986,1
1537443075619,75,Del_Contact,200,OK,DeleteContact 2-1,text,true,,2483,510,15,30,75,0,1
1537443072692,75,Del_Contact,200,"Number of samples in transaction : 2, number of failing samples : 0",DeleteContact 2-1,,true,,2483,510,15,30,75,2927,1
1537443075620,87,Del_Contact,200,OK,DeleteContact 2-14,text,true,,2484,510,15,30,87,0,0
1537443072695,87,Del_Contact,200,"Number of samples in transaction : 2, number of failing samples : 0",DeleteContact 2-14,,true,,2484,510,15,30,87,2925,0
1537443075665,58,Add_ContactAction,200,OK,AddContact 1-10,text,true,,2477,1067,15,30,58,0,1
1537443072739,58,Add_ContactAction,200,"Number of samples in transaction : 2, number of failing samples : 0",AddContact 1-10,,true,,2477,1067,15,30,58,2926,1
1537443075696,34,Del_MainPage,200,OK,DeleteContact 2-9,text,true,,13189,446,15,30,33,0,0
1537443074711,34,Del_MainPage,200,"Number of samples in transaction : 2, number of failing samples : 0",DeleteContact 2-9,,true,,13189,446,15,30,33,986,0
1537443075711,30,Add_MainPage,200,OK,AddContact 1-1,text,true,,13189,446,15,30,29,0,0
1537443074726,30,Add_MainPage,200,"Number of samples in transaction : 2, number of failing samples : 0",AddContact 1-1,,true,,13189,446,15,30,29,985,0
1537443075973,20,Del_ContactFrom,200,OK,DeleteContact 2-6,text,true,,3262,481,15,30,20,0,1
1537443073046,20,Del_ContactFrom,200,"Number of samples in transaction : 2, number of failing samples : 0",DeleteContact 2-6,,true,,3262,481,15,30,20,2927,1
1537443076019,29,Del_Contact,200,OK,DeleteContact 2-2,text,true,,2484,510,15,30,28,0,0
1537443073088,29,Del_Contact,200,"Number of samples in transaction : 2, number of failing samples : 0",DeleteContact 2-2,,true,,2484,510,15,30,28,2931,0
1537443076019,32,Del_Contact,200,OK,DeleteContact 2-15,text,true,,2484,510,15,30,32,0,1
1537443073091,32,Del_Contact,200,"Number of samples in transaction : 2, number of failing samples : 0",DeleteContact 2-15,,true,,2484,510,15,30,32,2929,1
1537443076204,31,Del_Contact,200,OK,DeleteContact 2-3,text,true,,2484,510,15,30,31,0,1
1537443073255,31,Del_Contact,200,"Number of samples in transaction : 2, number of failing samples : 0",DeleteContact 2-3,,true,,2484,510,15,30,31,2949,1
1537443076404,39,Add_ContactForm,200,OK,AddContact 1-14,text,true,,3239,474,15,30,39,0,0
1537443075433,39,Add_ContactForm,200,"Number of samples in transaction : 2, number of failing samples : 0",AddContact 1-14,,true,,3239,474,15,30,39,971,0
1537443076388,63,Add_ContactAction,200,OK,AddContact 1-11,text,true,,2477,1680,15,30,63,0,1
1537443073449,63,Add_ContactAction,200,"Number of samples in transaction : 2, number of failing samples : 0",AddContact 1-11,,true,,2477,1680,15,30,63,2939,1
1537443076424,30,Del_MainPage,200,OK,DeleteContact 2-10,text,true,,12747,446,15,30,29,0,1
1537443075434,30,Del_MainPage,200,"Number of samples in transaction : 2, number of failing samples : 0",DeleteContact 2-10,,true,,12747,446,15,30,29,991,1
1537443076425,28,Add_ContactForm,200,OK,AddContact 1-1,text,true,,3239,474,15,30,28,0,0
1537443075741,28,Add_ContactForm,200,"Number of samples in transaction : 2, number of failing samples : 0",AddContact 1-1,,true,,3239,474,15,30,28,971,0
1537443076579,38,Add_MainPage,200,OK,AddContact 1-15,text,true,,12991,446,15,30,37,0,0
1537443075880,38,Add_MainPage,200,"Number of samples in transaction : 2, number of failing samples : 0",AddContact 1-15,,true,,12991,446,15,30,37,986,0
1537443076902,63,Del_Contact,200,OK,DeleteContact 2-4,text,true,,2484,510,15,30,63,0,1
1537443074242,63,Del_Contact,200,"Number of samples in transaction : 2, number of failing samples : 0",DeleteContact 2-4,,true,,2484,510,15,30,63,2947,1
1537443076917,51,Add_MainPage,200,OK,AddContact 1-2,text,true,,12991,446,15,30,49,0,1
1537443076219,51,Add_MainPage,200,"Number of samples in transaction : 2, number of failing samples : 0",AddContact 1-2,,true,,12991,446,15,30,49,985,1
1537443077667,17,Add_ContactForm,200,OK,AddContact 1-15,text,true,,3239,474,15,30,17,0,0
1537443076617,17,Add_ContactForm,200,"Number of samples in transaction : 2, number of failing samples : 0",AddContact 1-15,,true,,3239,474,15,30,17,1050,0
1537443077655,92,Add_MainPage,200,OK,AddContact 1-3,text,true,,12831,446,15,30,91,0,24
1537443076593,92,Add_MainPage,200,"Number of samples in transaction : 2, number of failing samples : 0",AddContact 1-3,,true,,12831,446,15,30,91,1081,24
1537443077667,101,Del_ContactFrom,200,OK,DeleteContact 2-7,text,true,,3286,481,15,30,101,0,13
1537443074954,101,Del_ContactFrom,200,"Number of samples in transaction : 2, number of failing samples : 0",DeleteContact 2-7,,true,,3286,481,15,30,101,3001,13
1537443077656,116,Del_MainPage,200,OK,DeleteContact 2-11,text,true,,12831,446,15,30,115,0,24
1537443076640,116,Del_MainPage,200,"Number of samples in transaction : 2, number of failing samples : 0",DeleteContact 2-11,,true,,12831,446,15,30,115,1019,24
1537443077666,111,Add_ContactAction,200,OK,AddContact 1-12,text,true,,2477,1698,15,30,111,0,14
1537443074943,111,Add_ContactAction,200,"Number of samples in transaction : 2, number of failing samples : 0",AddContact 1-12,,true,,2477,1698,15,30,111,3010,14
1537443077671,110,Del_Contact,200,OK,DeleteContact 2-5,text,true,,2484,510,15,30,110,0,8
1537443075017,110,Del_Contact,200,"Number of samples in transaction : 2, number of failing samples : 0",DeleteContact 2-5,,true,,2484,510,15,30,110,2941,8
1537443077902,62,Add_MainPage,200,OK,AddContact 1-4,text,true,,13008,446,15,30,62,0,1
1537443076921,62,Add_MainPage,200,"Number of samples in transaction : 2, number of failing samples : 0",AddContact 1-4,,true,,13008,446,15,30,62,981,1
1537443077921,46,Add_ContactAction,200,OK,AddContact 1-13,text,true,,2477,1493,15,30,46,0,1
1537443075241,46,Add_ContactAction,200,"Number of samples in transaction : 2, number of failing samples : 0",AddContact 1-13,,true,,2477,1493,15,30,46,2967,1
1537443077948,23,Add_ContactForm,200,OK,AddContact 1-2,text,true,,3239,474,15,30,23,0,0
1537443076968,23,Add_ContactForm,200,"Number of samples in transaction : 2, number of failing samples : 0",AddContact 1-2,,true,,3239,474,15,30,23,980,0
1537443078302,31,Del_MainPage,200,OK,DeleteContact 2-12,text,true,,13128,446,15,30,30,0,0
1537443077317,31,Del_MainPage,200,"Number of samples in transaction : 2, number of failing samples : 0",DeleteContact 2-12,,true,,13128,446,15,30,30,987,0
1537443078348,13,Del_ContactFrom,200,OK,DeleteContact 2-8,text,true,,3349,481,15,30,13,0,0
1537443075693,13,Del_ContactFrom,200,"Number of samples in transaction : 2, number of failing samples : 0",DeleteContact 2-8,,true,,3349,481,15,30,13,2942,0
1537443078394,27,Del_ContactFrom,200,OK,DeleteContact 2-9,text,true,,3387,481,15,30,27,0,1
1537443075732,27,Del_ContactFrom,200,"Number of samples in transaction : 2, number of failing samples : 0",DeleteContact 2-9,,true,,3387,481,15,30,27,2949,1
1537443078656,32,Del_Contact,200,OK,DeleteContact 2-6,text,true,,2484,510,15,30,32,0,1
1537443075993,32,Del_Contact,200,"Number of samples in transaction : 2, number of failing samples : 0",DeleteContact 2-6,,true,,2484,510,15,30,32,2951,1
1537443078748,25,Add_ContactForm,200,OK,AddContact 1-3,text,true,,3239,474,15,30,25,0,0
1537443077766,25,Add_ContactForm,200,"Number of samples in transaction : 2, number of failing samples : 0",AddContact 1-3,,true,,3239,474,15,30,25,982,0
1537443078918,43,Del_MainPage,200,OK,DeleteContact 2-13,text,true,,13101,446,15,30,43,0,1
1537443077933,43,Del_MainPage,200,"Number of samples in transaction : 2, number of failing samples : 0",DeleteContact 2-13,,true,,13101,446,15,30,43,987,1
1537443078950,18,Add_ContactForm,200,OK,AddContact 1-4,text,true,,3239,474,15,30,18,0,0
1537443077965,18,Add_ContactForm,200,"Number of samples in transaction : 2, number of failing samples : 0",AddContact 1-4,,true,,3239,474,15,30,18,985,0
1537443079122,31,Del_ContactFrom,200,OK,DeleteContact 2-10,text,true,,3246,481,15,30,31,0,2
1537443076455,31,Del_ContactFrom,200,"Number of samples in transaction : 2, number of failing samples : 0",DeleteContact 2-10,,true,,3246,481,15,30,31,2954,2
1537443079103,56,Add_ContactAction,200,OK,AddContact 1-14,text,true,,2477,1367,15,30,55,0,1
1537443076443,56,Add_ContactAction,200,"Number of samples in transaction : 2, number of failing samples : 0",AddContact 1-14,,true,,2477,1367,15,30,55,2947,1
1537443079333,34,Add_MainPage,200,OK,AddContact 1-5,text,true,,13262,446,15,30,33,0,1
1537443078348,34,Add_MainPage,200,"Number of samples in transaction : 2, number of failing samples : 0",AddContact 1-5,,true,,13262,446,15,30,33,985,1
1537443079395,54,Add_ContactAction,200,OK,AddContact 1-1,text,true,,2477,1181,15,30,53,0,15
1537443076453,54,Add_ContactAction,200,"Number of samples in transaction : 2, number of failing samples : 0",AddContact 1-1,,true,,2477,1181,15,30,53,2942,15
1537443080348,23,Add_ContactForm,200,OK,AddContact 1-5,text,true,,3239,474,15,30,23,0,0
1537443079367,23,Add_ContactForm,200,"Number of samples in transaction : 2, number of failing samples : 0",AddContact 1-5,,true,,3239,474,15,30,23,986,0
1537443080626,51,Add_ContactAction,200,OK,AddContact 1-15,text,true,,2477,1277,15,30,50,0,1
1537443077684,51,Add_ContactAction,200,"Number of samples in transaction : 2, number of failing samples : 0",AddContact 1-15,,true,,2477,1277,15,30,50,2942,1
1537443080723,38,Del_ContactFrom,200,OK,DeleteContact 2-11,text,true,,3246,481,15,30,38,0,1
1537443077775,38,Del_ContactFrom,200,"Number of samples in transaction : 2, number of failing samples : 0",DeleteContact 2-11,,true,,3246,481,15,30,38,2949,1
1537443080724,43,Del_Contact,200,OK,DeleteContact 2-7,text,true,,2484,510,15,30,43,0,1
1537443077769,43,Del_Contact,200,"Number of samples in transaction : 2, number of failing samples : 0",DeleteContact 2-7,,true,,2484,510,15,30,43,2955,1
1537443080903,57,Add_MainPage,200,OK,AddContact 1-6,text,true,,13410,446,15,30,56,0,1
1537443079919,57,Add_MainPage,200,"Number of samples in transaction : 2, number of failing samples : 0",AddContact 1-6,,true,,13410,446,15,30,56,984,1
1537443080918,44,Add_ContactAction,200,OK,AddContact 1-2,text,true,,2477,1061,15,30,44,0,1
1537443077971,44,Add_ContactAction,200,"Number of samples in transaction : 2, number of failing samples : 0",AddContact 1-2,,true,,2477,1061,15,30,44,2947,1
1537443081195,33,Add_MainPage,200,OK,AddContact 1-7,text,true,,13450,446,15,30,32,0,1
1537443080210,33,Add_MainPage,200,"Number of samples in transaction : 2, number of failing samples : 0",AddContact 1-7,,true,,13450,446,15,30,32,985,1
1537443081287,59,Del_ContactFrom,200,OK,DeleteContact 2-12,text,true,,3356,481,15,30,59,0,1
1537443078335,59,Del_ContactFrom,200,"Number of samples in transaction : 2, number of failing samples : 0",DeleteContact 2-12,,true,,3356,481,15,30,59,2953,1
1537443080573,55,Del_MainPage,200,OK,DeleteContact 2-1,text,true,,13450,446,15,30,51,0,0
1537443080318,55,Del_MainPage,200,"Number of samples in transaction : 2, number of failing samples : 0",DeleteContact 2-1,,true,,13450,446,15,30,51,991,0
1537443080568,64,Del_Contact,200,OK,DeleteContact 2-8,text,true,,2484,510,15,30,64,0,1
1537443078361,64,Del_Contact,200,"Number of samples in transaction : 2, number of failing samples : 0",DeleteContact 2-8,,true,,2484,510,15,30,64,2941,1
1537443080585,50,Del_MainPage,200,OK,DeleteContact 2-14,text,true,,13450,446,15,30,49,0,0
1537443080333,50,Del_MainPage,200,"Number of samples in transaction : 2, number of failing samples : 0",DeleteContact 2-14,,true,,13450,446,15,30,49,988,0
1537443080630,21,Del_Contact,200,OK,DeleteContact 2-9,text,true,,2484,510,15,30,21,0,1
1537443078421,21,Del_Contact,200,"Number of samples in transaction : 2, number of failing samples : 0",DeleteContact 2-9,,true,,2484,510,15,30,21,2944,1
1537443080922,54,Del_MainPage,200,OK,DeleteContact 2-2,text,true,,13108,446,15,30,53,0,1
1537443080671,54,Del_MainPage,200,"Number of samples in transaction : 2, number of failing samples : 0",DeleteContact 2-2,,true,,13108,446,15,30,53,986,1
1537443080938,42,Del_MainPage,200,OK,DeleteContact 2-15,text,true,,13108,446,15,30,42,0,1
1537443080687,42,Del_MainPage,200,"Number of samples in transaction : 2, number of failing samples : 0",DeleteContact 2-15,,true,,13108,446,15,30,42,987,1
1537443080984,16,Add_ContactAction,200,OK,AddContact 1-3,text,true,,2477,1511,15,30,16,0,1
1537443078773,16,Add_ContactAction,200,"Number of samples in transaction : 2, number of failing samples : 0",AddContact 1-3,,true,,2477,1511,15,30,16,2945,1
1537443081092,30,Add_MainPage,200,OK,AddContact 1-8,text,true,,13324,446,15,30,29,0,1
1537443080844,30,Add_MainPage,200,"Number of samples in transaction : 2, number of failing samples : 0",AddContact 1-8,,true,,13324,446,15,30,29,983,1
1537443081123,21,Del_MainPage,200,OK,DeleteContact 2-3,text,true,,13324,446,15,30,20,0,0
1537443080872,21,Del_MainPage,200,"Number of samples in transaction : 2, number of failing samples : 0",DeleteContact 2-3,,true,,13324,446,15,30,20,987,0
1537443081199,20,Add_ContactForm,200,OK,AddContact 1-6,text,true,,3239,474,15,30,20,0,0
1537443080960,20,Add_ContactForm,200,"Number of samples in transaction : 2, number of failing samples : 0",AddContact 1-6,,true,,3239,474,15,30,20,973,0
1537443081184,37,Del_ContactFrom,200,OK,DeleteContact 2-13,text,true,,3246,481,15,30,37,0,1
1537443078963,37,Del_ContactFrom,200,"Number of samples in transaction : 2, number of failing samples : 0",DeleteContact 2-13,,true,,3246,481,15,30,37,2955,1
1537443081185,40,Add_ContactAction,200,OK,AddContact 1-4,text,true,,2477,1559,15,30,40,0,0
1537443078968,40,Add_ContactAction,200,"Number of samples in transaction : 2, number of failing samples : 0",AddContact 1-4,,true,,2477,1559,15,30,40,2951,0
1537443081373,34,Del_Contact,200,OK,DeleteContact 2-10,text,true,,2484,510,15,30,34,0,0
1537443079153,34,Del_Contact,200,"Number of samples in transaction : 2, number of failing samples : 0",DeleteContact 2-10,,true,,2484,510,15,30,34,2955,0
1537443081477,22,Add_ContactForm,200,OK,AddContact 1-7,text,true,,3239,474,15,30,21,0,0
1537443081228,22,Add_ContactForm,200,"Number of samples in transaction : 2, number of failing samples : 0",AddContact 1-7,,true,,3239,474,15,30,21,983,0
1537443081800,29,Add_MainPage,200,OK,AddContact 1-9,text,true,,13453,446,15,30,28,0,1
1537443080816,29,Add_MainPage,200,"Number of samples in transaction : 2, number of failing samples : 0",AddContact 1-9,,true,,13453,446,15,30,28,984,1
1537443082093,24,Add_ContactForm,200,OK,AddContact 1-8,text,true,,3239,474,15,30,24,0,0
1537443081123,24,Add_ContactForm,200,"Number of samples in transaction : 2, number of failing samples : 0",AddContact 1-8,,true,,3239,474,15,30,24,970,0
1537443082139,41,Del_MainPage,200,OK,DeleteContact 2-4,text,true,,13453,446,15,30,40,0,0
1537443081153,41,Del_MainPage,200,"Number of samples in transaction : 2, number of failing samples : 0",DeleteContact 2-4,,true,,13453,446,15,30,40,989,0
1537443082554,35,Add_MainPage,200,OK,AddContact 1-10,text,true,,13453,446,15,30,34,0,0
1537443081569,35,Add_MainPage,200,"Number of samples in transaction : 2, number of failing samples : 0",AddContact 1-10,,true,,13453,446,15,30,34,985,0
1537443082615,27,Add_ContactAction,200,OK,AddContact 1-5,text,true,,2477,1523,15,30,27,0,1
1537443080410,27,Add_ContactAction,200,"Number of samples in transaction : 2, number of failing samples : 0",AddContact 1-5,,true,,2477,1523,15,30,27,2939,1
1537443082801,24,Add_ContactForm,200,OK,AddContact 1-9,text,true,,3239,474,15,30,24,0,0
1537443081829,24,Add_ContactForm,200,"Number of samples in transaction : 2, number of failing samples : 0",AddContact 1-9,,true,,3239,474,15,30,24,972,0
1537443082954,25,Del_Contact,200,OK,DeleteContact 2-11,text,true,,2490,510,15,30,25,0,1
1537443080762,25,Del_Contact,200,"Number of samples in transaction : 2, number of failing samples : 0",DeleteContact 2-11,,true,,2490,510,15,30,25,2927,1
1537443082939,48,Del_MainPage,200,OK,DeleteContact 2-5,text,true,,13595,446,15,30,47,0,1
1537443081954,48,Del_MainPage,200,"Number of samples in transaction : 2, number of failing samples : 0",DeleteContact 2-5,,true,,13595,446,15,30,47,987,1
1537443083277,29,Add_MainPage,200,OK,AddContact 1-11,text,true,,13595,446,15,30,28,0,1
1537443082308,29,Add_MainPage,200,"Number of samples in transaction : 2, number of failing samples : 0",AddContact 1-11,,true,,13595,446,15,30,28,970,1
1537443083560,27,Add_ContactForm,200,OK,AddContact 1-10,text,true,,3239,474,15,30,27,0,0
1537443082589,27,Add_ContactForm,200,"Number of samples in transaction : 2, number of failing samples : 0",AddContact 1-10,,true,,3239,474,15,30,27,972,0
1537443083542,48,Del_ContactFrom,200,OK,DeleteContact 2-1,text,true,,3338,481,15,30,48,0,0
1537443080630,48,Del_ContactFrom,200,"Number of samples in transaction : 2, number of failing samples : 0",DeleteContact 2-1,,true,,3338,481,15,30,48,2913,0
1537443083560,33,Del_ContactFrom,200,OK,DeleteContact 2-14,text,true,,3247,481,15,30,33,0,1
1537443080637,33,Del_ContactFrom,200,"Number of samples in transaction : 2, number of failing samples : 0",DeleteContact 2-14,,true,,3247,481,15,30,33,2923,1
1537443083524,75,Del_Contact,200,OK,DeleteContact 2-12,text,true,,2484,510,15,30,75,0,0
1537443080613,75,Del_Contact,200,"Number of samples in transaction : 2, number of failing samples : 0",DeleteContact 2-12,,true,,2484,510,15,30,75,2958,0
1537443083832,36,Del_MainPage,200,OK,DeleteContact 2-6,text,true,,13472,446,15,30,35,0,1
1537443082861,36,Del_MainPage,200,"Number of samples in transaction : 2, number of failing samples : 0",DeleteContact 2-6,,true,,13472,446,15,30,35,973,1
1537443083893,27,Del_ContactFrom,200,OK,DeleteContact 2-2,text,true,,3375,481,15,30,27,0,0
1537443080977,27,Del_ContactFrom,200,"Number of samples in transaction : 2, number of failing samples : 0",DeleteContact 2-2,,true,,3375,481,15,30,27,2917,0
1537443083893,30,Del_ContactFrom,200,OK,DeleteContact 2-15,text,true,,3321,481,15,30,30,0,1
1537443080982,30,Del_ContactFrom,200,"Number of samples in transaction : 2, number of failing samples : 0",DeleteContact 2-15,,true,,3321,481,15,30,30,2911,1
1537443084063,25,Del_ContactFrom,200,OK,DeleteContact 2-3,text,true,,3317,481,15,30,25,0,1
1537443081146,25,Del_ContactFrom,200,"Number of samples in transaction : 2, number of failing samples : 0",DeleteContact 2-3,,true,,3317,481,15,30,25,2917,1
1537443084141,44,Del_Contact,200,OK,DeleteContact 2-13,text,true,,2490,510,15,30,44,0,0
1537443081221,44,Del_Contact,200,"Number of samples in transaction : 2, number of failing samples : 0",DeleteContact 2-13,,true,,2490,510,15,30,44,2921,0
1537443084140,49,Add_ContactAction,200,OK,AddContact 1-6,text,true,,2477,1638,15,30,49,0,2
1537443081219,49,Add_ContactAction,200,"Number of samples in transaction : 2, number of failing samples : 0",AddContact 1-6,,true,,2477,1638,15,30,49,2921,2
1537443084277,24,Add_ContactForm,200,OK,AddContact 1-11,text,true,,3239,474,15,30,24,0,0
1537443083307,24,Add_ContactForm,200,"Number of samples in transaction : 2, number of failing samples : 0",AddContact 1-11,,true,,3239,474,15,30,24,970,0
1537443084420,28,Add_ContactAction,200,OK,AddContact 1-7,text,true,,2477,1692,15,30,28,0,1
1537443081499,28,Add_ContactAction,200,"Number of samples in transaction : 2, number of failing samples : 0",AddContact 1-7,,true,,2477,1692,15,30,28,2921,1
1537443084879,34,Add_MainPage,200,OK,AddContact 1-12,text,true,,13868,446,15,30,32,0,1
1537443083894,34,Add_MainPage,200,"Number of samples in transaction : 2, number of failing samples : 0",AddContact 1-12,,true,,13868,446,15,30,32,985,1
1537443085032,28,Add_ContactAction,200,OK,AddContact 1-8,text,true,,2477,1608,15,30,28,0,0
1537443082117,28,Add_ContactAction,200,"Number of samples in transaction : 2, number of failing samples : 0",AddContact 1-8,,true,,2477,1608,15,30,28,2915,0
1537443085096,23,Del_ContactFrom,200,OK,DeleteContact 2-4,text,true,,3410,481,15,30,23,0,1
1537443082183,23,Del_ContactFrom,200,"Number of samples in transaction : 2, number of failing samples : 0",DeleteContact 2-4,,true,,3410,481,15,30,23,2913,1
1537443085078,44,Add_MainPage,200,OK,AddContact 1-13,text,true,,14083,446,15,30,43,0,0
1537443084093,44,Add_MainPage,200,"Number of samples in transaction : 2, number of failing samples : 0",AddContact 1-13,,true,,14083,446,15,30,43,986,0
1537443085019,28,Add_ContactAction,200,OK,AddContact 1-9,text,true,,2477,1535,15,30,28,0,1
1537443082825,28,Add_ContactAction,200,"Number of samples in transaction : 2, number of failing samples : 0",AddContact 1-9,,true,,2477,1535,15,30,28,2915,1
1537443085172,52,Add_ContactForm,200,OK,AddContact 1-12,text,true,,3239,474,15,30,52,0,0
1537443084913,52,Add_ContactForm,200,"Number of samples in transaction : 2, number of failing samples : 0",AddContact 1-12,,true,,3239,474,15,30,52,980,0
1537443085188,44,Del_ContactFrom,200,OK,DeleteContact 2-5,text,true,,3321,481,15,30,44,0,0
1537443082989,44,Del_ContactFrom,200,"Number of samples in transaction : 2, number of failing samples : 0",DeleteContact 2-5,,true,,3321,481,15,30,44,2920,0
1537443085173,63,Del_MainPage,200,OK,DeleteContact 2-7,text,true,,14303,446,15,30,62,0,0
1537443084908,63,Del_MainPage,200,"Number of samples in transaction : 2, number of failing samples : 0",DeleteContact 2-7,,true,,14303,446,15,30,62,987,0
1537443085372,24,Add_ContactForm,200,OK,AddContact 1-13,text,true,,3239,474,15,30,23,0,0
1537443085123,24,Add_ContactForm,200,"Number of samples in transaction : 2, number of failing samples : 0",AddContact 1-13,,true,,3239,474,15,30,23,970,0
1537443085527,35,Add_MainPage,200,OK,AddContact 1-14,text,true,,14303,446,15,30,34,0,0
1537443085263,35,Add_MainPage,200,"Number of samples in transaction : 2, number of failing samples : 0",AddContact 1-14,,true,,14303,446,15,30,34,985,0
1537443085773,93,Del_MainPage,200,OK,DeleteContact 2-8,text,true,,14303,446,15,30,92,0,0
1537443084788,93,Del_MainPage,200,"Number of samples in transaction : 2, number of failing samples : 0",DeleteContact 2-8,,true,,14303,446,15,30,92,987,0
1537443085787,84,Del_MainPage,200,OK,DeleteContact 2-9,text,true,,14303,446,15,30,83,0,1
1537443084803,84,Del_MainPage,200,"Number of samples in transaction : 2, number of failing samples : 0",DeleteContact 2-9,,true,,14303,446,15,30,83,987,1
1537443085819,59,Add_MainPage,200,OK,AddContact 1-1,text,true,,14303,446,15,30,58,0,0
1537443084834,59,Add_MainPage,200,"Number of samples in transaction : 2, number of failing samples : 0",AddContact 1-1,,true,,14303,446,15,30,58,985,0
1537443085794,104,Add_ContactAction,200,OK,AddContact 1-10,text,true,,2477,1319,15,30,104,0,0
1537443083588,104,Add_ContactAction,200,"Number of samples in transaction : 2, number of failing samples : 0",AddContact 1-10,,true,,2477,1319,15,30,104,2927,0
1537443085793,107,Del_Contact,200,OK,DeleteContact 2-1,text,true,,2484,510,15,30,107,0,0
1537443083591,107,Del_Contact,200,"Number of samples in transaction : 2, number of failing samples : 0",DeleteContact 2-1,,true,,2484,510,15,30,107,2923,0
1537443085792,110,Del_Contact,200,OK,DeleteContact 2-14,text,true,,2484,510,15,30,110,0,0
1537443083593,110,Del_Contact,200,"Number of samples in transaction : 2, number of failing samples : 0",DeleteContact 2-14,,true,,2484,510,15,30,110,2920,0
1537443086065,31,Del_ContactFrom,200,OK,DeleteContact 2-6,text,true,,3367,481,15,30,31,0,1
1537443083870,31,Del_ContactFrom,200,"Number of samples in transaction : 2, number of failing samples : 0",DeleteContact 2-6,,true,,3367,481,15,30,31,2916,1
1537443086111,40,Del_Contact,200,OK,DeleteContact 2-2,text,true,,2484,510,15,30,39,0,1
1537443083921,40,Del_Contact,200,"Number of samples in transaction : 2, number of failing samples : 0",DeleteContact 2-2,,true,,2484,510,15,30,39,2911,1
1537443086112,42,Del_Contact,200,OK,DeleteContact 2-15,text,true,,2484,510,15,30,42,0,0
1537443083923,42,Del_Contact,200,"Number of samples in transaction : 2, number of failing samples : 0",DeleteContact 2-15,,true,,2484,510,15,30,42,2910,0
1537443086281,25,Del_Contact,200,OK,DeleteContact 2-3,text,true,,2484,510,15,30,25,0,0
1537443084088,25,Del_Contact,200,"Number of samples in transaction : 2, number of failing samples : 0",DeleteContact 2-3,,true,,2484,510,15,30,25,2914,0
1537443086535,25,Add_ContactForm,200,OK,AddContact 1-14,text,true,,3239,474,15,30,25,0,0
1537443085562,25,Add_ContactForm,200,"Number of samples in transaction : 2, number of failing samples : 0",AddContact 1-14,,true,,3239,474,15,30,25,973,0
1537443086536,34,Del_MainPage,200,OK,DeleteContact 2-10,text,true,,13795,446,15,30,34,0,0
1537443085558,34,Del_MainPage,200,"Number of samples in transaction : 2, number of failing samples : 0",DeleteContact 2-10,,true,,13795,446,15,30,34,980,0
1537443086512,66,Add_ContactAction,200,OK,AddContact 1-11,text,true,,2477,1349,15,30,66,0,0
1537443084301,66,Add_ContactAction,200,"Number of samples in transaction : 2, number of failing samples : 0",AddContact 1-11,,true,,2477,1349,15,30,66,2932,0
1537443086850,24,Add_ContactForm,200,OK,AddContact 1-1,text,true,,3239,474,15,30,24,0,0
1537443085878,24,Add_ContactForm,200,"Number of samples in transaction : 2, number of failing samples : 0",AddContact 1-1,,true,,3239,474,15,30,24,972,0
1537443087035,41,Add_MainPage,200,OK,AddContact 1-15,text,true,,13959,446,15,30,40,0,1
1537443086050,41,Add_MainPage,200,"Number of samples in transaction : 2, number of failing samples : 0",AddContact 1-15,,true,,13959,446,15,30,40,985,1
1537443087311,42,Add_MainPage,200,OK,AddContact 1-2,text,true,,13959,446,15,30,41,0,1
1537443086326,42,Add_MainPage,200,"Number of samples in transaction : 2, number of failing samples : 0",AddContact 1-2,,true,,13959,446,15,30,41,985,1
1537443087331,26,Del_Contact,200,OK,DeleteContact 2-4,text,true,,2484,510,15,30,26,0,1
1537443085119,26,Del_Contact,200,"Number of samples in transaction : 2, number of failing samples : 0",DeleteContact 2-4,,true,,2484,510,15,30,26,2933,1
1537443088050,29,Add_ContactForm,200,OK,AddContact 1-15,text,true,,3239,474,15,30,29,0,0
1537443087076,29,Add_ContactForm,200,"Number of samples in transaction : 2, number of failing samples : 0",AddContact 1-15,,true,,3239,474,15,30,29,974,0
1537443088096,29,Add_MainPage,200,OK,AddContact 1-3,text,true,,13736,446,15,30,28,0,1
1537443087112,29,Add_MainPage,200,"Number of samples in transaction : 2, number of failing samples : 0",AddContact 1-3,,true,,13736,446,15,30,28,984,1
1537443088112,24,Del_MainPage,200,OK,DeleteContact 2-11,text,true,,13736,446,15,30,23,0,0
1537443087126,24,Del_MainPage,200,"Number of samples in transaction : 2, number of failing samples : 0",DeleteContact 2-11,,true,,13736,446,15,30,23,988,0
1537443088174,34,Del_Contact,200,OK,DeleteContact 2-5,text,true,,2490,510,15,30,34,0,0
1537443085232,34,Del_Contact,200,"Number of samples in transaction : 2, number of failing samples : 0",DeleteContact 2-5,,true,,2490,510,15,30,34,2942,0
1537443088192,20,Del_ContactFrom,200,OK,DeleteContact 2-7,text,true,,3377,481,15,30,20,0,0
1537443085237,20,Del_ContactFrom,200,"Number of samples in transaction : 2, number of failing samples : 0",DeleteContact 2-7,,true,,3377,481,15,30,20,2955,0
1537443088173,41,Add_ContactAction,200,OK,AddContact 1-12,text,true,,2477,1175,15,30,41,0,1
1537443085224,41,Add_ContactAction,200,"Number of samples in transaction : 2, number of failing samples : 0",AddContact 1-12,,true,,2477,1175,15,30,41,2949,1
1537443088327,33,Add_ContactForm,200,OK,AddContact 1-2,text,true,,3239,474,15,30,33,0,0
1537443087353,33,Add_ContactForm,200,"Number of samples in transaction : 2, number of failing samples : 0",AddContact 1-2,,true,,3239,474,15,30,33,974,0
1537443088312,57,Add_MainPage,200,OK,AddContact 1-4,text,true,,13867,446,15,30,57,0,0
1537443087331,57,Add_MainPage,200,"Number of samples in transaction : 2, number of failing samples : 0",AddContact 1-4,,true,,13867,446,15,30,57,981,0
1537443088343,28,Add_ContactAction,200,OK,AddContact 1-13,text,true,,2477,1463,15,30,28,0,1
1537443085396,28,Add_ContactAction,200,"Number of samples in transaction : 2, number of failing samples : 0",AddContact 1-13,,true,,2477,1463,15,30,28,2947,1
1537443088819,44,Del_ContactFrom,200,OK,DeleteContact 2-8,text,true,,3421,481,15,30,44,0,1
1537443085868,44,Del_ContactFrom,200,"Number of samples in transaction : 2, number of failing samples : 0",DeleteContact 2-8,,true,,3421,481,15,30,44,2951,1
1537443088820,45,Del_ContactFrom,200,OK,DeleteContact 2-9,text,true,,3291,481,15,30,45,0,1
1537443085874,45,Del_ContactFrom,200,"Number of samples in transaction : 2, number of failing samples : 0",DeleteContact 2-9,,true,,3291,481,15,30,45,2946,1
1537443088804,64,Del_MainPage,200,OK,DeleteContact 2-12,text,true,,14056,446,15,30,63,0,1
1537443087819,64,Del_MainPage,200,"Number of samples in transaction : 2, number of failing samples : 0",DeleteContact 2-12,,true,,14056,446,15,30,63,987,1
1537443089050,32,Del_Contact,200,OK,DeleteContact 2-6,text,true,,2484,510,15,30,32,0,1
1537443086096,32,Del_Contact,200,"Number of samples in transaction : 2, number of failing samples : 0",DeleteContact 2-6,,true,,2484,510,15,30,32,2955,1
1537443089096,13,Add_ContactForm,200,OK,AddContact 1-3,text,true,,3239,474,15,30,13,0,0
1537443088125,13,Add_ContactForm,200,"Number of samples in transaction : 2, number of failing samples : 0",AddContact 1-3,,true,,3239,474,15,30,13,971,0
1537443089345,45,Add_ContactForm,200,OK,AddContact 1-4,text,true,,3239,474,15,30,44,0,0
1537443088370,45,Add_ContactForm,200,"Number of samples in transaction : 2, number of failing samples : 0",AddContact 1-4,,true,,3239,474,15,30,44,975,0
1537443089344,59,Del_MainPage,200,OK,DeleteContact 2-13,text,true,,13881,446,15,30,58,0,1
1537443088357,59,Del_MainPage,200,"Number of samples in transaction : 2, number of failing samples : 0",DeleteContact 2-13,,true,,13881,446,15,30,58,993,1
1537443089514,43,Del_ContactFrom,200,OK,DeleteContact 2-10,text,true,,3377,481,15,30,43,0,1
1537443086572,43,Del_ContactFrom,200,"Number of samples in transaction : 2, number of failing samples : 0",DeleteContact 2-10,,true,,3377,481,15,30,43,2943,1
1537443089513,47,Add_ContactAction,200,OK,AddContact 1-14,text,true,,2477,1523,15,30,47,0,1
1537443086560,47,Add_ContactAction,200,"Number of samples in transaction : 2, number of failing samples : 0",AddContact 1-14,,true,,2477,1523,15,30,47,2953,1
1537443089386,36,Add_MainPage,200,OK,AddContact 1-5,text,true,,14067,446,15,30,34,0,1
1537443088758,36,Add_MainPage,200,"Number of samples in transaction : 2, number of failing samples : 0",AddContact 1-5,,true,,14067,446,15,30,34,985,1
1537443089463,27,Add_ContactAction,200,OK,AddContact 1-1,text,true,,2477,1415,15,30,27,0,1
1537443086874,27,Add_ContactAction,200,"Number of samples in transaction : 2, number of failing samples : 0",AddContact 1-1,,true,,2477,1415,15,30,27,2947,1
1537443090402,24,Add_ContactForm,200,OK,AddContact 1-5,text,true,,3239,474,15,30,24,0,0
1537443089422,24,Add_ContactForm,200,"Number of samples in transaction : 2, number of failing samples : 0",AddContact 1-5,,true,,3239,474,15,30,24,980,0
1537443090648,30,Add_ContactAction,200,OK,AddContact 1-15,text,true,,2477,1367,15,30,30,0,1
1537443088079,30,Add_ContactAction,200,"Number of samples in transaction : 2, number of failing samples : 0",AddContact 1-15,,true,,2477,1367,15,30,30,2926,1
1537443090709,23,Del_ContactFrom,200,OK,DeleteContact 2-11,text,true,,3377,481,15,30,23,0,1
1537443088138,23,Del_ContactFrom,200,"Number of samples in transaction : 2, number of failing samples : 0",DeleteContact 2-11,,true,,3377,481,15,30,23,2928,1
1537443090786,27,Del_Contact,200,OK,DeleteContact 2-7,text,true,,2484,510,15,30,27,0,1
1537443088212,27,Del_Contact,200,"Number of samples in transaction : 2, number of failing samples : 0",DeleteContact 2-7,,true,,2484,510,15,30,27,2931,1
1537443090940,45,Add_ContactAction,200,OK,AddContact 1-2,text,true,,2477,1493,15,30,45,0,1
1537443088361,45,Add_ContactAction,200,"Number of samples in transaction : 2, number of failing samples : 0",AddContact 1-2,,true,,2477,1493,15,30,45,2937,1
1537443090955,34,Add_MainPage,200,OK,AddContact 1-6,text,true,,14200,446,15,30,33,0,1
1537443089971,34,Add_MainPage,200,"Number of samples in transaction : 2, number of failing samples : 0",AddContact 1-6,,true,,14200,446,15,30,33,984,1
1537443091217,37,Add_MainPage,200,OK,AddContact 1-7,text,true,,14388,446,15,30,35,0,1
1537443090232,37,Add_MainPage,200,"Number of samples in transaction : 2, number of failing samples : 0",AddContact 1-7,,true,,14388,446,15,30,35,985,1
1537443091469,49,Del_ContactFrom,200,OK,DeleteContact 2-12,text,true,,3332,481,15,30,49,0,0
1537443088870,49,Del_ContactFrom,200,"Number of samples in transaction : 2, number of failing samples : 0",DeleteContact 2-12,,true,,3332,481,15,30,49,2957,0
1537443091436,87,Del_MainPage,200,OK,DeleteContact 2-1,text,true,,14388,446,15,30,87,0,0
1537443090448,87,Del_MainPage,200,"Number of samples in transaction : 2, number of failing samples : 0",DeleteContact 2-1,,true,,14388,446,15,30,87,990,0
1537443091435,93,Del_MainPage,200,OK,DeleteContact 2-14,text,true,,14388,446,15,30,93,0,0
1537443090447,93,Del_MainPage,200,"Number of samples in transaction : 2, number of failing samples : 0",DeleteContact 2-14,,true,,14388,446,15,30,93,990,0
1537443091433,190,Del_Contact,200,OK,DeleteContact 2-8,text,true,,2484,510,15,30,190,0,0
1537443088863,190,Del_Contact,200,"Number of samples in transaction : 2, number of failing samples : 0",DeleteContact 2-8,,true,,2484,510,15,30,190,2928,0
1537443091434,195,Del_Contact,200,OK,DeleteContact 2-9,text,true,,2483,510,15,30,195,0,0
1537443088865,195,Del_Contact,200,"Number of samples in transaction : 2, number of failing samples : 0",DeleteContact 2-9,,true,,2483,510,15,30,195,2927,0
1537443091679,71,Add_ContactAction,200,OK,AddContact 1-3,text,true,,2477,1283,15,30,71,0,1
1537443089109,71,Add_ContactAction,200,"Number of samples in transaction : 2, number of failing samples : 0",AddContact 1-3,,true,,2477,1283,15,30,71,2927,1
1537443091680,73,Del_MainPage,200,OK,DeleteContact 2-2,text,true,,14015,446,15,30,72,0,1
1537443090694,73,Del_MainPage,200,"Number of samples in transaction : 2, number of failing samples : 0",DeleteContact 2-2,,true,,14015,446,15,30,72,988,1
1537443091681,77,Del_MainPage,200,OK,DeleteContact 2-15,text,true,,14015,446,15,30,77,0,0
1537443090694,77,Del_MainPage,200,"Number of samples in transaction : 2, number of failing samples : 0",DeleteContact 2-15,,true,,14015,446,15,30,77,989,0
1537443091817,51,Add_MainPage,200,OK,AddContact 1-8,text,true,,14168,446,15,30,50,0,1
1537443090832,51,Add_MainPage,200,"Number of samples in transaction : 2, number of failing samples : 0",AddContact 1-8,,true,,14168,446,15,30,50,985,1
1537443091836,35,Del_MainPage,200,OK,DeleteContact 2-3,text,true,,14168,446,15,30,34,0,0
1537443090847,35,Del_MainPage,200,"Number of samples in transaction : 2, number of failing samples : 0",DeleteContact 2-3,,true,,14168,446,15,30,34,991,0
1537443091971,49,Add_ContactForm,200,OK,AddContact 1-6,text,true,,3239,474,15,30,49,0,0
1537443090989,49,Add_ContactForm,200,"Number of samples in transaction : 2, number of failing samples : 0",AddContact 1-6,,true,,3239,474,15,30,49,982,0
1537443091986,39,Del_ContactFrom,200,OK,DeleteContact 2-13,text,true,,3375,481,15,30,39,0,1
1537443089409,39,Del_ContactFrom,200,"Number of samples in transaction : 2, number of failing samples : 0",DeleteContact 2-13,,true,,3375,481,15,30,39,2934,1
1537443091972,55,Add_ContactAction,200,OK,AddContact 1-4,text,true,,2477,1055,15,30,55,0,0
1537443089390,55,Add_ContactAction,200,"Number of samples in transaction : 2, number of failing samples : 0",AddContact 1-4,,true,,2477,1055,15,30,55,2939,0
1537443092140,43,Del_Contact,200,OK,DeleteContact 2-10,text,true,,2484,510,15,30,43,0,1
1537443089558,43,Del_Contact,200,"Number of samples in transaction : 2, number of failing samples : 0",DeleteContact 2-10,,true,,2484,510,15,30,43,2939,1
1537443092233,24,Add_ContactForm,200,OK,AddContact 1-7,text,true,,3239,474,15,30,24,0,0
1537443091254,24,Add_ContactForm,200,"Number of samples in transaction : 2, number of failing samples : 0",AddContact 1-7,,true,,3239,474,15,30,24,979,0
1537443092525,36,Add_MainPage,200,OK,AddContact 1-9,text,true,,14048,446,15,30,35,0,1
1537443091541,36,Add_MainPage,200,"Number of samples in transaction : 2, number of failing samples : 0",AddContact 1-9,,true,,14048,446,15,30,35,985,1
1537443092849,25,Add_ContactForm,200,OK,AddContact 1-8,text,true,,3239,474,15,30,24,0,0
1537443091868,25,Add_ContactForm,200,"Number of samples in transaction : 2, number of failing samples : 0",AddContact 1-8,,true,,3239,474,15,30,24,981,0
1537443092895,36,Del_MainPage,200,OK,DeleteContact 2-4,text,true,,14048,446,15,30,34,0,0
1537443091909,36,Del_MainPage,200,"Number of samples in transaction : 2, number of failing samples : 0",DeleteContact 2-4,,true,,14048,446,15,30,34,989,0
1537443093356,45,Add_ContactAction,200,OK,AddContact 1-5,text,true,,2477,1349,15,30,45,0,1
1537443090426,45,Add_ContactAction,200,"Number of samples in transaction : 2, number of failing samples : 0",AddContact 1-5,,true,,2477,1349,15,30,45,2930,1
1537443093375,29,Add_MainPage,200,OK,AddContact 1-10,text,true,,14048,446,15,30,28,0,1
1537443092402,29,Add_MainPage,200,"Number of samples in transaction : 2, number of failing samples : 0",AddContact 1-10,,true,,14048,446,15,30,28,974,1
1537443093525,28,Add_ContactForm,200,OK,AddContact 1-9,text,true,,3239,474,15,30,27,0,0
1537443092562,28,Add_ContactForm,200,"Number of samples in transaction : 2, number of failing samples : 0",AddContact 1-9,,true,,3239,474,15,30,27,963,0
1537443093664,24,Del_Contact,200,OK,DeleteContact 2-11,text,true,,2491,510,15,30,24,0,1
1537443090732,24,Del_Contact,200,"Number of samples in transaction : 2, number of failing samples : 0",DeleteContact 2-11,,true,,2491,510,15,30,24,2932,1
1537443093726,36,Del_MainPage,200,OK,DeleteContact 2-5,text,true,,14182,446,15,30,35,0,1
1537443092756,36,Del_MainPage,200,"Number of samples in transaction : 2, number of failing samples : 0",DeleteContact 2-5,,true,,14182,446,15,30,35,974,1
1537443094065,34,Add_MainPage,200,OK,AddContact 1-11,text,true,,14182,446,15,30,33,0,1
1537443093094,34,Add_MainPage,200,"Number of samples in transaction : 2, number of failing samples : 0",AddContact 1-11,,true,,14182,446,15,30,33,971,1
1537443094067,24,Add_ContactForm,200,OK,AddContact 1-10,text,true,,3239,474,15,30,24,0,0
1537443093405,24,Add_ContactForm,200,"Number of samples in transaction : 2, number of failing samples : 0",AddContact 1-10,,true,,3239,474,15,30,24,983,0
1537443094128,26,Del_ContactFrom,200,OK,DeleteContact 2-1,text,true,,3430,481,15,30,26,0,1
1537443091525,26,Del_ContactFrom,200,"Number of samples in transaction : 2, number of failing samples : 0",DeleteContact 2-1,,true,,3430,481,15,30,26,2923,1
1537443094129,27,Del_ContactFrom,200,OK,DeleteContact 2-14,text,true,,3375,481,15,30,27,0,1
1537443091530,27,Del_ContactFrom,200,"Number of samples in transaction : 2, number of failing samples : 0",DeleteContact 2-14,,true,,3375,481,15,30,27,2919,1
1537443094114,49,Del_Contact,200,OK,DeleteContact 2-12,text,true,,2484,510,15,30,49,0,0
1537443091519,49,Del_Contact,200,"Number of samples in transaction : 2, number of failing samples : 0",DeleteContact 2-12,,true,,2484,510,15,30,49,2915,0
1537443094283,35,Del_MainPage,200,OK,DeleteContact 2-6,text,true,,14055,446,15,30,34,0,0
1537443093618,35,Del_MainPage,200,"Number of samples in transaction : 2, number of failing samples : 0",DeleteContact 2-6,,true,,14055,446,15,30,34,987,0
1537443094344,14,Del_ContactFrom,200,OK,DeleteContact 2-2,text,true,,3255,481,15,30,14,0,0
1537443091755,14,Del_ContactFrom,200,"Number of samples in transaction : 2, number of failing samples : 0",DeleteContact 2-2,,true,,3255,481,15,30,14,2909,0
1537443094359,14,Del_ContactFrom,200,OK,DeleteContact 2-15,text,true,,3386,481,15,30,13,0,1
1537443091760,14,Del_ContactFrom,200,"Number of samples in transaction : 2, number of failing samples : 0",DeleteContact 2-15,,true,,3386,481,15,30,13,2919,1
1537443094467,23,Del_ContactFrom,200,OK,DeleteContact 2-3,text,true,,3347,481,15,30,23,0,1
1537443091873,23,Del_ContactFrom,200,"Number of samples in transaction : 2, number of failing samples : 0",DeleteContact 2-3,,true,,3347,481,15,30,23,2914,1
1537443094622,47,Add_ContactAction,200,OK,AddContact 1-6,text,true,,2477,1427,15,30,47,0,1
1537443092020,47,Add_ContactAction,200,"Number of samples in transaction : 2, number of failing samples : 0",AddContact 1-6,,true,,2477,1427,15,30,47,2922,1
1537443094623,48,Del_Contact,200,OK,DeleteContact 2-13,text,true,,2484,510,15,30,47,0,1
1537443092025,48,Del_Contact,200,"Number of samples in transaction : 2, number of failing samples : 0",DeleteContact 2-13,,true,,2484,510,15,30,47,2918,1
1537443094759,29,Add_ContactForm,200,OK,AddContact 1-11,text,true,,3239,474,15,30,28,0,0
1537443094099,29,Add_ContactForm,200,"Number of samples in transaction : 2, number of failing samples : 0",AddContact 1-11,,true,,3239,474,15,30,28,980,0
1537443094852,17,Add_ContactAction,200,OK,AddContact 1-7,text,true,,2477,1421,15,30,17,0,0
1537443092257,17,Add_ContactAction,200,"Number of samples in transaction : 2, number of failing samples : 0",AddContact 1-7,,true,,2477,1421,15,30,17,2915,0
1537443095360,36,Add_MainPage,200,OK,AddContact 1-12,text,true,,14263,446,15,30,34,0,0
1537443094375,36,Add_MainPage,200,"Number of samples in transaction : 2, number of failing samples : 0",AddContact 1-12,,true,,14263,446,15,30,34,985,0
1537443095467,29,Add_ContactAction,200,OK,AddContact 1-8,text,true,,2477,1127,15,30,29,0,1
1537443092874,29,Add_ContactAction,200,"Number of samples in transaction : 2, number of failing samples : 0",AddContact 1-8,,true,,2477,1127,15,30,29,2914,1
1537443095532,30,Del_ContactFrom,200,OK,DeleteContact 2-4,text,true,,3390,481,15,30,30,0,1
1537443092934,30,Del_ContactFrom,200,"Number of samples in transaction : 2, number of failing samples : 0",DeleteContact 2-4,,true,,3390,481,15,30,30,2918,1
1537443095514,51,Add_MainPage,200,OK,AddContact 1-13,text,true,,14377,446,15,30,50,0,0
1537443094529,51,Add_MainPage,200,"Number of samples in transaction : 2, number of failing samples : 0",AddContact 1-13,,true,,14377,446,15,30,50,985,0
1537443096145,26,Add_ContactAction,200,OK,AddContact 1-9,text,true,,2477,1571,15,30,26,0,0
1537443093553,26,Add_ContactAction,200,"Number of samples in transaction : 2, number of failing samples : 0",AddContact 1-9,,true,,2477,1571,15,30,26,2912,0
1537443096376,24,Add_ContactForm,200,OK,AddContact 1-12,text,true,,3239,474,15,30,24,0,0
1537443095396,24,Add_ContactForm,200,"Number of samples in transaction : 2, number of failing samples : 0",AddContact 1-12,,true,,3239,474,15,30,24,981,0
1537443096360,48,Del_ContactFrom,200,OK,DeleteContact 2-5,text,true,,3330,481,15,30,48,0,1
1537443093766,48,Del_ContactFrom,200,"Number of samples in transaction : 2, number of failing samples : 0",DeleteContact 2-5,,true,,3330,481,15,30,48,2915,1
1537443096345,67,Del_MainPage,200,OK,DeleteContact 2-7,text,true,,14581,446,15,30,66,0,0
1537443095361,67,Del_MainPage,200,"Number of samples in transaction : 2, number of failing samples : 0",DeleteContact 2-7,,true,,14581,446,15,30,66,986,0
1537443096546,24,Add_ContactForm,200,OK,AddContact 1-13,text,true,,3239,474,15,30,23,0,0
1537443095565,24,Add_ContactForm,200,"Number of samples in transaction : 2, number of failing samples : 0",AddContact 1-13,,true,,3239,474,15,30,23,981,0
1537443096699,43,Add_MainPage,200,OK,AddContact 1-14,text,true,,14581,446,15,30,41,0,1
1537443095714,43,Add_MainPage,200,"Number of samples in transaction : 2, number of failing samples : 0",AddContact 1-14,,true,,14581,446,15,30,41,985,1
1537443096961,36,Add_MainPage,200,OK,AddContact 1-1,text,true,,14581,446,15,30,34,0,1
1537443095990,36,Add_MainPage,200,"Number of samples in transaction : 2, number of failing samples : 0",AddContact 1-1,,true,,14581,446,15,30,34,972,1
1537443097007,15,Add_ContactAction,200,OK,AddContact 1-10,text,true,,2477,1553,15,30,15,0,0
1537443094092,15,Add_ContactAction,200,"Number of samples in transaction : 2, number of failing samples : 0",AddContact 1-10,,true,,2477,1553,15,30,15,2916,0
1537443097068,64,Del_Contact,200,OK,DeleteContact 2-1,text,true,,2484,510,15,30,64,0,1
1537443094154,64,Del_Contact,200,"Number of samples in transaction : 2, number of failing samples : 0",DeleteContact 2-1,,true,,2484,510,15,30,64,2915,1
1537443097069,67,Del_Contact,200,OK,DeleteContact 2-14,text,true,,2484,510,15,30,67,0,1
1537443094156,67,Del_Contact,200,"Number of samples in transaction : 2, number of failing samples : 0",DeleteContact 2-14,,true,,2484,510,15,30,67,2913,1
1537443097146,37,Del_MainPage,200,OK,DeleteContact 2-8,text,true,,14358,446,15,30,36,0,0
1537443096175,37,Del_MainPage,200,"Number of samples in transaction : 2, number of failing samples : 0",DeleteContact 2-8,,true,,14358,446,15,30,36,973,0
1537443097146,42,Del_MainPage,200,OK,DeleteContact 2-9,text,true,,14358,446,15,30,41,0,1
1537443096175,42,Del_MainPage,200,"Number of samples in transaction : 2, number of failing samples : 0",DeleteContact 2-9,,true,,14358,446,15,30,41,974,1
1537443097238,25,Del_ContactFrom,200,OK,DeleteContact 2-6,text,true,,3348,481,15,30,25,0,1
1537443094320,25,Del_ContactFrom,200,"Number of samples in transaction : 2, number of failing samples : 0",DeleteContact 2-6,,true,,3348,481,15,30,25,2919,1
1537443097268,33,Del_Contact,200,OK,DeleteContact 2-2,text,true,,2484,510,15,30,33,0,1
1537443094358,33,Del_Contact,200,"Number of samples in transaction : 2, number of failing samples : 0",DeleteContact 2-2,,true,,2484,510,15,30,33,2910,1
1537443097283,21,Del_Contact,200,OK,DeleteContact 2-15,text,true,,2483,510,15,30,21,0,0
1537443094373,21,Del_Contact,200,"Number of samples in transaction : 2, number of failing samples : 0",DeleteContact 2-15,,true,,2483,510,15,30,21,2911,0
1537443097406,28,Del_Contact,200,OK,DeleteContact 2-3,text,true,,2484,510,15,30,28,0,1
1537443094490,28,Del_Contact,200,"Number of samples in transaction : 2, number of failing samples : 0",DeleteContact 2-3,,true,,2484,510,15,30,28,2916,1
1537443097699,75,Add_ContactForm,200,OK,AddContact 1-14,text,true,,3239,474,15,30,75,0,0
1537443096742,75,Add_ContactForm,200,"Number of samples in transaction : 2, number of failing samples : 0",AddContact 1-14,,true,,3239,474,15,30,75,957,0
1537443097700,100,Add_ContactAction,200,OK,AddContact 1-11,text,true,,2477,1289,15,30,100,0,1
1537443094788,100,Add_ContactAction,200,"Number of samples in transaction : 2, number of failing samples : 0",AddContact 1-11,,true,,2477,1289,15,30,100,2913,1
1537443097701,105,Del_MainPage,200,OK,DeleteContact 2-10,text,true,,13901,446,15,30,103,0,1
1537443096730,105,Del_MainPage,200,"Number of samples in transaction : 2, number of failing samples : 0",DeleteContact 2-10,,true,,13901,446,15,30,103,977,1
1537443097977,25,Add_ContactForm,200,OK,AddContact 1-1,text,true,,3239,474,15,30,25,0,0
1537443096998,25,Add_ContactForm,200,"Number of samples in transaction : 2, number of failing samples : 0",AddContact 1-1,,true,,3239,474,15,30,25,980,0
1537443098161,50,Add_MainPage,200,OK,AddContact 1-15,text,true,,14033,446,15,30,49,0,14
1537443097191,50,Add_MainPage,200,"Number of samples in transaction : 2, number of failing samples : 0",AddContact 1-15,,true,,14033,446,15,30,49,970,14
1537443098453,33,Add_MainPage,200,OK,AddContact 1-2,text,true,,14033,446,15,30,30,0,1
1537443097483,33,Add_MainPage,200,"Number of samples in transaction : 2, number of failing samples : 0",AddContact 1-2,,true,,14033,446,15,30,30,970,1
1537443098484,15,Del_Contact,200,OK,DeleteContact 2-4,text,true,,2483,510,15,30,15,0,0
1537443095562,15,Del_Contact,200,"Number of samples in transaction : 2, number of failing samples : 0",DeleteContact 2-4,,true,,2483,510,15,30,15,2922,0
1537443099326,46,Add_ContactForm,200,OK,AddContact 1-15,text,true,,3239,474,15,30,46,0,0
1537443098211,46,Add_ContactForm,200,"Number of samples in transaction : 2, number of failing samples : 0",AddContact 1-15,,true,,3239,474,15,30,46,981,0
1537443099341,44,Del_MainPage,200,OK,DeleteContact 2-11,text,true,,13817,446,15,30,43,0,1
1537443098222,44,Del_MainPage,200,"Number of samples in transaction : 2, number of failing samples : 0",DeleteContact 2-11,,true,,13817,446,15,30,43,991,1
1537443099356,38,Add_MainPage,200,OK,AddContact 1-3,text,true,,13817,446,15,30,37,0,1
1537443098238,38,Add_MainPage,200,"Number of samples in transaction : 2, number of failing samples : 0",AddContact 1-3,,true,,13817,446,15,30,37,984,1
1537443099514,34,Del_ContactFrom,200,OK,DeleteContact 2-7,text,true,,3174,481,15,30,34,0,0
1537443096414,34,Del_ContactFrom,200,"Number of samples in transaction : 2, number of failing samples : 0",DeleteContact 2-7,,true,,3174,481,15,30,34,2966,0
1537443099449,101,Add_ContactAction,200,OK,AddContact 1-12,text,true,,2477,1181,15,30,101,0,0
1537443096401,101,Add_ContactAction,200,"Number of samples in transaction : 2, number of failing samples : 0",AddContact 1-12,,true,,2477,1181,15,30,101,2914,0
1537443099513,49,Del_Contact,200,OK,DeleteContact 2-5,text,true,,2484,510,15,30,49,0,0
1537443096409,49,Del_Contact,200,"Number of samples in transaction : 2, number of failing samples : 0",DeleteContact 2-5,,true,,2484,510,15,30,49,2970,0
1537443099603,56,Add_ContactForm,200,OK,AddContact 1-2,text,true,,3239,474,15,30,56,0,0
1537443098486,56,Add_ContactForm,200,"Number of samples in transaction : 2, number of failing samples : 0",AddContact 1-2,,true,,3239,474,15,30,56,984,0
1537443099642,27,Add_MainPage,200,OK,AddContact 1-4,text,true,,13783,446,15,30,27,0,2
1537443098514,27,Add_MainPage,200,"Number of samples in transaction : 2, number of failing samples : 0",AddContact 1-4,,true,,13783,446,15,30,27,995,2
1537443099623,48,Add_ContactAction,200,OK,AddContact 1-13,text,true,,2477,1626,15,30,48,0,1
1537443096570,48,Add_ContactAction,200,"Number of samples in transaction : 2, number of failing samples : 0",AddContact 1-13,,true,,2477,1626,15,30,48,2919,1
1537443100157,37,Del_MainPage,200,OK,DeleteContact 2-12,text,true,,14013,446,15,30,36,0,1
1537443099172,37,Del_MainPage,200,"Number of samples in transaction : 2, number of failing samples : 0",DeleteContact 2-12,,true,,14013,446,15,30,36,989,1
1537443100233,43,Del_ContactFrom,200,OK,DeleteContact 2-8,text,true,,3174,481,15,30,43,0,1
1537443097185,43,Del_ContactFrom,200,"Number of samples in transaction : 2, number of failing samples : 0",DeleteContact 2-8,,true,,3174,481,15,30,43,2914,1
1537443100234,44,Del_ContactFrom,200,OK,DeleteContact 2-9,text,true,,3409,481,15,30,44,0,1
1537443097191,44,Del_ContactFrom,200,"Number of samples in transaction : 2, number of failing samples : 0",DeleteContact 2-9,,true,,3409,481,15,30,44,2909,1
1537443100311,14,Del_Contact,200,OK,DeleteContact 2-6,text,true,,2484,510,15,30,14,0,0
1537443097264,14,Del_Contact,200,"Number of samples in transaction : 2, number of failing samples : 0",DeleteContact 2-6,,true,,2484,510,15,30,14,2913,0
1537443100373,25,Add_ContactForm,200,OK,AddContact 1-3,text,true,,3239,474,15,30,25,0,0
1537443099394,25,Add_ContactForm,200,"Number of samples in transaction : 2, number of failing samples : 0",AddContact 1-3,,true,,3239,474,15,30,25,980,0
1537443100649,46,Add_ContactForm,200,OK,AddContact 1-4,text,true,,3239,474,15,30,46,0,0
1537443099670,46,Add_ContactForm,200,"Number of samples in transaction : 2, number of failing samples : 0",AddContact 1-4,,true,,3239,474,15,30,46,979,0
1537443100664,45,Del_MainPage,200,OK,DeleteContact 2-13,text,true,,13865,446,15,30,44,0,1
1537443099680,45,Del_MainPage,200,"Number of samples in transaction : 2, number of failing samples : 0",DeleteContact 2-13,,true,,13865,446,15,30,44,986,1
1537443100819,27,Add_ContactAction,200,OK,AddContact 1-14,text,true,,2477,1391,15,30,27,0,0
1537443097774,27,Add_ContactAction,200,"Number of samples in transaction : 2, number of failing samples : 0",AddContact 1-14,,true,,2477,1391,15,30,27,2911,0
1537443100864,13,Del_ContactFrom,200,OK,DeleteContact 2-10,text,true,,3389,481,15,30,13,0,0
1537443097812,13,Del_ContactFrom,200,"Number of samples in transaction : 2, number of failing samples : 0",DeleteContact 2-10,,true,,3389,481,15,30,13,2918,0
1537443101019,52,Add_MainPage,200,OK,AddContact 1-5,text,true,,14004,446,15,30,51,0,1
1537443100034,52,Add_MainPage,200,"Number of samples in transaction : 2, number of failing samples : 0",AddContact 1-5,,true,,14004,446,15,30,51,985,1
1537443101080,30,Add_ContactAction,200,OK,AddContact 1-1,text,true,,2477,1151,15,30,30,0,2
1537443098003,30,Add_ContactAction,200,"Number of samples in transaction : 2, number of failing samples : 0",AddContact 1-1,,true,,2477,1151,15,30,30,2944,2
1537443102050,24,Add_ContactForm,200,OK,AddContact 1-5,text,true,,3239,474,15,30,24,0,0
1537443101071,24,Add_ContactForm,200,"Number of samples in transaction : 2, number of failing samples : 0",AddContact 1-5,,true,,3239,474,15,30,24,979,0
1537443102342,32,Del_ContactFrom,200,OK,DeleteContact 2-11,text,true,,3336,481,15,30,32,0,1
1537443099391,32,Del_ContactFrom,200,"Number of samples in transaction : 2, number of failing samples : 0",DeleteContact 2-11,,true,,3336,481,15,30,32,2951,1
1537443102327,49,Add_ContactAction,200,OK,AddContact 1-15,text,true,,2477,1620,15,30,49,0,2
1537443099372,49,Add_ContactAction,200,"Number of samples in transaction : 2, number of failing samples : 0",AddContact 1-15,,true,,2477,1620,15,30,49,2955,2
1537443102496,24,Del_Contact,200,OK,DeleteContact 2-7,text,true,,2489,510,15,30,24,0,1
1537443099548,24,Del_Contact,200,"Number of samples in transaction : 2, number of failing samples : 0",DeleteContact 2-7,,true,,2489,510,15,30,24,2948,1
1537443102603,56,Add_ContactAction,200,OK,AddContact 1-2,text,true,,2477,1559,15,30,56,0,1
1537443099660,56,Add_ContactAction,200,"Number of samples in transaction : 2, number of failing samples : 0",AddContact 1-2,,true,,2477,1559,15,30,56,2943,1
1537443102625,37,Add_MainPage,200,OK,AddContact 1-6,text,true,,14333,446,15,30,36,0,1
1537443101634,37,Add_MainPage,200,"Number of samples in transaction : 2, number of failing samples : 0",AddContact 1-6,,true,,14333,446,15,30,36,991,1
1537443102835,33,Add_MainPage,200,OK,AddContact 1-7,text,true,,14537,446,15,30,32,0,1
1537443101849,33,Add_MainPage,200,"Number of samples in transaction : 2, number of failing samples : 0",AddContact 1-7,,true,,14537,446,15,30,32,987,1
1537443103132,53,Del_ContactFrom,200,OK,DeleteContact 2-12,text,true,,3271,481,15,30,52,0,1
1537443100198,53,Del_ContactFrom,200,"Number of samples in transaction : 2, number of failing samples : 0",DeleteContact 2-12,,true,,3271,481,15,30,52,2934,1
1537443103152,45,Del_MainPage,200,OK,DeleteContact 2-1,text,true,,14537,446,15,30,45,0,0
1537443102157,45,Del_MainPage,200,"Number of samples in transaction : 2, number of failing samples : 0",DeleteContact 2-1,,true,,14537,446,15,30,45,999,0
1537443103153,76,Del_MainPage,200,OK,DeleteContact 2-14,text,true,,14537,446,15,30,76,0,0
1537443102157,76,Del_MainPage,200,"Number of samples in transaction : 2, number of failing samples : 0",DeleteContact 2-14,,true,,14537,446,15,30,76,1005,0
1537443103204,39,Del_Contact,200,OK,DeleteContact 2-8,text,true,,2489,510,15,30,39,0,0
1537443100276,39,Del_Contact,200,"Number of samples in transaction : 2, number of failing samples : 0",DeleteContact 2-8,,true,,2489,510,15,30,39,2928,0
1537443103204,47,Del_Contact,200,OK,DeleteContact 2-9,text,true,,2484,510,15,30,47,0,1
1537443100278,47,Del_Contact,200,"Number of samples in transaction : 2, number of failing samples : 0",DeleteContact 2-9,,true,,2484,510,15,30,47,2926,1
1537443103312,55,Del_MainPage,200,OK,DeleteContact 2-2,text,true,,14322,446,15,30,54,0,0
1537443102326,55,Del_MainPage,200,"Number of samples in transaction : 2, number of failing samples : 0",DeleteContact 2-2,,true,,14322,446,15,30,54,995,0
1537443103313,67,Del_MainPage,200,OK,DeleteContact 2-15,text,true,,14322,446,15,30,66,0,0
1537443102326,67,Del_MainPage,200,"Number of samples in transaction : 2, number of failing samples : 0",DeleteContact 2-15,,true,,14322,446,15,30,66,990,0
1537443103327,63,Add_ContactAction,200,OK,AddContact 1-3,text,true,,2477,1361,15,30,63,0,1
1537443100399,63,Add_ContactAction,200,"Number of samples in transaction : 2, number of failing samples : 0",AddContact 1-3,,true,,2477,1361,15,30,63,2928,1
1537443103434,40,Del_MainPage,200,OK,DeleteContact 2-3,text,true,,14473,446,15,30,40,0,1
1537443102449,40,Del_MainPage,200,"Number of samples in transaction : 2, number of failing samples : 0",DeleteContact 2-3,,true,,14473,446,15,30,40,988,1
1537443103450,39,Add_MainPage,200,OK,AddContact 1-8,text,true,,14473,446,15,30,38,0,1
1537443102465,39,Add_MainPage,200,"Number of samples in transaction : 2, number of failing samples : 0",AddContact 1-8,,true,,14473,446,15,30,38,985,1
1537443103635,78,Add_ContactForm,200,OK,AddContact 1-6,text,true,,3239,474,15,30,77,0,0
1537443102662,78,Add_ContactForm,200,"Number of samples in transaction : 2, number of failing samples : 0",AddContact 1-6,,true,,3239,474,15,30,77,973,0
1537443103673,44,Del_ContactFrom,200,OK,DeleteContact 2-13,text,true,,3342,481,15,30,43,0,1
1537443100711,44,Del_ContactFrom,200,"Number of samples in transaction : 2, number of failing samples : 0",DeleteContact 2-13,,true,,3342,481,15,30,43,2962,1
1537443103638,83,Add_ContactAction,200,OK,AddContact 1-4,text,true,,2477,1481,15,30,83,0,37
1537443100695,83,Add_ContactAction,200,"Number of samples in transaction : 2, number of failing samples : 0",AddContact 1-4,,true,,2477,1481,15,30,83,2943,37
1537443103939,77,Del_Contact,200,OK,DeleteContact 2-10,text,true,,2484,510,15,30,77,0,1
1537443100877,77,Del_Contact,200,"Number of samples in transaction : 2, number of failing samples : 0",DeleteContact 2-10,,true,,2484,510,15,30,77,2927,1
1537443103971,45,Add_ContactForm,200,OK,AddContact 1-7,text,true,,3239,474,15,30,45,0,0
1537443102869,45,Add_ContactForm,200,"Number of samples in transaction : 2, number of failing samples : 0",AddContact 1-7,,true,,3239,474,15,30,45,968,0
1537443104246,30,Add_MainPage,200,OK,AddContact 1-9,text,true,,14456,446,15,30,29,0,1
1537443103132,30,Add_MainPage,200,"Number of samples in transaction : 2, number of failing samples : 0",AddContact 1-9,,true,,14456,446,15,30,29,980,1
1537443104600,24,Add_ContactForm,200,OK,AddContact 1-8,text,true,,3239,474,15,30,24,0,0
1537443103489,24,Add_ContactForm,200,"Number of samples in transaction : 2, number of failing samples : 0",AddContact 1-8,,true,,3239,474,15,30,24,977,0
1537443104647,20,Del_MainPage,200,OK,DeleteContact 2-4,text,true,,14456,446,15,30,19,0,0
1537443103527,20,Del_MainPage,200,"Number of samples in transaction : 2, number of failing samples : 0",DeleteContact 2-4,,true,,14456,446,15,30,19,988,0
1537443105123,47,Add_MainPage,200,OK,AddContact 1-10,text,true,,14456,446,15,30,46,0,1
1537443104139,47,Add_MainPage,200,"Number of samples in transaction : 2, number of failing samples : 0",AddContact 1-10,,true,,14456,446,15,30,46,984,1
1537443105141,31,Add_ContactAction,200,OK,AddContact 1-5,text,true,,2477,1157,15,30,31,0,1
1537443102074,31,Add_ContactAction,200,"Number of samples in transaction : 2, number of failing samples : 0",AddContact 1-5,,true,,2477,1157,15,30,31,2932,1
1537443105263,24,Add_ContactForm,200,OK,AddContact 1-9,text,true,,3239,474,15,30,24,0,0
1537443104277,24,Add_ContactForm,200,"Number of samples in transaction : 2, number of failing samples : 0",AddContact 1-9,,true,,3239,474,15,30,24,987,0
1537443105447,30,Del_Contact,200,OK,DeleteContact 2-11,text,true,,2484,510,15,30,30,0,1
1537443102374,30,Del_Contact,200,"Number of samples in transaction : 2, number of failing samples : 0",DeleteContact 2-11,,true,,2484,510,15,30,30,2938,1
1537443105585,38,Del_MainPage,200,OK,DeleteContact 2-5,text,true,,14394,446,15,30,36,0,1
1537443104600,38,Del_MainPage,200,"Number of samples in transaction : 2, number of failing samples : 0",DeleteContact 2-5,,true,,14394,446,15,30,36,989,1
1537443105894,33,Add_MainPage,200,OK,AddContact 1-11,text,true,,14394,446,15,30,32,0,1
1537443104909,33,Add_MainPage,200,"Number of samples in transaction : 2, number of failing samples : 0",AddContact 1-11,,true,,14394,446,15,30,32,986,1
1537443106155,24,Add_ContactForm,200,OK,AddContact 1-10,text,true,,3239,474,15,30,24,0,0
1537443105170,24,Add_ContactForm,200,"Number of samples in transaction : 2, number of failing samples : 0",AddContact 1-10,,true,,3239,474,15,30,24,986,0
1537443106280,34,Del_ContactFrom,200,OK,DeleteContact 2-1,text,true,,3246,481,15,30,34,0,1
1537443103201,34,Del_ContactFrom,200,"Number of samples in transaction : 2, number of failing samples : 0",DeleteContact 2-1,,true,,3246,481,15,30,34,2945,1
1537443106263,55,Del_Contact,200,OK,DeleteContact 2-12,text,true,,2484,510,15,30,55,0,0
1537443103185,55,Del_Contact,200,"Number of samples in transaction : 2, number of failing samples : 0",DeleteContact 2-12,,true,,2484,510,15,30,55,2944,0
1537443106325,13,Del_ContactFrom,200,OK,DeleteContact 2-14,text,true,,3386,481,15,30,13,0,0
1537443103238,13,Del_ContactFrom,200,"Number of samples in transaction : 2, number of failing samples : 0",DeleteContact 2-14,,true,,3386,481,15,30,13,2952,0
1537443106339,19,Del_MainPage,200,OK,DeleteContact 2-6,text,true,,14284,446,15,30,18,0,1
1537443105355,19,Del_MainPage,200,"Number of samples in transaction : 2, number of failing samples : 0",DeleteContact 2-6,,true,,14284,446,15,30,18,993,1
1537443106463,35,Del_ContactFrom,200,OK,DeleteContact 2-2,text,true,,3366,481,15,30,35,0,0
1537443103376,35,Del_ContactFrom,200,"Number of samples in transaction : 2, number of failing samples : 0",DeleteContact 2-2,,true,,3366,481,15,30,35,2952,0
1537443106464,36,Del_ContactFrom,200,OK,DeleteContact 2-15,text,true,,3395,481,15,30,36,0,0
1537443103383,36,Del_ContactFrom,200,"Number of samples in transaction : 2, number of failing samples : 0",DeleteContact 2-15,,true,,3395,481,15,30,36,2946,0
1537443106556,25,Del_ContactFrom,200,OK,DeleteContact 2-3,text,true,,3349,481,15,30,25,0,0
1537443103477,25,Del_ContactFrom,200,"Number of samples in transaction : 2, number of failing samples : 0",DeleteContact 2-3,,true,,3349,481,15,30,25,2944,0
1537443106801,48,Add_ContactAction,200,OK,AddContact 1-6,text,true,,2477,1511,15,30,48,0,1
1537443103713,48,Add_ContactAction,200,"Number of samples in transaction : 2, number of failing samples : 0",AddContact 1-6,,true,,2477,1511,15,30,48,2953,1
1537443106803,49,Del_Contact,200,OK,DeleteContact 2-13,text,true,,2484,510,15,30,49,0,0
1537443103717,49,Del_Contact,200,"Number of samples in transaction : 2, number of failing samples : 0",DeleteContact 2-13,,true,,2484,510,15,30,49,2951,0
1537443106909,13,Add_ContactForm,200,OK,AddContact 1-11,text,true,,3239,474,15,30,13,0,0
1537443105928,13,Add_ContactForm,200,"Number of samples in transaction : 2, number of failing samples : 0",AddContact 1-11,,true,,3239,474,15,30,13,982,0
1537443106970,29,Add_ContactAction,200,OK,AddContact 1-7,text,true,,2477,1307,15,30,29,0,1
1537443104017,29,Add_ContactAction,200,"Number of samples in transaction : 2, number of failing samples : 0",AddContact 1-7,,true,,2477,1307,15,30,29,2953,1
1537443107524,55,Add_MainPage,200,OK,AddContact 1-12,text,true,,14469,446,15,30,54,0,1
1537443106539,55,Add_MainPage,200,"Number of samples in transaction : 2, number of failing samples : 0",AddContact 1-12,,true,,14469,446,15,30,54,985,1
1537443107555,31,Add_ContactAction,200,OK,AddContact 1-8,text,true,,2477,1662,15,30,31,0,1
1537443104625,31,Add_ContactAction,200,"Number of samples in transaction : 2, number of failing samples : 0",AddContact 1-8,,true,,2477,1662,15,30,31,2930,1
1537443107602,13,Del_ContactFrom,200,OK,DeleteContact 2-4,text,true,,3349,481,15,30,13,0,0
1537443104670,13,Del_ContactFrom,200,"Number of samples in transaction : 2, number of failing samples : 0",DeleteContact 2-4,,true,,3349,481,15,30,13,2932,0
1537443107648,20,Add_MainPage,200,OK,AddContact 1-13,text,true,,14692,446,15,30,19,0,0
1537443106662,20,Add_MainPage,200,"Number of samples in transaction : 2, number of failing samples : 0",AddContact 1-13,,true,,14692,446,15,30,19,986,0
1537443108217,36,Add_ContactAction,200,OK,AddContact 1-9,text,true,,2477,1037,15,30,36,0,1
1537443105288,36,Add_ContactAction,200,"Number of samples in transaction : 2, number of failing samples : 0",AddContact 1-9,,true,,2477,1037,15,30,36,2929,1
1537443108525,34,Del_MainPage,200,OK,DeleteContact 2-7,text,true,,14768,446,15,30,33,0,1
1537443107543,34,Del_MainPage,200,"Number of samples in transaction : 2, number of failing samples : 0",DeleteContact 2-7,,true,,14768,446,15,30,33,985,1
1537443108556,27,Add_ContactForm,200,OK,AddContact 1-12,text,true,,3239,474,15,30,27,0,0
1537443107579,27,Add_ContactForm,200,"Number of samples in transaction : 2, number of failing samples : 0",AddContact 1-12,,true,,3239,474,15,30,27,978,0
1537443108555,32,Del_ContactFrom,200,OK,DeleteContact 2-5,text,true,,3287,481,15,30,32,0,1
1537443105627,32,Del_ContactFrom,200,"Number of samples in transaction : 2, number of failing samples : 0",DeleteContact 2-5,,true,,3287,481,15,30,32,2928,1
1537443108648,24,Add_ContactForm,200,OK,AddContact 1-13,text,true,,3239,474,15,30,23,0,0
1537443107668,24,Add_ContactForm,200,"Number of samples in transaction : 2, number of failing samples : 0",AddContact 1-13,,true,,3239,474,15,30,23,980,0
1537443109414,35,Add_MainPage,200,OK,AddContact 1-14,text,true,,14768,446,15,30,34,0,1
1537443107833,35,Add_MainPage,200,"Number of samples in transaction : 2, number of failing samples : 0",AddContact 1-14,,true,,14768,446,15,30,34,984,1
1537443109691,42,Add_MainPage,200,OK,AddContact 1-1,text,true,,14768,446,15,30,41,0,0
1537443108109,42,Add_MainPage,200,"Number of samples in transaction : 2, number of failing samples : 0",AddContact 1-1,,true,,14768,446,15,30,41,985,0
1537443109710,50,Add_ContactAction,200,OK,AddContact 1-10,text,true,,2477,1577,15,30,50,0,0
1537443106180,50,Add_ContactAction,200,"Number of samples in transaction : 2, number of failing samples : 0",AddContact 1-10,,true,,2477,1577,15,30,50,2933,0
1537443109845,76,Del_Contact,200,OK,DeleteContact 2-1,text,true,,2484,510,15,30,76,0,0
1537443106315,76,Del_Contact,200,"Number of samples in transaction : 2, number of failing samples : 0",DeleteContact 2-1,,true,,2484,510,15,30,76,2933,0
1537443109861,64,Del_MainPage,200,OK,DeleteContact 2-8,text,true,,14985,446,15,30,63,0,0
1537443108278,64,Del_MainPage,200,"Number of samples in transaction : 2, number of failing samples : 0",DeleteContact 2-8,,true,,14985,446,15,30,63,988,0
1537443109891,49,Del_ContactFrom,200,OK,DeleteContact 2-6,text,true,,3391,481,15,30,48,0,0
1537443106367,49,Del_ContactFrom,200,"Number of samples in transaction : 2, number of failing samples : 0",DeleteContact 2-6,,true,,3391,481,15,30,48,2927,0
1537443109875,69,Del_MainPage,200,OK,DeleteContact 2-9,text,true,,14893,446,15,30,68,0,1
1537443108294,69,Del_MainPage,200,"Number of samples in transaction : 2, number of failing samples : 0",DeleteContact 2-9,,true,,14893,446,15,30,68,995,1
1537443109863,94,Del_Contact,200,OK,DeleteContact 2-14,text,true,,2484,510,15,30,94,0,1
1537443106338,94,Del_Contact,200,"Number of samples in transaction : 2, number of failing samples : 0",DeleteContact 2-14,,true,,2484,510,15,30,94,2928,1
1537443110029,45,Del_Contact,200,OK,DeleteContact 2-2,text,true,,2484,510,15,30,45,0,1
1537443106498,45,Del_Contact,200,"Number of samples in transaction : 2, number of failing samples : 0",DeleteContact 2-2,,true,,2484,510,15,30,45,2934,1
1537443110031,46,Del_Contact,200,OK,DeleteContact 2-15,text,true,,2483,510,15,30,46,0,0
1537443106500,46,Del_Contact,200,"Number of samples in transaction : 2, number of failing samples : 0",DeleteContact 2-15,,true,,2483,510,15,30,46,2934,0
1537443110107,14,Del_Contact,200,OK,DeleteContact 2-3,text,true,,2484,510,15,30,14,0,1
1537443106581,14,Del_Contact,200,"Number of samples in transaction : 2, number of failing samples : 0",DeleteContact 2-3,,true,,2484,510,15,30,14,2930,1
1537443110430,35,Add_ContactForm,200,OK,AddContact 1-14,text,true,,3239,474,15,30,35,0,0
1537443109449,35,Add_ContactForm,200,"Number of samples in transaction : 2, number of failing samples : 0",AddContact 1-14,,true,,3239,474,15,30,35,981,0
1537443110445,32,Add_ContactAction,200,OK,AddContact 1-11,text,true,,2477,1553,15,30,32,0,1
1537443106923,32,Add_ContactAction,200,"Number of samples in transaction : 2, number of failing samples : 0",AddContact 1-11,,true,,2477,1553,15,30,32,2925,1
1537443110507,36,Del_MainPage,200,OK,DeleteContact 2-10,text,true,,14346,446,15,30,35,0,1
1537443109522,36,Del_MainPage,200,"Number of samples in transaction : 2, number of failing samples : 0",DeleteContact 2-10,,true,,14346,446,15,30,35,986,1
1537443110722,28,Add_ContactForm,200,OK,AddContact 1-1,text,true,,3239,474,15,30,27,0,0
1537443109733,28,Add_ContactForm,200,"Number of samples in transaction : 2, number of failing samples : 0",AddContact 1-1,,true,,3239,474,15,30,27,989,0
1537443110952,36,Add_MainPage,200,OK,AddContact 1-15,text,true,,14346,446,15,30,35,0,1
1537443109968,36,Add_MainPage,200,"Number of samples in transaction : 2, number of failing samples : 0",AddContact 1-15,,true,,14346,446,15,30,35,984,1
1537443111153,27,Del_Contact,200,OK,DeleteContact 2-4,text,true,,2484,510,15,30,27,0,1
1537443107615,27,Del_Contact,200,"Number of samples in transaction : 2, number of failing samples : 0",DeleteContact 2-4,,true,,2484,510,15,30,27,2941,1
1537443111230,38,Add_MainPage,200,OK,AddContact 1-2,text,true,,14168,446,15,30,36,0,1
1537443110245,38,Add_MainPage,200,"Number of samples in transaction : 2, number of failing samples : 0",AddContact 1-2,,true,,14168,446,15,30,36,1009,1
1537443111970,35,Add_ContactForm,200,OK,AddContact 1-15,text,true,,3239,474,15,30,35,0,0
1537443110988,35,Add_ContactForm,200,"Number of samples in transaction : 2, number of failing samples : 0",AddContact 1-15,,true,,3239,474,15,30,35,982,0
1537443111954,64,Del_MainPage,200,OK,DeleteContact 2-11,text,true,,14168,446,15,30,63,0,0
1537443110968,64,Del_MainPage,200,"Number of samples in transaction : 2, number of failing samples : 0",DeleteContact 2-11,,true,,14168,446,15,30,63,997,0
1537443111969,65,Add_MainPage,200,OK,AddContact 1-3,text,true,,14168,446,15,30,64,0,1
1537443110984,65,Add_MainPage,200,"Number of samples in transaction : 2, number of failing samples : 0",AddContact 1-3,,true,,14168,446,15,30,64,986,1
1537443112107,49,Del_ContactFrom,200,OK,DeleteContact 2-7,text,true,,3391,481,15,30,49,0,1
1537443108562,49,Del_ContactFrom,200,"Number of samples in transaction : 2, number of failing samples : 0",DeleteContact 2-7,,true,,3391,481,15,30,49,2948,1
1537443112122,38,Add_ContactAction,200,OK,AddContact 1-12,text,true,,2477,1319,15,30,38,0,1
1537443108584,38,Add_ContactAction,200,"Number of samples in transaction : 2, number of failing samples : 0",AddContact 1-12,,true,,2477,1319,15,30,38,2941,1
1537443112138,32,Del_Contact,200,OK,DeleteContact 2-5,text,true,,2484,510,15,30,32,0,0
1537443108587,32,Del_Contact,200,"Number of samples in transaction : 2, number of failing samples : 0",DeleteContact 2-5,,true,,2484,510,15,30,32,2954,0
1537443112216,27,Add_ContactAction,200,OK,AddContact 1-13,text,true,,2477,1427,15,30,27,0,1
1537443108672,27,Add_ContactAction,200,"Number of samples in transaction : 2, number of failing samples : 0",AddContact 1-13,,true,,2477,1427,15,30,27,2947,1
1537443112276,41,Add_ContactForm,200,OK,AddContact 1-2,text,true,,3239,474,15,30,41,0,0
1537443111292,41,Add_ContactForm,200,"Number of samples in transaction : 2, number of failing samples : 0",AddContact 1-2,,true,,3239,474,15,30,41,984,0
1537443112293,37,Add_MainPage,200,OK,AddContact 1-4,text,true,,14403,446,15,30,36,0,1
1537443111307,37,Add_MainPage,200,"Number of samples in transaction : 2, number of failing samples : 0",AddContact 1-4,,true,,14403,446,15,30,36,986,1
1537443112785,37,Del_MainPage,200,OK,DeleteContact 2-12,text,true,,14403,446,15,30,36,0,0
1537443111800,37,Del_MainPage,200,"Number of samples in transaction : 2, number of failing samples : 0",DeleteContact 2-12,,true,,14403,446,15,30,36,987,0
1537443112861,18,Del_ContactFrom,200,OK,DeleteContact 2-8,text,true,,3318,481,15,30,18,0,1
1537443109927,18,Del_ContactFrom,200,"Number of samples in transaction : 2, number of failing samples : 0",DeleteContact 2-8,,true,,3318,481,15,30,18,2934,1
1537443112876,31,Del_Contact,200,OK,DeleteContact 2-6,text,true,,2484,510,15,30,31,0,1
1537443109940,31,Del_Contact,200,"Number of samples in transaction : 2, number of failing samples : 0",DeleteContact 2-6,,true,,2484,510,15,30,31,2936,1
1537443112892,18,Del_ContactFrom,200,OK,DeleteContact 2-9,text,true,,3255,481,15,30,18,0,0
1537443109955,18,Del_ContactFrom,200,"Number of samples in transaction : 2, number of failing samples : 0",DeleteContact 2-9,,true,,3255,481,15,30,18,2937,0
1537443113015,25,Add_ContactForm,200,OK,AddContact 1-3,text,true,,3239,474,15,30,25,0,0
1537443112035,25,Add_ContactForm,200,"Number of samples in transaction : 2, number of failing samples : 0",AddContact 1-3,,true,,3239,474,15,30,25,980,0
1537443113307,48,Add_ContactForm,200,OK,AddContact 1-4,text,true,,3239,474,15,30,48,0,0
1537443112330,48,Add_ContactForm,200,"Number of samples in transaction : 2, number of failing samples : 0",AddContact 1-4,,true,,3239,474,15,30,48,977,0
1537443113323,41,Del_MainPage,200,OK,DeleteContact 2-13,text,true,,14199,446,15,30,40,0,1
1537443112338,41,Del_MainPage,200,"Number of samples in transaction : 2, number of failing samples : 0",DeleteContact 2-13,,true,,14199,446,15,30,40,987,1
1537443113399,16,Add_ContactAction,200,OK,AddContact 1-14,text,true,,2477,1295,15,30,16,0,1
1537443110465,16,Add_ContactAction,200,"Number of samples in transaction : 2, number of failing samples : 0",AddContact 1-14,,true,,2477,1295,15,30,16,2934,1
1537443113476,26,Del_ContactFrom,200,OK,DeleteContact 2-10,text,true,,3373,481,15,30,26,0,1
1537443110544,26,Del_ContactFrom,200,"Number of samples in transaction : 2, number of failing samples : 0",DeleteContact 2-10,,true,,3373,481,15,30,26,2932,1
1537443113615,31,Add_MainPage,200,OK,AddContact 1-5,text,true,,14337,446,15,30,30,0,1
1537443112630,31,Add_MainPage,200,"Number of samples in transaction : 2, number of failing samples : 0",AddContact 1-5,,true,,14337,446,15,30,30,986,1
1537443113681,18,Add_ContactAction,200,OK,AddContact 1-1,text,true,,2477,1668,15,30,18,0,1
1537443110750,18,Add_ContactAction,200,"Number of samples in transaction : 2, number of failing samples : 0",AddContact 1-1,,true,,2477,1668,15,30,18,2931,1
1537443115263,24,Add_ContactForm,200,OK,AddContact 1-5,text,true,,3239,474,15,30,24,0,0
1537443113647,24,Add_ContactForm,200,"Number of samples in transaction : 2, number of failing samples : 0",AddContact 1-5,,true,,3239,474,15,30,24,985,0
1537443115586,27,Del_ContactFrom,200,OK,DeleteContact 2-11,text,true,,3421,481,15,30,27,0,1
1537443112029,27,Del_ContactFrom,200,"Number of samples in transaction : 2, number of failing samples : 0",DeleteContact 2-11,,true,,3421,481,15,30,27,2925,1
1537443115571,44,Add_ContactAction,200,OK,AddContact 1-15,text,true,,2477,1337,15,30,44,0,1
1537443112005,44,Add_ContactAction,200,"Number of samples in transaction : 2, number of failing samples : 0",AddContact 1-15,,true,,2477,1337,15,30,44,2934,1
1537443115734,22,Del_Contact,200,OK,DeleteContact 2-7,text,true,,2490,510,15,30,22,0,0
1537443112156,22,Del_Contact,200,"Number of samples in transaction : 2, number of failing samples : 0",DeleteContact 2-7,,true,,2490,510,15,30,22,2946,0
1537443115878,27,Add_ContactAction,200,OK,AddContact 1-2,text,true,,2477,1469,15,30,27,0,1
1537443112317,27,Add_ContactAction,200,"Number of samples in transaction : 2, number of failing samples : 0",AddContact 1-2,,true,,2477,1469,15,30,27,2929,1
1537443115909,28,Add_MainPage,200,OK,AddContact 1-6,text,true,,14881,446,15,30,27,0,1
1537443114924,28,Add_MainPage,200,"Number of samples in transaction : 2, number of failing samples : 0",AddContact 1-6,,true,,14881,446,15,30,27,985,1
1537443116048,32,Add_MainPage,200,OK,AddContact 1-7,text,true,,14881,446,15,30,31,0,0
1537443115062,32,Add_MainPage,200,"Number of samples in transaction : 2, number of failing samples : 0",AddContact 1-7,,true,,14881,446,15,30,31,986,0
1537443116386,25,Del_ContactFrom,200,OK,DeleteContact 2-12,text,true,,3373,481,15,30,25,0,0
1537443112824,25,Del_ContactFrom,200,"Number of samples in transaction : 2, number of failing samples : 0",DeleteContact 2-12,,true,,3373,481,15,30,25,2930,0
1537443116433,49,Del_MainPage,200,OK,DeleteContact 2-1,text,true,,14881,446,15,30,49,0,0
1537443115447,49,Del_MainPage,200,"Number of samples in transaction : 2, number of failing samples : 0",DeleteContact 2-1,,true,,14881,446,15,30,49,991,0
1537443116448,42,Del_Contact,200,OK,DeleteContact 2-8,text,true,,2484,510,15,30,42,0,0
1537443112879,42,Del_Contact,200,"Number of samples in transaction : 2, number of failing samples : 0",DeleteContact 2-8,,true,,2484,510,15,30,42,2937,0
1537443116481,38,Del_MainPage,200,OK,DeleteContact 2-14,text,true,,14718,446,15,30,38,0,0
1537443115494,38,Del_MainPage,200,"Number of samples in transaction : 2, number of failing samples : 0",DeleteContact 2-14,,true,,14718,446,15,30,38,990,0
1537443116478,45,Del_Contact,200,OK,DeleteContact 2-9,text,true,,2484,510,15,30,45,0,1
1537443112910,45,Del_Contact,200,"Number of samples in transaction : 2, number of failing samples : 0",DeleteContact 2-9,,true,,2484,510,15,30,45,2936,1
1537443116587,60,Del_MainPage,200,OK,DeleteContact 2-2,text,true,,14644,446,15,30,59,0,1
1537443115601,60,Del_MainPage,200,"Number of samples in transaction : 2, number of failing samples : 0",DeleteContact 2-2,,true,,14644,446,15,30,59,988,1
1537443116602,59,Add_ContactAction,200,OK,AddContact 1-3,text,true,,2477,1595,15,30,58,0,0
1537443113040,59,Add_ContactAction,200,"Number of samples in transaction : 2, number of failing samples : 0",AddContact 1-3,,true,,2477,1595,15,30,58,2930,0
1537443116617,47,Del_MainPage,200,OK,DeleteContact 2-15,text,true,,14644,446,15,30,46,0,0
1537443115633,47,Del_MainPage,200,"Number of samples in transaction : 2, number of failing samples : 0",DeleteContact 2-15,,true,,14644,446,15,30,46,986,0
1537443116649,43,Del_MainPage,200,OK,DeleteContact 2-3,text,true,,14869,446,15,30,42,0,1
1537443115663,43,Del_MainPage,200,"Number of samples in transaction : 2, number of failing samples : 0",DeleteContact 2-3,,true,,14869,446,15,30,42,988,1
1537443116663,34,Add_MainPage,200,OK,AddContact 1-8,text,true,,14869,446,15,30,33,0,1
1537443115678,34,Add_MainPage,200,"Number of samples in transaction : 2, number of failing samples : 0",AddContact 1-8,,true,,14869,446,15,30,33,985,1
1537443116910,50,Add_ContactForm,200,OK,AddContact 1-6,text,true,,3239,474,15,30,50,0,0
1537443115937,50,Add_ContactForm,200,"Number of samples in transaction : 2, number of failing samples : 0",AddContact 1-6,,true,,3239,474,15,30,50,973,0
1537443116925,38,Del_ContactFrom,200,OK,DeleteContact 2-13,text,true,,3388,481,15,30,38,0,1
1537443113366,38,Del_ContactFrom,200,"Number of samples in transaction : 2, number of failing samples : 0",DeleteContact 2-13,,true,,3388,481,15,30,38,2928,1
1537443116929,38,Add_ContactAction,200,OK,AddContact 1-4,text,true,,2477,1577,15,30,38,0,0
1537443113355,38,Add_ContactAction,200,"Number of samples in transaction : 2, number of failing samples : 0",AddContact 1-4,,true,,2477,1577,15,30,38,2943,0
1537443117065,40,Add_ContactForm,200,OK,AddContact 1-7,text,true,,3239,474,15,30,40,0,0
1537443116080,40,Add_ContactForm,200,"Number of samples in transaction : 2, number of failing samples : 0",AddContact 1-7,,true,,3239,474,15,30,40,985,0
1537443117064,46,Del_Contact,200,OK,DeleteContact 2-10,text,true,,2484,510,15,30,46,0,0
1537443113502,46,Del_Contact,200,"Number of samples in transaction : 2, number of failing samples : 0",DeleteContact 2-10,,true,,2484,510,15,30,46,2931,0
1537443117325,30,Add_MainPage,200,OK,AddContact 1-9,text,true,,14859,446,15,30,29,0,1
1537443116341,30,Add_MainPage,200,"Number of samples in transaction : 2, number of failing samples : 0",AddContact 1-9,,true,,14859,446,15,30,29,984,1
1537443117680,34,Add_ContactForm,200,OK,AddContact 1-8,text,true,,3239,474,15,30,34,0,0
1537443116697,34,Add_ContactForm,200,"Number of samples in transaction : 2, number of failing samples : 0",AddContact 1-8,,true,,3239,474,15,30,34,983,0
1537443117697,26,Del_MainPage,200,OK,DeleteContact 2-4,text,true,,14859,446,15,30,25,0,1
1537443116709,26,Del_MainPage,200,"Number of samples in transaction : 2, number of failing samples : 0",DeleteContact 2-4,,true,,14859,446,15,30,25,990,1
1537443118217,74,Add_ContactAction,200,OK,AddContact 1-5,text,true,,2477,1115,15,30,73,0,1
1537443115288,74,Add_ContactAction,200,"Number of samples in transaction : 2, number of failing samples : 0",AddContact 1-5,,true,,2477,1115,15,30,73,2937,1
1537443118248,65,Add_MainPage,200,OK,AddContact 1-10,text,true,,14986,446,15,30,64,0,1
1537443117266,65,Add_MainPage,200,"Number of samples in transaction : 2, number of failing samples : 0",AddContact 1-10,,true,,14986,446,15,30,64,982,1
1537443118325,13,Add_ContactForm,200,OK,AddContact 1-9,text,true,,3239,474,15,30,13,0,0
1537443117355,13,Add_ContactForm,200,"Number of samples in transaction : 2, number of failing samples : 0",AddContact 1-9,,true,,3239,474,15,30,13,972,0
1537443118525,26,Del_Contact,200,OK,DeleteContact 2-11,text,true,,2484,510,15,30,26,0,1
1537443115613,26,Del_Contact,200,"Number of samples in transaction : 2, number of failing samples : 0",DeleteContact 2-11,,true,,2484,510,15,30,26,2913,1
1537443118663,34,Del_MainPage,200,OK,DeleteContact 2-5,text,true,,14754,446,15,30,33,0,1
1537443117694,34,Del_MainPage,200,"Number of samples in transaction : 2, number of failing samples : 0",DeleteContact 2-5,,true,,14754,446,15,30,33,972,1
1537443118926,37,Add_MainPage,200,OK,AddContact 1-11,text,true,,14754,446,15,30,35,0,0
1537443117956,37,Add_MainPage,200,"Number of samples in transaction : 2, number of failing samples : 0",AddContact 1-11,,true,,14754,446,15,30,35,970,0
1537443119280,28,Add_ContactForm,200,OK,AddContact 1-10,text,true,,3239,474,15,30,28,0,0
1537443118313,28,Add_ContactForm,200,"Number of samples in transaction : 2, number of failing samples : 0",AddContact 1-10,,true,,3239,474,15,30,28,968,0
1537443119328,26,Del_Contact,200,OK,DeleteContact 2-12,text,true,,2483,510,15,30,26,0,0
1537443116411,26,Del_Contact,200,"Number of samples in transaction : 2, number of failing samples : 0",DeleteContact 2-12,,true,,2483,510,15,30,26,2917,0
1537443119403,13,Del_ContactFrom,200,OK,DeleteContact 2-1,text,true,,3351,481,15,30,13,0,0
1537443116487,13,Del_ContactFrom,200,"Number of samples in transaction : 2, number of failing samples : 0",DeleteContact 2-1,,true,,3351,481,15,30,13,2916,0
1537443119417,29,Del_MainPage,200,OK,DeleteContact 2-6,text,true,,14553,446,15,30,28,0,1
1537443118433,29,Del_MainPage,200,"Number of samples in transaction : 2, number of failing samples : 0",DeleteContact 2-6,,true,,14553,446,15,30,28,986,1
1537443119434,19,Del_ContactFrom,200,OK,DeleteContact 2-14,text,true,,3323,481,15,30,18,0,0
1537443116522,19,Del_ContactFrom,200,"Number of samples in transaction : 2, number of failing samples : 0",DeleteContact 2-14,,true,,3323,481,15,30,18,2912,0
1537443119572,47,Del_ContactFrom,200,OK,DeleteContact 2-2,text,true,,3337,481,15,30,47,0,1
1537443116649,47,Del_ContactFrom,200,"Number of samples in transaction : 2, number of failing samples : 0",DeleteContact 2-2,,true,,3337,481,15,30,47,2924,1
1537443119587,45,Del_ContactFrom,200,OK,DeleteContact 2-15,text,true,,3323,481,15,30,45,0,1
1537443116666,45,Del_ContactFrom,200,"Number of samples in transaction : 2, number of failing samples : 0",DeleteContact 2-15,,true,,3323,481,15,30,45,2921,1
1537443119620,16,Del_ContactFrom,200,OK,DeleteContact 2-3,text,true,,3336,481,15,30,16,0,1
1537443116694,16,Del_ContactFrom,200,"Number of samples in transaction : 2, number of failing samples : 0",DeleteContact 2-3,,true,,3336,481,15,30,16,2927,1
1537443121054,42,Add_ContactAction,200,OK,AddContact 1-6,text,true,,2477,1133,15,30,42,0,1
1537443116960,42,Add_ContactAction,200,"Number of samples in transaction : 2, number of failing samples : 0",AddContact 1-6,,true,,2477,1133,15,30,42,2921,1
1537443121055,45,Del_Contact,200,OK,DeleteContact 2-13,text,true,,2484,510,15,30,45,0,1
1537443116964,45,Del_Contact,200,"Number of samples in transaction : 2, number of failing samples : 0",DeleteContact 2-13,,true,,2484,510,15,30,45,2917,1
1537443121115,13,Add_ContactForm,200,OK,AddContact 1-11,text,true,,3239,474,15,30,13,0,0
1537443118963,13,Add_ContactForm,200,"Number of samples in transaction : 2, number of failing samples : 0",AddContact 1-11,,true,,3239,474,15,30,13,978,0
1537443121193,28,Add_ContactAction,200,OK,AddContact 1-7,text,true,,2477,1319,15,30,28,0,0
1537443117105,28,Add_ContactAction,200,"Number of samples in transaction : 2, number of failing samples : 0",AddContact 1-7,,true,,2477,1319,15,30,28,2914,0
1537443121794,31,Add_MainPage,200,OK,AddContact 1-12,text,true,,14618,446,15,30,30,0,1
1537443119618,31,Add_MainPage,200,"Number of samples in transaction : 2, number of failing samples : 0",AddContact 1-12,,true,,14618,446,15,30,30,1002,1
1537443121826,16,Del_ContactFrom,200,OK,DeleteContact 2-4,text,true,,3327,481,15,30,16,0,0
1537443117725,16,Del_ContactFrom,200,"Number of samples in transaction : 2, number of failing samples : 0",DeleteContact 2-4,,true,,3327,481,15,30,16,2927,0
1537443121807,59,Add_ContactAction,200,OK,AddContact 1-8,text,true,,2477,1163,15,30,59,0,0
1537443117714,59,Add_ContactAction,200,"Number of samples in transaction : 2, number of failing samples : 0",AddContact 1-8,,true,,2477,1163,15,30,59,2919,0
1537443121854,22,Add_MainPage,200,OK,AddContact 1-13,text,true,,14782,446,15,30,21,0,1
1537443119695,22,Add_MainPage,200,"Number of samples in transaction : 2, number of failing samples : 0",AddContact 1-13,,true,,14782,446,15,30,21,986,1
1537443122439,27,Add_ContactAction,200,OK,AddContact 1-9,text,true,,2477,1439,15,30,27,0,0
1537443118340,27,Add_ContactAction,200,"Number of samples in transaction : 2, number of failing samples : 0",AddContact 1-9,,true,,2477,1439,15,30,27,2925,0
1537443122808,38,Add_ContactForm,200,OK,AddContact 1-12,text,true,,3239,474,15,30,38,0,0
1537443121825,38,Add_ContactForm,200,"Number of samples in transaction : 2, number of failing samples : 0",AddContact 1-12,,true,,3239,474,15,30,38,984,0
1537443122793,57,Del_ContactFrom,200,OK,DeleteContact 2-5,text,true,,3327,481,15,30,57,0,0
1537443118700,57,Del_ContactFrom,200,"Number of samples in transaction : 2, number of failing samples : 0",DeleteContact 2-5,,true,,3327,481,15,30,57,2920,0
1537443122794,73,Del_MainPage,200,OK,DeleteContact 2-7,text,true,,14957,446,15,30,73,0,0
1537443121808,73,Del_MainPage,200,"Number of samples in transaction : 2, number of failing samples : 0",DeleteContact 2-7,,true,,14957,446,15,30,73,993,0
1537443122855,23,Add_ContactForm,200,OK,AddContact 1-13,text,true,,3239,474,15,30,23,0,0
1537443121877,23,Add_ContactForm,200,"Number of samples in transaction : 2, number of failing samples : 0",AddContact 1-13,,true,,3239,474,15,30,23,978,0
1537443123038,37,Add_MainPage,200,OK,AddContact 1-14,text,true,,14957,446,15,30,36,0,1
1537443122054,37,Add_MainPage,200,"Number of samples in transaction : 2, number of failing samples : 0",AddContact 1-14,,true,,14957,446,15,30,36,984,1
1537443123316,31,Add_MainPage,200,OK,AddContact 1-1,text,true,,14957,446,15,30,30,0,1
1537443122331,31,Add_MainPage,200,"Number of samples in transaction : 2, number of failing samples : 0",AddContact 1-1,,true,,14957,446,15,30,30,985,1
1537443123408,28,Add_ContactAction,200,OK,AddContact 1-10,text,true,,2477,1241,15,30,28,0,1
1537443119309,28,Add_ContactAction,200,"Number of samples in transaction : 2, number of failing samples : 0",AddContact 1-10,,true,,2477,1241,15,30,28,2925,1
1537443123547,50,Del_ContactFrom,200,OK,DeleteContact 2-6,text,true,,3376,481,15,30,50,0,0
1537443119448,50,Del_ContactFrom,200,"Number of samples in transaction : 2, number of failing samples : 0",DeleteContact 2-6,,true,,3376,481,15,30,50,2926,0
1537443123515,86,Del_MainPage,200,OK,DeleteContact 2-8,text,true,,15093,446,15,30,85,0,1
1537443122530,86,Del_MainPage,200,"Number of samples in transaction : 2, number of failing samples : 0",DeleteContact 2-8,,true,,15093,446,15,30,85,987,1
1537443123546,60,Del_MainPage,200,OK,DeleteContact 2-9,text,true,,15093,446,15,30,59,0,1
1537443122562,60,Del_MainPage,200,"Number of samples in transaction : 2, number of failing samples : 0",DeleteContact 2-9,,true,,15093,446,15,30,59,986,1
1537443123516,96,Del_Contact,200,OK,DeleteContact 2-1,text,true,,2484,510,15,30,96,0,1
1537443119416,96,Del_Contact,200,"Number of samples in transaction : 2, number of failing samples : 0",DeleteContact 2-1,,true,,2484,510,15,30,96,2927,1
1537443123567,49,Del_Contact,200,OK,DeleteContact 2-14,text,true,,2484,510,15,30,49,0,1
1537443119453,49,Del_Contact,200,"Number of samples in transaction : 2, number of failing samples : 0",DeleteContact 2-14,,true,,2484,510,15,30,49,2940,1
1537443123732,54,Del_Contact,200,OK,DeleteContact 2-15,text,true,,2490,510,15,30,54,0,1
1537443119632,54,Del_Contact,200,"Number of samples in transaction : 2, number of failing samples : 0",DeleteContact 2-15,,true,,2490,510,15,30,54,2926,1
1537443123731,118,Del_Contact,200,OK,DeleteContact 2-2,text,true,,2484,510,15,30,118,0,1
1537443119620,118,Del_Contact,200,"Number of samples in transaction : 2, number of failing samples : 0",DeleteContact 2-2,,true,,2484,510,15,30,118,2938,1
1537443123765,156,Del_Contact,200,OK,DeleteContact 2-3,text,true,,2484,510,15,30,156,0,0
1537443119637,156,Del_Contact,200,"Number of samples in transaction : 2, number of failing samples : 0",DeleteContact 2-3,,true,,2484,510,15,30,156,3019,0
1537443124054,36,Add_ContactForm,200,OK,AddContact 1-14,text,true,,3239,474,15,30,36,0,0
1537443123075,36,Add_ContactForm,200,"Number of samples in transaction : 2, number of failing samples : 0",AddContact 1-14,,true,,3239,474,15,30,36,979,0
1537443124055,40,Add_ContactAction,200,OK,AddContact 1-11,text,true,,2477,1373,15,30,40,0,0
1537443121128,40,Add_ContactAction,200,"Number of samples in transaction : 2, number of failing samples : 0",AddContact 1-11,,true,,2477,1373,15,30,40,2927,0
1537443124132,33,Del_MainPage,200,OK,DeleteContact 2-10,text,true,,14585,446,15,30,32,0,0
1537443123147,33,Del_MainPage,200,"Number of samples in transaction : 2, number of failing samples : 0",DeleteContact 2-10,,true,,14585,446,15,30,32,987,0
1537443124332,24,Add_ContactForm,200,OK,AddContact 1-1,text,true,,3239,474,15,30,24,0,0
1537443123347,24,Add_ContactForm,200,"Number of samples in transaction : 2, number of failing samples : 0",AddContact 1-1,,true,,3239,474,15,30,24,985,0
1537443124593,40,Add_MainPage,200,OK,AddContact 1-15,text,true,,14585,446,15,30,38,0,0
1537443123609,40,Add_MainPage,200,"Number of samples in transaction : 2, number of failing samples : 0",AddContact 1-15,,true,,14585,446,15,30,38,985,0
1537443124793,25,Del_Contact,200,OK,DeleteContact 2-4,text,true,,2484,510,15,30,25,0,1
1537443121842,25,Del_Contact,200,"Number of samples in transaction : 2, number of failing samples : 0",DeleteContact 2-4,,true,,2484,510,15,30,25,2951,1
1537443124886,28,Add_MainPage,200,OK,AddContact 1-2,text,true,,14448,446,15,30,27,0,1
1537443123901,28,Add_MainPage,200,"Number of samples in transaction : 2, number of failing samples : 0",AddContact 1-2,,true,,14448,446,15,30,27,985,1
1537443125608,22,Add_ContactForm,200,OK,AddContact 1-15,text,true,,3239,474,15,30,22,0,0
1537443124634,22,Add_ContactForm,200,"Number of samples in transaction : 2, number of failing samples : 0",AddContact 1-15,,true,,3239,474,15,30,22,974,0
1537443125593,48,Del_MainPage,200,OK,DeleteContact 2-11,text,true,,14448,446,15,30,47,0,1
1537443124608,48,Del_MainPage,200,"Number of samples in transaction : 2, number of failing samples : 0",DeleteContact 2-11,,true,,14448,446,15,30,47,987,1
1537443125639,65,Add_MainPage,200,OK,AddContact 1-3,text,true,,14448,446,15,30,22,0,0
1537443124655,65,Add_MainPage,200,"Number of samples in transaction : 2, number of failing samples : 0",AddContact 1-3,,true,,14448,446,15,30,22,985,0
1537443125779,65,Del_Contact,200,OK,DeleteContact 2-5,text,true,,2490,510,15,30,65,0,1
1537443122851,65,Del_Contact,200,"Number of samples in transaction : 2, number of failing samples : 0",DeleteContact 2-5,,true,,2490,510,15,30,65,2928,1
1537443125814,35,Del_ContactFrom,200,OK,DeleteContact 2-7,text,true,,3371,481,15,30,35,0,1
1537443122874,35,Del_ContactFrom,200,"Number of samples in transaction : 2, number of failing samples : 0",DeleteContact 2-7,,true,,3371,481,15,30,35,2941,1
1537443125778,73,Add_ContactAction,200,OK,AddContact 1-12,text,true,,2477,1145,15,30,73,0,1
1537443122847,73,Add_ContactAction,200,"Number of samples in transaction : 2, number of failing samples : 0",AddContact 1-12,,true,,2477,1145,15,30,73,2932,1
1537443125815,40,Add_ContactAction,200,OK,AddContact 1-13,text,true,,2477,1229,15,30,40,0,1
1537443122878,40,Add_ContactAction,200,"Number of samples in transaction : 2, number of failing samples : 0",AddContact 1-13,,true,,2477,1229,15,30,40,2937,1
1537443127079,13,Add_ContactForm,200,OK,AddContact 1-2,text,true,,3239,474,15,30,13,0,0
1537443124914,13,Add_ContactForm,200,"Number of samples in transaction : 2, number of failing samples : 0",AddContact 1-2,,true,,3239,474,15,30,13,972,0
1537443127140,46,Add_MainPage,200,OK,AddContact 1-4,text,true,,14700,446,15,30,45,0,1
1537443124962,46,Add_MainPage,200,"Number of samples in transaction : 2, number of failing samples : 0",AddContact 1-4,,true,,14700,446,15,30,45,985,1
1537443127601,38,Del_MainPage,200,OK,DeleteContact 2-12,text,true,,14700,446,15,30,37,0,1
1537443125409,38,Del_MainPage,200,"Number of samples in transaction : 2, number of failing samples : 0",DeleteContact 2-12,,true,,14700,446,15,30,37,1001,1
1537443127725,48,Del_ContactFrom,200,OK,DeleteContact 2-8,text,true,,3174,481,15,30,48,0,1
1537443123603,48,Del_ContactFrom,200,"Number of samples in transaction : 2, number of failing samples : 0",DeleteContact 2-8,,true,,3174,481,15,30,48,2929,1
1537443127739,36,Del_ContactFrom,200,OK,DeleteContact 2-9,text,true,,3402,481,15,30,36,0,1
1537443123608,36,Del_ContactFrom,200,"Number of samples in transaction : 2, number of failing samples : 0",DeleteContact 2-9,,true,,3402,481,15,30,36,2938,1
1537443127727,52,Del_Contact,200,OK,DeleteContact 2-6,text,true,,2484,510,15,30,52,0,0
1537443123598,52,Del_Contact,200,"Number of samples in transaction : 2, number of failing samples : 0",DeleteContact 2-6,,true,,2484,510,15,30,52,2936,0
1537443127879,23,Add_ContactForm,200,OK,AddContact 1-3,text,true,,3239,474,15,30,23,0,0
1537443125705,23,Add_ContactForm,200,"Number of samples in transaction : 2, number of failing samples : 0",AddContact 1-3,,true,,3239,474,15,30,23,981,0
1537443128172,34,Add_ContactForm,200,OK,AddContact 1-4,text,true,,3239,474,15,30,34,0,0
1537443127186,34,Add_ContactForm,200,"Number of samples in transaction : 2, number of failing samples : 0",AddContact 1-4,,true,,3239,474,15,30,34,986,0
1537443128170,44,Del_MainPage,200,OK,DeleteContact 2-13,text,true,,14416,446,15,30,43,0,1
1537443127186,44,Del_MainPage,200,"Number of samples in transaction : 2, number of failing samples : 0",DeleteContact 2-13,,true,,14416,446,15,30,43,1035,1
1537443128263,22,Add_ContactAction,200,OK,AddContact 1-14,text,true,,2477,1547,15,30,22,0,1
1537443124090,22,Add_ContactAction,200,"Number of samples in transaction : 2, number of failing samples : 0",AddContact 1-14,,true,,2477,1547,15,30,22,2980,1
1537443128295,13,Del_ContactFrom,200,OK,DeleteContact 2-10,text,true,,3370,481,15,30,13,0,0
1537443124167,13,Del_ContactFrom,200,"Number of samples in transaction : 2, number of failing samples : 0",DeleteContact 2-10,,true,,3370,481,15,30,13,2935,0
1537443128479,49,Add_ContactAction,200,OK,AddContact 1-1,text,true,,2477,1391,15,30,49,0,1
1537443124356,49,Add_ContactAction,200,"Number of samples in transaction : 2, number of failing samples : 0",AddContact 1-1,,true,,2477,1391,15,30,49,2930,1
1537443128480,51,Add_MainPage,200,OK,AddContact 1-5,text,true,,14695,446,15,30,50,0,1
1537443127494,51,Add_MainPage,200,"Number of samples in transaction : 2, number of failing samples : 0",AddContact 1-5,,true,,14695,446,15,30,50,986,1
1537443129510,24,Add_ContactForm,200,OK,AddContact 1-5,text,true,,3239,474,15,30,24,0,0
1537443128531,24,Add_ContactForm,200,"Number of samples in transaction : 2, number of failing samples : 0",AddContact 1-5,,true,,3239,474,15,30,24,979,0
1537443129782,40,Del_ContactFrom,200,OK,DeleteContact 2-11,text,true,,3329,481,15,30,39,0,0
1537443125643,40,Del_ContactFrom,200,"Number of samples in transaction : 2, number of failing samples : 0",DeleteContact 2-11,,true,,3329,481,15,30,39,2946,0
1537443129772,53,Add_ContactAction,200,OK,AddContact 1-15,text,true,,2477,1644,15,30,53,0,0
1537443125630,53,Add_ContactAction,200,"Number of samples in transaction : 2, number of failing samples : 0",AddContact 1-15,,true,,2477,1644,15,30,53,2950,0
1537443129987,23,Del_Contact,200,OK,DeleteContact 2-7,text,true,,2483,510,15,30,23,0,1
1537443125850,23,Del_Contact,200,"Number of samples in transaction : 2, number of failing samples : 0",DeleteContact 2-7,,true,,2483,510,15,30,23,2945,1
1537443130034,22,Add_ContactAction,200,OK,AddContact 1-2,text,true,,2477,1493,15,30,22,0,0
1537443127092,22,Add_ContactAction,200,"Number of samples in transaction : 2, number of failing samples : 0",AddContact 1-2,,true,,2477,1493,15,30,22,2942,0
1537443130126,38,Add_MainPage,200,OK,AddContact 1-6,text,true,,14992,446,15,30,37,0,0
1537443129141,38,Add_MainPage,200,"Number of samples in transaction : 2, number of failing samples : 0",AddContact 1-6,,true,,14992,446,15,30,37,986,0
1537443130248,38,Add_MainPage,200,OK,AddContact 1-7,text,true,,14992,446,15,30,36,0,1
1537443129264,38,Add_MainPage,200,"Number of samples in transaction : 2, number of failing samples : 0",AddContact 1-7,,true,,14992,446,15,30,36,984,1
1537443130587,13,Del_ContactFrom,200,OK,DeleteContact 2-12,text,true,,3329,481,15,30,13,0,1
1537443127641,13,Del_ContactFrom,200,"Number of samples in transaction : 2, number of failing samples : 0",DeleteContact 2-12,,true,,3329,481,15,30,13,2947,1
1537443130718,29,Del_Contact,200,OK,DeleteContact 2-8,text,true,,2490,510,15,30,29,0,0
1537443127773,29,Del_Contact,200,"Number of samples in transaction : 2, number of failing samples : 0",DeleteContact 2-8,,true,,2490,510,15,30,29,2945,0
1537443130690,70,Del_MainPage,200,OK,DeleteContact 2-14,text,true,,14992,446,15,30,70,0,1
1537443129709,70,Del_MainPage,200,"Number of samples in transaction : 2, number of failing samples : 0",DeleteContact 2-14,,true,,14992,446,15,30,70,983,1
1537443130691,74,Del_MainPage,200,OK,DeleteContact 2-1,text,true,,14992,446,15,30,74,0,1
1537443129709,74,Del_MainPage,200,"Number of samples in transaction : 2, number of failing samples : 0",DeleteContact 2-1,,true,,14992,446,15,30,74,985,1
1537443130719,53,Del_Contact,200,OK,DeleteContact 2-9,text,true,,2484,510,15,30,53,0,0
1537443127775,53,Del_Contact,200,"Number of samples in transaction : 2, number of failing samples : 0",DeleteContact 2-9,,true,,2484,510,15,30,53,2944,0
1537443130833,28,Add_ContactAction,200,OK,AddContact 1-3,text,true,,2477,1337,15,30,27,0,1
1537443127902,28,Add_ContactAction,200,"Number of samples in transaction : 2, number of failing samples : 0",AddContact 1-3,,true,,2477,1337,15,30,27,2931,1
1537443130865,25,Del_MainPage,200,OK,DeleteContact 2-15,text,true,,14939,446,15,30,24,0,0
1537443129879,25,Del_MainPage,200,"Number of samples in transaction : 2, number of failing samples : 0",DeleteContact 2-15,,true,,14939,446,15,30,24,988,0
1537443130896,19,Add_MainPage,200,OK,AddContact 1-8,text,true,,14939,446,15,30,18,0,0
1537443129910,19,Add_MainPage,200,"Number of samples in transaction : 2, number of failing samples : 0",AddContact 1-8,,true,,14939,446,15,30,18,987,0
1537443130926,19,Del_MainPage,200,OK,DeleteContact 2-2,text,true,,14939,446,15,30,18,0,0
1537443129940,19,Del_MainPage,200,"Number of samples in transaction : 2, number of failing samples : 0",DeleteContact 2-2,,true,,14939,446,15,30,18,988,0
1537443131064,35,Del_MainPage,200,OK,DeleteContact 2-3,text,true,,14939,446,15,30,34,0,1
1537443130079,35,Del_MainPage,200,"Number of samples in transaction : 2, number of failing samples : 0",DeleteContact 2-3,,true,,14939,446,15,30,34,987,1
1537443131142,27,Add_ContactForm,200,OK,AddContact 1-6,text,true,,3239,474,15,30,27,0,0
1537443130165,27,Add_ContactForm,200,"Number of samples in transaction : 2, number of failing samples : 0",AddContact 1-6,,true,,3239,474,15,30,27,977,0
1537443131142,32,Add_ContactAction,200,OK,AddContact 1-4,text,true,,2477,1469,15,30,32,0,1
1537443128206,32,Add_ContactAction,200,"Number of samples in transaction : 2, number of failing samples : 0",AddContact 1-4,,true,,2477,1469,15,30,32,2936,1
1537443131203,24,Del_ContactFrom,200,OK,DeleteContact 2-13,text,true,,3273,481,15,30,24,0,0
1537443128265,24,Del_ContactFrom,200,"Number of samples in transaction : 2, number of failing samples : 0",DeleteContact 2-13,,true,,3273,481,15,30,24,2939,0
1537443131233,17,Del_Contact,200,OK,DeleteContact 2-10,text,true,,2484,510,15,30,17,0,1
1537443128308,17,Del_Contact,200,"Number of samples in transaction : 2, number of failing samples : 0",DeleteContact 2-10,,true,,2484,510,15,30,17,2925,1
1537443131265,13,Add_ContactForm,200,OK,AddContact 1-7,text,true,,3239,474,15,30,13,0,0
1537443130286,13,Add_ContactForm,200,"Number of samples in transaction : 2, number of failing samples : 0",AddContact 1-7,,true,,3239,474,15,30,13,979,0
1537443131556,40,Add_MainPage,200,OK,AddContact 1-9,text,true,,14927,446,15,30,39,0,1
1537443130578,40,Add_MainPage,200,"Number of samples in transaction : 2, number of failing samples : 0",AddContact 1-9,,true,,14927,446,15,30,39,979,1
1537443131895,29,Add_ContactForm,200,OK,AddContact 1-8,text,true,,3239,474,15,30,28,0,0
1537443130916,29,Add_ContactForm,200,"Number of samples in transaction : 2, number of failing samples : 0",AddContact 1-8,,true,,3239,474,15,30,28,979,0
1537443131880,52,Del_MainPage,200,OK,DeleteContact 2-4,text,true,,14927,446,15,30,51,0,1
1537443130896,52,Del_MainPage,200,"Number of samples in transaction : 2, number of failing samples : 0",DeleteContact 2-4,,true,,14927,446,15,30,51,986,1
1537443133078,35,Add_MainPage,200,OK,AddContact 1-10,text,true,,14927,446,15,30,34,0,0
1537443131480,35,Add_MainPage,200,"Number of samples in transaction : 2, number of failing samples : 0",AddContact 1-10,,true,,14927,446,15,30,34,985,0
1537443133078,37,Add_ContactAction,200,OK,AddContact 1-5,text,true,,2477,1163,15,30,37,0,1
1537443129534,37,Add_ContactAction,200,"Number of samples in transaction : 2, number of failing samples : 0",AddContact 1-5,,true,,2477,1163,15,30,37,2931,1
1537443133186,35,Add_ContactForm,200,OK,AddContact 1-9,text,true,,3239,474,15,30,34,0,0
1537443131597,35,Add_ContactForm,200,"Number of samples in transaction : 2, number of failing samples : 0",AddContact 1-9,,true,,3239,474,15,30,34,976,0
1537443133371,27,Del_Contact,200,OK,DeleteContact 2-11,text,true,,2484,510,15,30,27,0,0
1537443129822,27,Del_Contact,200,"Number of samples in transaction : 2, number of failing samples : 0",DeleteContact 2-11,,true,,2484,510,15,30,27,2954,0
1537443133539,32,Del_MainPage,200,OK,DeleteContact 2-5,text,true,,14894,446,15,30,31,0,1
1537443131941,32,Del_MainPage,200,"Number of samples in transaction : 2, number of failing samples : 0",DeleteContact 2-5,,true,,14894,446,15,30,31,987,1
1537443133740,37,Add_MainPage,200,OK,AddContact 1-11,text,true,,14894,446,15,30,32,0,0
1537443132755,37,Add_MainPage,200,"Number of samples in transaction : 2, number of failing samples : 0",AddContact 1-11,,true,,14894,446,15,30,32,986,0
1537443134093,24,Add_ContactForm,200,OK,AddContact 1-10,text,true,,3239,474,15,30,24,0,0
1537443133113,24,Add_ContactForm,200,"Number of samples in transaction : 2, number of failing samples : 0",AddContact 1-10,,true,,3239,474,15,30,24,981,0
1537443134139,15,Del_Contact,200,OK,DeleteContact 2-12,text,true,,2490,510,15,30,15,0,1
1537443130601,15,Del_Contact,200,"Number of samples in transaction : 2, number of failing samples : 0",DeleteContact 2-12,,true,,2490,510,15,30,15,2926,1
1537443134263,40,Del_MainPage,200,OK,DeleteContact 2-6,text,true,,14894,446,15,30,37,0,1
1537443133277,40,Del_MainPage,200,"Number of samples in transaction : 2, number of failing samples : 0",DeleteContact 2-6,,true,,14894,446,15,30,37,989,1
1537443134301,32,Del_ContactFrom,200,OK,DeleteContact 2-14,text,true,,3265,481,15,30,32,0,1
1537443130762,32,Del_ContactFrom,200,"Number of samples in transaction : 2, number of failing samples : 0",DeleteContact 2-14,,true,,3265,481,15,30,32,2926,1
1537443134306,29,Del_ContactFrom,200,OK,DeleteContact 2-1,text,true,,3299,481,15,30,29,0,0
1537443130768,29,Del_ContactFrom,200,"Number of samples in transaction : 2, number of failing samples : 0",DeleteContact 2-1,,true,,3299,481,15,30,29,2925,0
1537443134432,22,Del_ContactFrom,200,OK,DeleteContact 2-15,text,true,,3424,481,15,30,22,0,1
1537443130892,22,Del_ContactFrom,200,"Number of samples in transaction : 2, number of failing samples : 0",DeleteContact 2-15,,true,,3424,481,15,30,22,2928,1
1537443134494,17,Del_ContactFrom,200,OK,DeleteContact 2-2,text,true,,3274,481,15,30,17,0,0
1537443130947,17,Del_ContactFrom,200,"Number of samples in transaction : 2, number of failing samples : 0",DeleteContact 2-2,,true,,3274,481,15,30,17,2935,0
1537443134647,34,Del_ContactFrom,200,OK,DeleteContact 2-3,text,true,,3396,481,15,30,33,0,1
1537443131102,34,Del_ContactFrom,200,"Number of samples in transaction : 2, number of failing samples : 0",DeleteContact 2-3,,true,,3396,481,15,30,33,2932,1
1537443134709,20,Add_ContactAction,200,OK,AddContact 1-6,text,true,,2477,1638,15,30,20,0,0
1537443131169,20,Add_ContactAction,200,"Number of samples in transaction : 2, number of failing samples : 0",AddContact 1-6,,true,,2477,1638,15,30,20,2927,0
1537443134755,19,Add_ContactForm,200,OK,AddContact 1-11,text,true,,3239,474,15,30,19,0,0
1537443133778,19,Add_ContactForm,200,"Number of samples in transaction : 2, number of failing samples : 0",AddContact 1-11,,true,,3239,474,15,30,19,978,0
1537443134770,19,Del_Contact,200,OK,DeleteContact 2-13,text,true,,2484,510,15,30,19,0,0
1537443131228,19,Del_Contact,200,"Number of samples in transaction : 2, number of failing samples : 0",DeleteContact 2-13,,true,,2484,510,15,30,19,2929,0
1537443134817,15,Add_ContactAction,200,OK,AddContact 1-7,text,true,,2477,1391,15,30,15,0,0
1537443131278,15,Add_ContactAction,200,"Number of samples in transaction : 2, number of failing samples : 0",AddContact 1-7,,true,,2477,1391,15,30,15,2926,0
1537443135466,47,Del_ContactFrom,200,OK,DeleteContact 2-4,text,true,,3248,481,15,30,47,0,1
1537443131934,47,Del_ContactFrom,200,"Number of samples in transaction : 2, number of failing samples : 0",DeleteContact 2-4,,true,,3248,481,15,30,47,2920,1
1537443135448,77,Add_ContactAction,200,OK,AddContact 1-8,text,true,,2477,1379,15,30,76,0,0
1537443131924,77,Add_ContactAction,200,"Number of samples in transaction : 2, number of failing samples : 0",AddContact 1-8,,true,,2477,1379,15,30,76,2911,0
1537443135479,49,Add_MainPage,200,OK,AddContact 1-12,text,true,,15266,446,15,30,48,0,0
1537443134508,49,Add_MainPage,200,"Number of samples in transaction : 2, number of failing samples : 0",AddContact 1-12,,true,,15266,446,15,30,48,971,0
1537443135493,38,Add_MainPage,200,OK,AddContact 1-13,text,true,,15266,446,15,30,37,0,0
1537443134524,38,Add_MainPage,200,"Number of samples in transaction : 2, number of failing samples : 0",AddContact 1-13,,true,,15266,446,15,30,37,969,0
1537443136156,25,Add_ContactAction,200,OK,AddContact 1-9,text,true,,2477,1313,15,30,25,0,1
1537443133221,25,Add_ContactAction,200,"Number of samples in transaction : 2, number of failing samples : 0",AddContact 1-9,,true,,2477,1313,15,30,25,2935,1
1537443136479,67,Del_MainPage,200,OK,DeleteContact 2-7,text,true,,15580,446,15,30,67,0,1
1537443135494,67,Del_MainPage,200,"Number of samples in transaction : 2, number of failing samples : 0",DeleteContact 2-7,,true,,15580,446,15,30,67,987,1
1537443136509,46,Add_ContactForm,200,OK,AddContact 1-12,text,true,,3239,474,15,30,46,0,0
1537443135528,46,Add_ContactForm,200,"Number of samples in transaction : 2, number of failing samples : 0",AddContact 1-12,,true,,3239,474,15,30,46,982,0
1537443136513,44,Add_ContactForm,200,OK,AddContact 1-13,text,true,,3239,474,15,30,44,0,0
1537443135531,44,Add_ContactForm,200,"Number of samples in transaction : 2, number of failing samples : 0",AddContact 1-13,,true,,3239,474,15,30,44,983,0
1537443136510,50,Del_ContactFrom,200,OK,DeleteContact 2-5,text,true,,3403,481,15,30,50,0,0
1537443133573,50,Del_ContactFrom,200,"Number of samples in transaction : 2, number of failing samples : 0",DeleteContact 2-5,,true,,3403,481,15,30,50,2938,0
1537443136726,36,Add_MainPage,200,OK,AddContact 1-14,text,true,,15580,446,15,30,35,0,0
1537443135740,36,Add_MainPage,200,"Number of samples in transaction : 2, number of failing samples : 0",AddContact 1-14,,true,,15580,446,15,30,35,986,0
1537443136971,38,Add_MainPage,200,OK,AddContact 1-1,text,true,,15580,446,15,30,36,0,1
1537443135986,38,Add_MainPage,200,"Number of samples in transaction : 2, number of failing samples : 0",AddContact 1-1,,true,,15580,446,15,30,36,986,1
1537443137048,27,Add_ContactAction,200,OK,AddContact 1-10,text,true,,2477,1139,15,30,27,0,1
1537443134118,27,Add_ContactAction,200,"Number of samples in transaction : 2, number of failing samples : 0",AddContact 1-10,,true,,2477,1139,15,30,27,2930,1
1537443137248,54,Del_ContactFrom,200,OK,DeleteContact 2-6,text,true,,3329,481,15,30,54,0,1
1537443134306,54,Del_ContactFrom,200,"Number of samples in transaction : 2, number of failing samples : 0",DeleteContact 2-6,,true,,3329,481,15,30,54,2943,1
1537443137233,73,Del_MainPage,200,OK,DeleteContact 2-8,text,true,,15661,446,15,30,72,0,0
1537443136248,73,Del_MainPage,200,"Number of samples in transaction : 2, number of failing samples : 0",DeleteContact 2-8,,true,,15661,446,15,30,72,987,0
1537443137263,59,Del_MainPage,200,OK,DeleteContact 2-9,text,true,,15661,446,15,30,58,0,1
1537443136273,59,Del_MainPage,200,"Number of samples in transaction : 2, number of failing samples : 0",DeleteContact 2-9,,true,,15661,446,15,30,58,993,1
1537443137283,126,Del_Contact,200,OK,DeleteContact 2-1,text,true,,2484,510,15,30,126,0,0
1537443134335,126,Del_Contact,200,"Number of samples in transaction : 2, number of failing samples : 0",DeleteContact 2-1,,true,,2484,510,15,30,126,2949,0
1537443137284,130,Del_Contact,200,OK,DeleteContact 2-14,text,true,,2483,510,15,30,130,0,0
1537443134333,130,Del_Contact,200,"Number of samples in transaction : 2, number of failing samples : 0",DeleteContact 2-14,,true,,2483,510,15,30,130,2951,0
1537443137387,35,Del_Contact,200,OK,DeleteContact 2-15,text,true,,2484,510,15,30,35,0,1
1537443134455,35,Del_Contact,200,"Number of samples in transaction : 2, number of failing samples : 0",DeleteContact 2-15,,true,,2484,510,15,30,35,2932,1
1537443137448,30,Del_Contact,200,OK,DeleteContact 2-2,text,true,,2484,510,15,30,30,0,1
1537443134512,30,Del_Contact,200,"Number of samples in transaction : 2, number of failing samples : 0",DeleteContact 2-2,,true,,2484,510,15,30,30,2936,1
1537443138199,32,Del_Contact,200,OK,DeleteContact 2-3,text,true,,2484,510,15,30,32,0,1
1537443134681,32,Del_Contact,200,"Number of samples in transaction : 2, number of failing samples : 0",DeleteContact 2-3,,true,,2484,510,15,30,32,2936,1
1537443138292,27,Add_ContactAction,200,OK,AddContact 1-11,text,true,,2477,1475,15,30,27,0,1
1537443134775,27,Add_ContactAction,200,"Number of samples in transaction : 2, number of failing samples : 0",AddContact 1-11,,true,,2477,1475,15,30,27,2935,1
1537443138323,32,Add_ContactForm,200,OK,AddContact 1-14,text,true,,3239,474,15,30,32,0,0
1537443136762,32,Add_ContactForm,200,"Number of samples in transaction : 2, number of failing samples : 0",AddContact 1-14,,true,,3239,474,15,30,32,979,0
1537443138323,42,Del_MainPage,200,OK,DeleteContact 2-10,text,true,,15068,446,15,30,41,0,1
1537443136759,42,Del_MainPage,200,"Number of samples in transaction : 2, number of failing samples : 0",DeleteContact 2-10,,true,,15068,446,15,30,41,985,1
1537443138568,24,Add_ContactForm,200,OK,AddContact 1-1,text,true,,3239,474,15,30,24,0,0
1537443137010,24,Add_ContactForm,200,"Number of samples in transaction : 2, number of failing samples : 0",AddContact 1-1,,true,,3239,474,15,30,24,977,0
1537443138846,36,Add_MainPage,200,OK,AddContact 1-15,text,true,,15068,446,15,30,35,0,0
1537443137279,36,Add_MainPage,200,"Number of samples in transaction : 2, number of failing samples : 0",AddContact 1-15,,true,,15068,446,15,30,35,986,0
1537443139046,26,Del_Contact,200,OK,DeleteContact 2-4,text,true,,2484,510,15,30,26,0,0
1537443135514,26,Del_Contact,200,"Number of samples in transaction : 2, number of failing samples : 0",DeleteContact 2-4,,true,,2484,510,15,30,26,2951,0
1537443139077,35,Add_MainPage,200,OK,AddContact 1-2,text,true,,14910,446,15,30,34,0,0
1537443138091,35,Add_MainPage,200,"Number of samples in transaction : 2, number of failing samples : 0",AddContact 1-2,,true,,14910,446,15,30,34,986,0
1537443139866,55,Add_ContactForm,200,OK,AddContact 1-15,text,true,,3239,474,15,30,55,0,0
1537443138883,55,Add_ContactForm,200,"Number of samples in transaction : 2, number of failing samples : 0",AddContact 1-15,,true,,3239,474,15,30,55,983,0
1537443139875,54,Del_MainPage,200,OK,DeleteContact 2-11,text,true,,14910,446,15,30,53,0,0
1537443138891,54,Del_MainPage,200,"Number of samples in transaction : 2, number of failing samples : 0",DeleteContact 2-11,,true,,14910,446,15,30,53,986,0
1537443139892,50,Add_MainPage,200,OK,AddContact 1-3,text,true,,14910,446,15,30,49,0,1
1537443138907,50,Add_MainPage,200,"Number of samples in transaction : 2, number of failing samples : 0",AddContact 1-3,,true,,14910,446,15,30,49,986,1
1537443140099,51,Add_ContactForm,200,OK,AddContact 1-2,text,true,,3239,474,15,30,51,0,0
1537443139112,51,Add_ContactForm,200,"Number of samples in transaction : 2, number of failing samples : 0",AddContact 1-2,,true,,3239,474,15,30,51,988,0
1537443140078,75,Del_ContactFrom,200,OK,DeleteContact 2-7,text,true,,3396,481,15,30,75,0,0
1537443136548,75,Del_ContactFrom,200,"Number of samples in transaction : 2, number of failing samples : 0",DeleteContact 2-7,,true,,3396,481,15,30,75,2949,0
1537443140099,63,Add_ContactAction,200,OK,AddContact 1-12,text,true,,2477,1644,15,30,63,0,1
1537443136556,63,Add_ContactAction,200,"Number of samples in transaction : 2, number of failing samples : 0",AddContact 1-12,,true,,2477,1644,15,30,63,2961,1
1537443140106,63,Add_ContactAction,200,OK,AddContact 1-13,text,true,,2477,1313,15,30,63,0,1
1537443136558,63,Add_ContactAction,200,"Number of samples in transaction : 2, number of failing samples : 0",AddContact 1-13,,true,,2477,1313,15,30,63,2966,1
1537443140101,71,Del_Contact,200,OK,DeleteContact 2-5,text,true,,2484,510,15,30,71,0,0
1537443136561,71,Del_Contact,200,"Number of samples in transaction : 2, number of failing samples : 0",DeleteContact 2-5,,true,,2484,510,15,30,71,2958,0
1537443140215,42,Add_MainPage,200,OK,AddContact 1-4,text,true,,15039,446,15,30,40,0,1
1537443139231,42,Add_MainPage,200,"Number of samples in transaction : 2, number of failing samples : 0",AddContact 1-4,,true,,15039,446,15,30,40,984,1
1537443140615,35,Del_MainPage,200,OK,DeleteContact 2-12,text,true,,15039,446,15,30,30,0,1
1537443139630,35,Del_MainPage,200,"Number of samples in transaction : 2, number of failing samples : 0",DeleteContact 2-12,,true,,15039,446,15,30,30,987,1
1537443140831,48,Del_ContactFrom,200,OK,DeleteContact 2-8,text,true,,3346,481,15,30,48,0,3
1537443137308,48,Del_ContactFrom,200,"Number of samples in transaction : 2, number of failing samples : 0",DeleteContact 2-8,,true,,3346,481,15,30,48,2941,3
1537443140846,36,Del_ContactFrom,200,OK,DeleteContact 2-9,text,true,,3402,481,15,30,36,0,1
1537443137325,36,Del_ContactFrom,200,"Number of samples in transaction : 2, number of failing samples : 0",DeleteContact 2-9,,true,,3402,481,15,30,36,2939,1
1537443140832,54,Del_Contact,200,OK,DeleteContact 2-6,text,true,,2484,510,15,30,54,0,2
1537443137303,54,Del_Contact,200,"Number of samples in transaction : 2, number of failing samples : 0",DeleteContact 2-6,,true,,2484,510,15,30,54,2948,2
1537443140924,22,Add_ContactForm,200,OK,AddContact 1-3,text,true,,3239,474,15,30,22,0,0
1537443139943,22,Add_ContactForm,200,"Number of samples in transaction : 2, number of failing samples : 0",AddContact 1-3,,true,,3239,474,15,30,22,981,0
1537443141230,16,Add_ContactForm,200,OK,AddContact 1-4,text,true,,3239,474,15,30,16,0,0
1537443140257,16,Add_ContactForm,200,"Number of samples in transaction : 2, number of failing samples : 0",AddContact 1-4,,true,,3239,474,15,30,16,973,0
1537443141262,21,Del_MainPage,200,OK,DeleteContact 2-13,text,true,,14940,446,15,30,20,0,1
1537443140277,21,Del_MainPage,200,"Number of samples in transaction : 2, number of failing samples : 0",DeleteContact 2-13,,true,,14940,446,15,30,20,987,1
1537443141309,50,Del_ContactFrom,200,OK,DeleteContact 2-10,text,true,,3355,481,15,30,50,0,14
1537443138368,50,Del_ContactFrom,200,"Number of samples in transaction : 2, number of failing samples : 0",DeleteContact 2-10,,true,,3355,481,15,30,50,2941,14
1537443141307,57,Add_ContactAction,200,OK,AddContact 1-14,text,true,,2477,1307,15,30,57,0,1
1537443138355,57,Add_ContactAction,200,"Number of samples in transaction : 2, number of failing samples : 0",AddContact 1-14,,true,,2477,1307,15,30,57,2952,1
1537443141592,50,Add_ContactAction,200,OK,AddContact 1-1,text,true,,2477,1295,15,30,50,0,0
1537443138593,50,Add_ContactAction,200,"Number of samples in transaction : 2, number of failing samples : 0",AddContact 1-1,,true,,2477,1295,15,30,50,3000,0
1537443141593,54,Add_MainPage,200,OK,AddContact 1-5,text,true,,15083,446,15,30,53,0,1
1537443140555,54,Add_MainPage,200,"Number of samples in transaction : 2, number of failing samples : 0",AddContact 1-5,,true,,15083,446,15,30,53,1038,1
1537443142616,24,Add_ContactForm,200,OK,AddContact 1-5,text,true,,3239,474,15,30,24,0,0
1537443141647,24,Add_ContactForm,200,"Number of samples in transaction : 2, number of failing samples : 0",AddContact 1-5,,true,,3239,474,15,30,24,969,0
1537443142859,45,Del_ContactFrom,200,OK,DeleteContact 2-11,text,true,,3263,481,15,30,45,0,1
1537443139931,45,Del_ContactFrom,200,"Number of samples in transaction : 2, number of failing samples : 0",DeleteContact 2-11,,true,,3263,481,15,30,45,2928,1
1537443142847,60,Add_ContactAction,200,OK,AddContact 1-15,text,true,,2477,1133,15,30,60,0,1
1537443139921,60,Add_ContactAction,200,"Number of samples in transaction : 2, number of failing samples : 0",AddContact 1-15,,true,,2477,1133,15,30,60,2927,1
1537443143138,44,Add_ContactAction,200,OK,AddContact 1-2,text,true,,2477,1481,15,30,44,0,1
1537443140151,44,Add_ContactAction,200,"Number of samples in transaction : 2, number of failing samples : 0",AddContact 1-2,,true,,2477,1481,15,30,44,2926,1
1537443143157,29,Del_Contact,200,OK,DeleteContact 2-7,text,true,,2484,510,15,30,29,0,0
1537443140154,29,Del_Contact,200,"Number of samples in transaction : 2, number of failing samples : 0",DeleteContact 2-7,,true,,2484,510,15,30,29,2942,0
1537443143262,245,Add_MainPage,200,OK,AddContact 1-6,text,true,,15249,446,15,30,244,0,0
1537443142170,245,Add_MainPage,200,"Number of samples in transaction : 2, number of failing samples : 0",AddContact 1-6,,true,,15249,446,15,30,244,1031,0
1537443143371,151,Add_MainPage,200,OK,AddContact 1-7,text,true,,15249,446,15,30,150,0,1
1537443142277,151,Add_MainPage,200,"Number of samples in transaction : 2, number of failing samples : 0",AddContact 1-7,,true,,15249,446,15,30,150,1033,1
1537443143647,34,Del_ContactFrom,200,OK,DeleteContact 2-12,text,true,,3175,481,15,30,34,0,1
1537443140652,34,Del_ContactFrom,200,"Number of samples in transaction : 2, number of failing samples : 0",DeleteContact 2-12,,true,,3175,481,15,30,34,2934,1
1537443143877,90,Del_Contact,200,OK,DeleteContact 2-8,text,true,,2484,510,15,30,89,0,1
1537443140879,90,Del_Contact,200,"Number of samples in transaction : 2, number of failing samples : 0",DeleteContact 2-8,,true,,2484,510,15,30,89,2937,1
1537443143878,101,Del_Contact,200,OK,DeleteContact 2-9,text,true,,2484,510,15,30,101,0,1
1537443140882,101,Del_Contact,200,"Number of samples in transaction : 2, number of failing samples : 0",DeleteContact 2-9,,true,,2484,510,15,30,101,2935,1
1537443143933,58,Add_ContactAction,200,OK,AddContact 1-3,text,true,,2477,1692,15,30,58,0,0
1537443140946,58,Add_ContactAction,200,"Number of samples in transaction : 2, number of failing samples : 0",AddContact 1-3,,true,,2477,1692,15,30,58,2926,0
1537443143934,60,Del_MainPage,200,OK,DeleteContact 2-14,text,true,,15132,446,15,30,60,0,0
1537443142890,60,Del_MainPage,200,"Number of samples in transaction : 2, number of failing samples : 0",DeleteContact 2-14,,true,,15132,446,15,30,60,994,0
1537443143934,124,Del_MainPage,200,OK,DeleteContact 2-1,text,true,,15132,446,15,30,124,0,1
1537443142890,124,Del_MainPage,200,"Number of samples in transaction : 2, number of failing samples : 0",DeleteContact 2-1,,true,,15132,446,15,30,124,985,1
1537443143939,125,Del_MainPage,200,OK,DeleteContact 2-15,text,true,,15132,446,15,30,124,0,0
1537443142895,125,Del_MainPage,200,"Number of samples in transaction : 2, number of failing samples : 0",DeleteContact 2-15,,true,,15132,446,15,30,124,985,0
1537443144005,64,Del_MainPage,200,OK,DeleteContact 2-2,text,true,,15132,446,15,30,63,0,0
1537443142954,64,Del_MainPage,200,"Number of samples in transaction : 2, number of failing samples : 0",DeleteContact 2-2,,true,,15132,446,15,30,63,992,0
1537443144015,59,Add_MainPage,200,OK,AddContact 1-8,text,true,,15132,446,15,30,58,0,1
1537443143031,59,Add_MainPage,200,"Number of samples in transaction : 2, number of failing samples : 0",AddContact 1-8,,true,,15132,446,15,30,58,985,1
1537443144170,30,Del_MainPage,200,OK,DeleteContact 2-3,text,true,,15132,446,15,30,29,0,0
1537443143200,30,Del_MainPage,200,"Number of samples in transaction : 2, number of failing samples : 0",DeleteContact 2-3,,true,,15132,446,15,30,29,976,0
1537443144231,17,Add_ContactAction,200,OK,AddContact 1-4,text,true,,2477,1662,15,30,17,0,1
1537443141246,17,Add_ContactAction,200,"Number of samples in transaction : 2, number of failing samples : 0",AddContact 1-4,,true,,2477,1662,15,30,17,2924,1
1537443144263,14,Del_ContactFrom,200,OK,DeleteContact 2-13,text,true,,3354,481,15,30,14,0,0
1537443141285,14,Del_ContactFrom,200,"Number of samples in transaction : 2, number of failing samples : 0",DeleteContact 2-13,,true,,3354,481,15,30,14,2917,0
1537443144339,26,Del_Contact,200,OK,DeleteContact 2-10,text,true,,2484,510,15,30,26,0,1
1537443141359,26,Del_Contact,200,"Number of samples in transaction : 2, number of failing samples : 0",DeleteContact 2-10,,true,,2484,510,15,30,26,2920,1
1537443144463,92,Add_ContactForm,200,OK,AddContact 1-6,text,true,,3239,474,15,30,92,0,0
1537443143507,92,Add_ContactForm,200,"Number of samples in transaction : 2, number of failing samples : 0",AddContact 1-6,,true,,3239,474,15,30,92,956,0
1537443144480,77,Add_ContactForm,200,OK,AddContact 1-7,text,true,,3239,474,15,30,77,0,0
1537443143522,77,Add_ContactForm,200,"Number of samples in transaction : 2, number of failing samples : 0",AddContact 1-7,,true,,3239,474,15,30,77,959,0
1537443144646,22,Add_MainPage,200,OK,AddContact 1-9,text,true,,15175,446,15,30,21,0,1
1537443143677,22,Add_MainPage,200,"Number of samples in transaction : 2, number of failing samples : 0",AddContact 1-9,,true,,15175,446,15,30,21,969,1
1537443144986,37,Del_MainPage,200,OK,DeleteContact 2-4,text,true,,15175,446,15,30,36,0,0
1537443144017,37,Del_MainPage,200,"Number of samples in transaction : 2, number of failing samples : 0",DeleteContact 2-4,,true,,15175,446,15,30,36,971,0
1537443145047,13,Add_ContactForm,200,OK,AddContact 1-8,text,true,,3239,474,15,30,13,0,0
1537443144075,13,Add_ContactForm,200,"Number of samples in transaction : 2, number of failing samples : 0",AddContact 1-8,,true,,3239,474,15,30,13,972,0
1537443145539,28,Add_MainPage,200,OK,AddContact 1-10,text,true,,15175,446,15,30,27,0,1
1537443144553,28,Add_MainPage,200,"Number of samples in transaction : 2, number of failing samples : 0",AddContact 1-10,,true,,15175,446,15,30,27,987,1
1537443145632,27,Add_ContactAction,200,OK,AddContact 1-5,text,true,,2477,1638,15,30,27,0,0
1537443142640,27,Add_ContactAction,200,"Number of samples in transaction : 2, number of failing samples : 0",AddContact 1-5,,true,,2477,1638,15,30,27,2931,0
1537443145647,17,Add_ContactForm,200,OK,AddContact 1-9,text,true,,3239,474,15,30,17,0,0
1537443144668,17,Add_ContactForm,200,"Number of samples in transaction : 2, number of failing samples : 0",AddContact 1-9,,true,,3239,474,15,30,17,979,0
1537443145909,29,Del_Contact,200,OK,DeleteContact 2-11,text,true,,2484,510,15,30,29,0,0
1537443142904,29,Del_Contact,200,"Number of samples in transaction : 2, number of failing samples : 0",DeleteContact 2-11,,true,,2484,510,15,30,29,2944,0
1537443146109,37,Del_MainPage,200,OK,DeleteContact 2-5,text,true,,15321,446,15,30,36,0,0
1537443145123,37,Del_MainPage,200,"Number of samples in transaction : 2, number of failing samples : 0",DeleteContact 2-5,,true,,15321,446,15,30,36,991,0
1537443146201,34,Add_MainPage,200,OK,AddContact 1-11,text,true,,15321,446,15,30,33,0,1
1537443145216,34,Add_MainPage,200,"Number of samples in transaction : 2, number of failing samples : 0",AddContact 1-11,,true,,15321,446,15,30,33,986,1
1537443146539,24,Add_ContactForm,200,OK,AddContact 1-10,text,true,,3239,474,15,30,24,0,0
1537443145568,24,Add_ContactForm,200,"Number of samples in transaction : 2, number of failing samples : 0",AddContact 1-10,,true,,3239,474,15,30,24,972,0
1537443146616,26,Del_Contact,200,OK,DeleteContact 2-12,text,true,,2491,510,15,30,26,0,0
1537443143681,26,Del_Contact,200,"Number of samples in transaction : 2, number of failing samples : 0",DeleteContact 2-12,,true,,2491,510,15,30,26,2935,0
1537443146817,37,Del_MainPage,200,OK,DeleteContact 2-6,text,true,,15321,446,15,30,36,0,1
1537443145832,37,Del_MainPage,200,"Number of samples in transaction : 2, number of failing samples : 0",DeleteContact 2-6,,true,,15321,446,15,30,36,987,1
1537443146955,27,Del_ContactFrom,200,OK,DeleteContact 2-14,text,true,,3393,481,15,30,26,0,1
1537443144005,27,Del_ContactFrom,200,"Number of samples in transaction : 2, number of failing samples : 0",DeleteContact 2-14,,true,,3393,481,15,30,26,2950,1
1537443146997,40,Del_ContactFrom,200,OK,DeleteContact 2-1,text,true,,3275,481,15,30,40,0,0
1537443144060,40,Del_ContactFrom,200,"Number of samples in transaction : 2, number of failing samples : 0",DeleteContact 2-1,,true,,3275,481,15,30,40,2937,0
1537443147001,38,Del_ContactFrom,200,OK,DeleteContact 2-15,text,true,,3361,481,15,30,38,0,1
1537443144066,38,Del_ContactFrom,200,"Number of samples in transaction : 2, number of failing samples : 0",DeleteContact 2-15,,true,,3361,481,15,30,38,2935,1
1537443147007,34,Del_ContactFrom,200,OK,DeleteContact 2-2,text,true,,3323,481,15,30,34,0,0
1537443144071,34,Del_ContactFrom,200,"Number of samples in transaction : 2, number of failing samples : 0",DeleteContact 2-2,,true,,3323,481,15,30,34,2937,0
1537443147155,25,Del_ContactFrom,200,OK,DeleteContact 2-3,text,true,,3333,481,15,30,25,0,1
1537443144206,25,Del_ContactFrom,200,"Number of samples in transaction : 2, number of failing samples : 0",DeleteContact 2-3,,true,,3333,481,15,30,25,2950,1
1537443147217,35,Add_ContactForm,200,OK,AddContact 1-11,text,true,,3239,474,15,30,35,0,0
1537443146236,35,Add_ContactForm,200,"Number of samples in transaction : 2, number of failing samples : 0",AddContact 1-11,,true,,3239,474,15,30,35,982,0
1537443147231,26,Del_Contact,200,OK,DeleteContact 2-13,text,true,,2483,510,15,30,26,0,1
1537443144277,26,Del_Contact,200,"Number of samples in transaction : 2, number of failing samples : 0",DeleteContact 2-13,,true,,2483,510,15,30,26,2954,1
1537443147509,40,Add_ContactAction,200,OK,AddContact 1-6,text,true,,2477,1271,15,30,40,0,1
1537443144555,40,Add_ContactAction,200,"Number of samples in transaction : 2, number of failing samples : 0",AddContact 1-6,,true,,2477,1271,15,30,40,2954,1
1537443147511,65,Add_ContactAction,200,OK,AddContact 1-7,text,true,,2477,1325,15,30,65,0,0
1537443144558,65,Add_ContactAction,200,"Number of samples in transaction : 2, number of failing samples : 0",AddContact 1-7,,true,,2477,1325,15,30,65,2953,0
1537443148000,26,Del_ContactFrom,200,OK,DeleteContact 2-4,text,true,,3319,481,15,30,26,0,1
1537443145025,26,Del_ContactFrom,200,"Number of samples in transaction : 2, number of failing samples : 0",DeleteContact 2-4,,true,,3319,481,15,30,26,2946,1
1537443148077,27,Add_MainPage,200,OK,AddContact 1-12,text,true,,15454,446,15,30,26,0,0
1537443147063,27,Add_MainPage,200,"Number of samples in transaction : 2, number of failing samples : 0",AddContact 1-12,,true,,15454,446,15,30,26,985,0
1537443148031,75,Add_ContactAction,200,OK,AddContact 1-8,text,true,,2477,1127,15,30,75,0,1
1537443145060,75,Add_ContactAction,200,"Number of samples in transaction : 2, number of failing samples : 0",AddContact 1-8,,true,,2477,1127,15,30,75,2942,1
1537443148096,31,Add_MainPage,200,OK,AddContact 1-13,text,true,,15538,446,15,30,30,0,0
1537443147078,31,Add_MainPage,200,"Number of samples in transaction : 2, number of failing samples : 0",AddContact 1-13,,true,,15538,446,15,30,30,989,0
1537443148646,85,Add_ContactAction,200,OK,AddContact 1-9,text,true,,2477,1445,15,30,85,0,1
1537443145664,85,Add_ContactAction,200,"Number of samples in transaction : 2, number of failing samples : 0",AddContact 1-9,,true,,2477,1445,15,30,85,2954,1
1537443149077,27,Add_ContactForm,200,OK,AddContact 1-12,text,true,,3239,474,15,30,27,0,0
1537443148104,27,Add_ContactForm,200,"Number of samples in transaction : 2, number of failing samples : 0",AddContact 1-12,,true,,3239,474,15,30,27,973,0
1537443149108,35,Add_ContactForm,200,OK,AddContact 1-13,text,true,,3239,474,15,30,35,0,0
1537443148127,35,Add_ContactForm,200,"Number of samples in transaction : 2, number of failing samples : 0",AddContact 1-13,,true,,3239,474,15,30,35,981,0
1537443149123,28,Del_ContactFrom,200,OK,DeleteContact 2-5,text,true,,3323,481,15,30,28,0,0
1537443146151,28,Del_ContactFrom,200,"Number of samples in transaction : 2, number of failing samples : 0",DeleteContact 2-5,,true,,3323,481,15,30,28,2944,0
1537443149108,47,Del_MainPage,200,OK,DeleteContact 2-7,text,true,,15705,446,15,30,46,0,0
1537443148124,47,Del_MainPage,200,"Number of samples in transaction : 2, number of failing samples : 0",DeleteContact 2-7,,true,,15705,446,15,30,46,986,0
1537443149277,35,Add_MainPage,200,OK,AddContact 1-14,text,true,,15705,446,15,30,34,0,1
1537443148293,35,Add_MainPage,200,"Number of samples in transaction : 2, number of failing samples : 0",AddContact 1-14,,true,,15705,446,15,30,34,984,1
1537443149538,44,Add_ContactAction,200,OK,AddContact 1-10,text,true,,2477,1427,15,30,44,0,1
1537443146564,44,Add_ContactAction,200,"Number of samples in transaction : 2, number of failing samples : 0",AddContact 1-10,,true,,2477,1427,15,30,44,2945,1
1537443149554,31,Add_MainPage,200,OK,AddContact 1-1,text,true,,15705,446,15,30,30,0,1
1537443148569,31,Add_MainPage,200,"Number of samples in transaction : 2, number of failing samples : 0",AddContact 1-1,,true,,15705,446,15,30,30,986,1
1537443149831,24,Del_ContactFrom,200,OK,DeleteContact 2-6,text,true,,3348,481,15,30,24,0,1
1537443146856,24,Del_ContactFrom,200,"Number of samples in transaction : 2, number of failing samples : 0",DeleteContact 2-6,,true,,3348,481,15,30,24,2947,1
1537443149877,31,Del_MainPage,200,OK,DeleteContact 2-8,text,true,,15873,446,15,30,30,0,0
1537443148892,31,Del_MainPage,200,"Number of samples in transaction : 2, number of failing samples : 0",DeleteContact 2-8,,true,,15873,446,15,30,30,987,0
1537443149892,29,Del_MainPage,200,OK,DeleteContact 2-9,text,true,,15873,446,15,30,28,0,0
1537443148907,29,Del_MainPage,200,"Number of samples in transaction : 2, number of failing samples : 0",DeleteContact 2-9,,true,,15873,446,15,30,28,987,0
1537443149955,29,Del_Contact,200,OK,DeleteContact 2-14,text,true,,2484,510,15,30,29,0,1
1537443146982,29,Del_Contact,200,"Number of samples in transaction : 2, number of failing samples : 0",DeleteContact 2-14,,true,,2484,510,15,30,29,2945,1
1537443150016,123,Del_Contact,200,OK,DeleteContact 2-2,text,true,,2483,510,15,30,123,0,1
1537443147042,123,Del_Contact,200,"Number of samples in transaction : 2, number of failing samples : 0",DeleteContact 2-2,,true,,2483,510,15,30,123,2946,1
1537443150017,135,Del_Contact,200,OK,DeleteContact 2-15,text,true,,2482,510,15,30,135,0,0
1537443147039,135,Del_Contact,200,"Number of samples in transaction : 2, number of failing samples : 0",DeleteContact 2-15,,true,,2482,510,15,30,135,2950,0
1537443150018,156,Del_Contact,200,OK,DeleteContact 2-1,text,true,,2484,510,15,30,156,0,0
1537443147037,156,Del_Contact,200,"Number of samples in transaction : 2, number of failing samples : 0",DeleteContact 2-1,,true,,2484,510,15,30,156,2952,0
1537443150154,30,Del_Contact,200,OK,DeleteContact 2-3,text,true,,2484,510,15,30,30,0,1
1537443147181,30,Del_Contact,200,"Number of samples in transaction : 2, number of failing samples : 0",DeleteContact 2-3,,true,,2484,510,15,30,30,2944,1
1537443150231,28,Add_ContactAction,200,OK,AddContact 1-11,text,true,,2477,1553,15,30,28,0,1
1537443147253,28,Add_ContactAction,200,"Number of samples in transaction : 2, number of failing samples : 0",AddContact 1-11,,true,,2477,1553,15,30,28,2949,1
1537443150292,31,Add_ContactForm,200,OK,AddContact 1-14,text,true,,3239,474,15,30,30,0,0
1537443149312,31,Add_ContactForm,200,"Number of samples in transaction : 2, number of failing samples : 0",AddContact 1-14,,true,,3239,474,15,30,30,980,0
1537443150277,60,Del_MainPage,200,OK,DeleteContact 2-10,text,true,,15316,446,15,30,58,0,1
1537443149298,60,Del_MainPage,200,"Number of samples in transaction : 2, number of failing samples : 0",DeleteContact 2-10,,true,,15316,446,15,30,58,981,1
1537443150570,24,Add_ContactForm,200,OK,AddContact 1-1,text,true,,3239,474,15,30,24,0,0
1537443149586,24,Add_ContactForm,200,"Number of samples in transaction : 2, number of failing samples : 0",AddContact 1-1,,true,,3239,474,15,30,24,985,0
1537443150846,33,Add_MainPage,200,OK,AddContact 1-15,text,true,,15316,446,15,30,32,0,1
1537443149862,33,Add_MainPage,200,"Number of samples in transaction : 2, number of failing samples : 0",AddContact 1-15,,true,,15316,446,15,30,32,984,1
1537443150969,26,Del_Contact,200,OK,DeleteContact 2-4,text,true,,2484,510,15,30,25,0,1
1537443148026,26,Del_Contact,200,"Number of samples in transaction : 2, number of failing samples : 0",DeleteContact 2-4,,true,,2484,510,15,30,25,2943,1
1537443151047,42,Add_MainPage,200,OK,AddContact 1-2,text,true,,15192,446,15,30,41,0,0
1537443150061,42,Add_MainPage,200,"Number of samples in transaction : 2, number of failing samples : 0",AddContact 1-2,,true,,15192,446,15,30,41,986,0
1537443151866,70,Add_ContactForm,200,OK,AddContact 1-15,text,true,,3239,474,15,30,70,0,0
1537443150879,70,Add_ContactForm,200,"Number of samples in transaction : 2, number of failing samples : 0",AddContact 1-15,,true,,3239,474,15,30,70,987,0
1537443151862,88,Del_MainPage,200,OK,DeleteContact 2-11,text,true,,15192,446,15,30,87,0,1
1537443150862,88,Del_MainPage,200,"Number of samples in transaction : 2, number of failing samples : 0",DeleteContact 2-11,,true,,15192,446,15,30,87,1002,1
1537443151882,73,Add_MainPage,200,OK,AddContact 1-3,text,true,,15192,446,15,30,72,0,0
1537443150892,73,Add_MainPage,200,"Number of samples in transaction : 2, number of failing samples : 0",AddContact 1-3,,true,,15192,446,15,30,72,990,0
1537443152063,28,Add_ContactForm,200,OK,AddContact 1-2,text,true,,3239,474,15,30,27,0,0
1537443151089,28,Add_ContactForm,200,"Number of samples in transaction : 2, number of failing samples : 0",AddContact 1-2,,true,,3239,474,15,30,27,974,0
1537443152048,79,Add_ContactAction,200,OK,AddContact 1-12,text,true,,2477,1361,15,30,79,0,0
1537443149105,79,Add_ContactAction,200,"Number of samples in transaction : 2, number of failing samples : 0",AddContact 1-12,,true,,2477,1361,15,30,79,2943,0
1537443152093,38,Del_Contact,200,OK,DeleteContact 2-5,text,true,,2489,510,15,30,38,0,0
1537443149152,38,Del_Contact,200,"Number of samples in transaction : 2, number of failing samples : 0",DeleteContact 2-5,,true,,2489,510,15,30,38,2941,0
1537443152093,44,Add_ContactAction,200,OK,AddContact 1-13,text,true,,2477,1626,15,30,44,0,1
1537443149143,44,Add_ContactAction,200,"Number of samples in transaction : 2, number of failing samples : 0",AddContact 1-13,,true,,2477,1626,15,30,44,2950,1
1537443152115,26,Del_ContactFrom,200,OK,DeleteContact 2-7,text,true,,3328,481,15,30,26,0,1
1537443149157,26,Del_ContactFrom,200,"Number of samples in transaction : 2, number of failing samples : 0",DeleteContact 2-7,,true,,3328,481,15,30,26,2958,1
1537443152139,25,Add_MainPage,200,OK,AddContact 1-4,text,true,,15563,446,15,30,24,0,1
1537443151153,25,Add_MainPage,200,"Number of samples in transaction : 2, number of failing samples : 0",AddContact 1-4,,true,,15563,446,15,30,24,986,1
1537443152570,47,Del_MainPage,200,OK,DeleteContact 2-12,text,true,,15563,446,15,30,46,0,1
1537443151585,47,Del_MainPage,200,"Number of samples in transaction : 2, number of failing samples : 0",DeleteContact 2-12,,true,,15563,446,15,30,46,987,1
1537443152801,24,Del_Contact,200,OK,DeleteContact 2-6,text,true,,2484,510,15,30,24,0,1
1537443149856,24,Del_Contact,200,"Number of samples in transaction : 2, number of failing samples : 0",DeleteContact 2-6,,true,,2484,510,15,30,24,2945,1
1537443152863,48,Del_ContactFrom,200,OK,DeleteContact 2-8,text,true,,3308,481,15,30,48,0,1
1537443149910,48,Del_ContactFrom,200,"Number of samples in transaction : 2, number of failing samples : 0",DeleteContact 2-8,,true,,3308,481,15,30,48,2953,1
1537443152868,45,Del_ContactFrom,200,OK,DeleteContact 2-9,text,true,,3401,481,15,30,45,0,1
1537443149923,45,Del_ContactFrom,200,"Number of samples in transaction : 2, number of failing samples : 0",DeleteContact 2-9,,true,,3401,481,15,30,45,2946,1
1537443152453,14,Add_ContactForm,200,OK,AddContact 1-3,text,true,,3239,474,15,30,14,0,0
1537443151956,14,Add_ContactForm,200,"Number of samples in transaction : 2, number of failing samples : 0",AddContact 1-3,,true,,3239,474,15,30,14,969,0
1537443152668,26,Add_ContactForm,200,OK,AddContact 1-4,text,true,,3239,474,15,30,26,0,0
1537443152164,26,Add_ContactForm,200,"Number of samples in transaction : 2, number of failing samples : 0",AddContact 1-4,,true,,3239,474,15,30,26,977,0
1537443152713,20,Del_MainPage,200,OK,DeleteContact 2-13,text,true,,15480,446,15,30,19,0,1
1537443152201,20,Del_MainPage,200,"Number of samples in transaction : 2, number of failing samples : 0",DeleteContact 2-13,,true,,15480,446,15,30,19,986,1
1537443152776,28,Add_ContactAction,200,OK,AddContact 1-14,text,true,,2477,1475,15,30,28,0,1
1537443150323,28,Add_ContactAction,200,"Number of samples in transaction : 2, number of failing samples : 0",AddContact 1-14,,true,,2477,1475,15,30,28,2926,1
1537443152806,20,Del_ContactFrom,200,OK,DeleteContact 2-10,text,true,,3409,481,15,30,20,0,0
1537443150339,20,Del_ContactFrom,200,"Number of samples in transaction : 2, number of failing samples : 0",DeleteContact 2-10,,true,,3409,481,15,30,20,2939,0
1537443153052,52,Add_ContactAction,200,OK,AddContact 1-1,text,true,,2477,1589,15,30,52,0,1
1537443150595,52,Add_ContactAction,200,"Number of samples in transaction : 2, number of failing samples : 0",AddContact 1-1,,true,,2477,1589,15,30,52,2929,1
1537443153071,36,Add_MainPage,200,OK,AddContact 1-5,text,true,,15655,446,15,30,35,0,1
1537443152554,36,Add_MainPage,200,"Number of samples in transaction : 2, number of failing samples : 0",AddContact 1-5,,true,,15655,446,15,30,35,990,1
1537443154083,33,Add_ContactForm,200,OK,AddContact 1-5,text,true,,3239,474,15,30,33,0,0
1537443153108,33,Add_ContactForm,200,"Number of samples in transaction : 2, number of failing samples : 0",AddContact 1-5,,true,,3239,474,15,30,33,975,0
1537443154407,23,Del_ContactFrom,200,OK,DeleteContact 2-11,text,true,,3370,481,15,30,23,0,1
1537443151952,23,Del_ContactFrom,200,"Number of samples in transaction : 2, number of failing samples : 0",DeleteContact 2-11,,true,,3370,481,15,30,23,2927,1
1537443154391,41,Add_ContactAction,200,OK,AddContact 1-15,text,true,,2477,1511,15,30,41,0,1
1537443151936,41,Add_ContactAction,200,"Number of samples in transaction : 2, number of failing samples : 0",AddContact 1-15,,true,,2477,1511,15,30,41,2927,1
1537443154530,27,Add_ContactAction,200,OK,AddContact 1-2,text,true,,2477,1247,15,30,27,0,0
1537443152091,27,Add_ContactAction,200,"Number of samples in transaction : 2, number of failing samples : 0",AddContact 1-2,,true,,2477,1247,15,30,27,2911,0
1537443154591,17,Del_Contact,200,OK,DeleteContact 2-7,text,true,,2484,510,15,30,17,0,1
1537443152141,17,Del_Contact,200,"Number of samples in transaction : 2, number of failing samples : 0",DeleteContact 2-7,,true,,2484,510,15,30,17,2922,1
1537443154945,77,Add_MainPage,200,OK,AddContact 1-6,text,true,,16057,446,15,30,76,0,16
1537443153976,77,Add_MainPage,200,"Number of samples in transaction : 2, number of failing samples : 0",AddContact 1-6,,true,,16057,446,15,30,76,970,16
1537443154983,43,Add_MainPage,200,OK,AddContact 1-7,text,true,,16057,446,15,30,42,0,1
1537443154006,43,Add_MainPage,200,"Number of samples in transaction : 2, number of failing samples : 0",AddContact 1-7,,true,,16057,446,15,30,42,977,1
1537443155068,31,Del_ContactFrom,200,OK,DeleteContact 2-12,text,true,,3380,481,15,30,31,0,1
1537443152619,31,Del_ContactFrom,200,"Number of samples in transaction : 2, number of failing samples : 0",DeleteContact 2-12,,true,,3380,481,15,30,31,2921,1
1537443155446,61,Del_MainPage,200,OK,DeleteContact 2-14,text,true,,16057,446,15,30,61,0,1
1537443154414,61,Del_MainPage,200,"Number of samples in transaction : 2, number of failing samples : 0",DeleteContact 2-14,,true,,16057,446,15,30,61,1039,1
1537443155468,51,Add_MainPage,200,OK,AddContact 1-8,text,true,,16057,446,15,30,50,0,1
1537443154483,51,Add_MainPage,200,"Number of samples in transaction : 2, number of failing samples : 0",AddContact 1-8,,true,,16057,446,15,30,50,985,1
1537443155444,76,Del_Contact,200,OK,DeleteContact 2-9,text,true,,2483,510,15,30,76,0,0
1537443152442,76,Del_Contact,200,"Number of samples in transaction : 2, number of failing samples : 0",DeleteContact 2-9,,true,,2483,510,15,30,76,3003,0
1537443155361,161,Del_Contact,200,OK,DeleteContact 2-8,text,true,,2484,510,15,30,161,0,1
1537443152439,161,Del_Contact,200,"Number of samples in transaction : 2, number of failing samples : 0",DeleteContact 2-8,,true,,2484,510,15,30,161,2922,1
1537443155443,81,Add_ContactAction,200,OK,AddContact 1-3,text,true,,2477,1565,15,30,81,0,1
1537443152467,81,Add_ContactAction,200,"Number of samples in transaction : 2, number of failing samples : 0",AddContact 1-3,,true,,2477,1565,15,30,81,2976,1
1537443155546,71,Del_MainPage,200,OK,DeleteContact 2-2,text,true,,15904,446,15,30,70,0,0
1537443154560,71,Del_MainPage,200,"Number of samples in transaction : 2, number of failing samples : 0",DeleteContact 2-2,,true,,15904,446,15,30,70,988,0
1537443155546,76,Del_MainPage,200,OK,DeleteContact 2-15,text,true,,15904,446,15,30,75,0,1
1537443154560,76,Del_MainPage,200,"Number of samples in transaction : 2, number of failing samples : 0",DeleteContact 2-15,,true,,15904,446,15,30,75,988,1
1537443155579,77,Del_MainPage,200,OK,DeleteContact 2-3,text,true,,15904,446,15,30,76,0,10
1537443154592,77,Del_MainPage,200,"Number of samples in transaction : 2, number of failing samples : 0",DeleteContact 2-3,,true,,15904,446,15,30,76,989,10
1537443155589,72,Del_MainPage,200,OK,DeleteContact 2-1,text,true,,15904,446,15,30,72,0,1
1537443154592,72,Del_MainPage,200,"Number of samples in transaction : 2, number of failing samples : 0",DeleteContact 2-1,,true,,15904,446,15,30,72,999,1
1537443155624,58,Add_ContactAction,200,OK,AddContact 1-4,text,true,,2477,1379,15,30,58,0,4
1537443152695,58,Add_ContactAction,200,"Number of samples in transaction : 2, number of failing samples : 0",AddContact 1-4,,true,,2477,1379,15,30,58,2929,4
1537443155668,17,Del_ContactFrom,200,OK,DeleteContact 2-13,text,true,,3434,481,15,30,17,0,0
1537443152735,17,Del_ContactFrom,200,"Number of samples in transaction : 2, number of failing samples : 0",DeleteContact 2-13,,true,,3434,481,15,30,17,2933,0
1537443155761,27,Del_Contact,200,OK,DeleteContact 2-10,text,true,,2484,510,15,30,27,0,1
1537443152826,27,Del_Contact,200,"Number of samples in transaction : 2, number of failing samples : 0",DeleteContact 2-10,,true,,2484,510,15,30,27,2935,1
1537443156007,44,Add_ContactForm,200,OK,AddContact 1-6,text,true,,3239,474,15,30,44,0,0
1537443155023,44,Add_ContactForm,200,"Number of samples in transaction : 2, number of failing samples : 0",AddContact 1-6,,true,,3239,474,15,30,44,985,0
1537443156007,46,Add_ContactForm,200,OK,AddContact 1-7,text,true,,3239,474,15,30,46,0,0
1537443155026,46,Add_ContactForm,200,"Number of samples in transaction : 2, number of failing samples : 0",AddContact 1-7,,true,,3239,474,15,30,46,982,0
1537443156099,38,Add_MainPage,200,OK,AddContact 1-9,text,true,,15839,446,15,30,36,0,0
1537443155114,38,Add_MainPage,200,"Number of samples in transaction : 2, number of failing samples : 0",AddContact 1-9,,true,,15839,446,15,30,36,985,0
1537443156422,38,Del_MainPage,200,OK,DeleteContact 2-4,text,true,,15839,446,15,30,37,0,1
1537443155447,38,Del_MainPage,200,"Number of samples in transaction : 2, number of failing samples : 0",DeleteContact 2-4,,true,,15839,446,15,30,37,977,1
1537443156489,15,Add_ContactForm,200,OK,AddContact 1-8,text,true,,3239,474,15,30,15,0,0
1537443155519,15,Add_ContactForm,200,"Number of samples in transaction : 2, number of failing samples : 0",AddContact 1-8,,true,,3239,474,15,30,15,970,0
1537443156915,40,Add_MainPage,200,OK,AddContact 1-10,text,true,,15839,446,15,30,38,0,1
1537443155945,40,Add_MainPage,200,"Number of samples in transaction : 2, number of failing samples : 0",AddContact 1-10,,true,,15839,446,15,30,38,971,1
1537443157038,35,Add_ContactAction,200,OK,AddContact 1-5,text,true,,2477,1067,15,30,35,0,5
1537443154116,35,Add_ContactAction,200,"Number of samples in transaction : 2, number of failing samples : 0",AddContact 1-5,,true,,2477,1067,15,30,35,2922,5
1537443157099,13,Add_ContactForm,200,OK,AddContact 1-9,text,true,,3239,474,15,30,13,0,0
1537443156137,13,Add_ContactForm,200,"Number of samples in transaction : 2, number of failing samples : 0",AddContact 1-9,,true,,3239,474,15,30,13,962,0
1537443156926,35,Del_Contact,200,OK,DeleteContact 2-11,text,true,,2484,510,15,30,35,0,1
1537443154430,35,Del_Contact,200,"Number of samples in transaction : 2, number of failing samples : 0",DeleteContact 2-11,,true,,2484,510,15,30,35,2917,1
1537443157095,36,Del_MainPage,200,OK,DeleteContact 2-5,text,true,,15721,446,15,30,35,0,1
1537443156530,36,Del_MainPage,200,"Number of samples in transaction : 2, number of failing samples : 0",DeleteContact 2-5,,true,,15721,446,15,30,35,988,1
1537443157173,20,Add_MainPage,200,OK,AddContact 1-11,text,true,,15721,446,15,30,19,0,0
1537443156606,20,Add_MainPage,200,"Number of samples in transaction : 2, number of failing samples : 0",AddContact 1-11,,true,,15721,446,15,30,19,987,0
1537443157511,28,Add_ContactForm,200,OK,AddContact 1-10,text,true,,3239,474,15,30,28,0,0
1537443156956,28,Add_ContactForm,200,"Number of samples in transaction : 2, number of failing samples : 0",AddContact 1-10,,true,,3239,474,15,30,28,975,0
1537443157588,26,Del_Contact,200,OK,DeleteContact 2-12,text,true,,2484,510,15,30,26,0,1
1537443155099,26,Del_Contact,200,"Number of samples in transaction : 2, number of failing samples : 0",DeleteContact 2-12,,true,,2484,510,15,30,26,2909,1
1537443157788,32,Del_MainPage,200,OK,DeleteContact 2-6,text,true,,15525,446,15,30,31,0,0
1537443157223,32,Del_MainPage,200,"Number of samples in transaction : 2, number of failing samples : 0",DeleteContact 2-6,,true,,15525,446,15,30,31,988,0
1537443158003,25,Del_ContactFrom,200,OK,DeleteContact 2-14,text,true,,3407,481,15,30,25,0,1
1537443155514,25,Del_ContactFrom,200,"Number of samples in transaction : 2, number of failing samples : 0",DeleteContact 2-14,,true,,3407,481,15,30,25,2910,1
1537443158172,39,Add_ContactForm,200,OK,AddContact 1-11,text,true,,3239,474,15,30,39,0,0
1537443157193,39,Add_ContactForm,200,"Number of samples in transaction : 2, number of failing samples : 0",AddContact 1-11,,true,,3239,474,15,30,39,980,0
1537443158126,113,Del_ContactFrom,200,OK,DeleteContact 2-2,text,true,,3421,481,15,30,113,0,1
1537443155619,113,Del_ContactFrom,200,"Number of samples in transaction : 2, number of failing samples : 0",DeleteContact 2-2,,true,,3421,481,15,30,113,2928,1
1537443158127,115,Del_ContactFrom,200,OK,DeleteContact 2-15,text,true,,3391,481,15,30,115,0,0
1537443155624,115,Del_ContactFrom,200,"Number of samples in transaction : 2, number of failing samples : 0",DeleteContact 2-15,,true,,3391,481,15,30,115,2923,0
1537443158162,89,Del_ContactFrom,200,OK,DeleteContact 2-3,text,true,,3418,481,15,30,89,0,0
1537443155658,89,Del_ContactFrom,200,"Number of samples in transaction : 2, number of failing samples : 0",DeleteContact 2-3,,true,,3418,481,15,30,89,2924,0
1537443158172,81,Del_ContactFrom,200,OK,DeleteContact 2-1,text,true,,3350,481,15,30,81,0,0
1537443155663,81,Del_ContactFrom,200,"Number of samples in transaction : 2, number of failing samples : 0",DeleteContact 2-1,,true,,3350,481,15,30,81,2930,0
1537443158187,95,Del_Contact,200,OK,DeleteContact 2-13,text,true,,2484,510,15,30,94,0,1
1537443155685,95,Del_Contact,200,"Number of samples in transaction : 2, number of failing samples : 0",DeleteContact 2-13,,true,,2484,510,15,30,94,2922,1
1537443158572,48,Add_ContactAction,200,OK,AddContact 1-6,text,true,,2477,1361,15,30,48,0,1
1537443156052,48,Add_ContactAction,200,"Number of samples in transaction : 2, number of failing samples : 0",AddContact 1-6,,true,,2477,1361,15,30,48,2940,1
1537443158599,25,Add_ContactAction,200,OK,AddContact 1-7,text,true,,2477,1295,15,30,25,0,1
1537443156054,25,Add_ContactAction,200,"Number of samples in transaction : 2, number of failing samples : 0",AddContact 1-7,,true,,2477,1295,15,30,25,2965,1
1537443158988,15,Del_ContactFrom,200,OK,DeleteContact 2-4,text,true,,3421,481,15,30,15,0,1
1537443156462,15,Del_ContactFrom,200,"Number of samples in transaction : 2, number of failing samples : 0",DeleteContact 2-4,,true,,3421,481,15,30,15,2946,1
1537443159033,16,Add_ContactAction,200,OK,AddContact 1-8,text,true,,2477,1109,15,30,16,0,1
1537443156504,16,Add_ContactAction,200,"Number of samples in transaction : 2, number of failing samples : 0",AddContact 1-8,,true,,2477,1109,15,30,16,2949,1
1537443159063,41,Add_MainPage,200,OK,AddContact 1-12,text,true,,15700,446,15,30,40,0,0
1537443158064,41,Add_MainPage,200,"Number of samples in transaction : 2, number of failing samples : 0",AddContact 1-12,,true,,15700,446,15,30,40,999,0
1537443159063,45,Add_MainPage,200,OK,AddContact 1-13,text,true,,15700,446,15,30,44,0,1
1537443158064,45,Add_MainPage,200,"Number of samples in transaction : 2, number of failing samples : 0",AddContact 1-13,,true,,15700,446,15,30,44,999,1
1537443159635,28,Add_ContactAction,200,OK,AddContact 1-9,text,true,,2477,1277,15,30,27,0,0
1537443157112,28,Add_ContactAction,200,"Number of samples in transaction : 2, number of failing samples : 0",AddContact 1-9,,true,,2477,1277,15,30,27,2943,0
1537443160079,48,Add_ContactForm,200,OK,AddContact 1-12,text,true,,3239,474,15,30,48,0,0
1537443159104,48,Add_ContactForm,200,"Number of samples in transaction : 2, number of failing samples : 0",AddContact 1-12,,true,,3239,474,15,30,48,976,0
1537443160098,31,Add_ContactForm,200,OK,AddContact 1-13,text,true,,3239,474,15,30,31,0,0
1537443159108,31,Add_ContactForm,200,"Number of samples in transaction : 2, number of failing samples : 0",AddContact 1-13,,true,,3239,474,15,30,31,991,0
1537443160088,49,Del_ContactFrom,200,OK,DeleteContact 2-5,text,true,,3398,481,15,30,49,0,0
1537443157134,49,Del_ContactFrom,200,"Number of samples in transaction : 2, number of failing samples : 0",DeleteContact 2-5,,true,,3398,481,15,30,49,2955,0
1537443160071,70,Del_MainPage,200,OK,DeleteContact 2-7,text,true,,15860,446,15,30,69,0,0
1537443159096,70,Del_MainPage,200,"Number of samples in transaction : 2, number of failing samples : 0",DeleteContact 2-7,,true,,15860,446,15,30,69,977,0
1537443160219,38,Add_MainPage,200,OK,AddContact 1-14,text,true,,15860,446,15,30,37,0,1
1537443159234,38,Add_MainPage,200,"Number of samples in transaction : 2, number of failing samples : 0",AddContact 1-14,,true,,15860,446,15,30,37,986,1
1537443160481,33,Add_ContactAction,200,OK,AddContact 1-10,text,true,,2477,1277,15,30,33,0,1
1537443157539,33,Add_ContactAction,200,"Number of samples in transaction : 2, number of failing samples : 0",AddContact 1-10,,true,,2477,1277,15,30,33,2942,1
1537443160511,31,Add_MainPage,200,OK,AddContact 1-1,text,true,,15988,446,15,30,30,0,1
1537443159526,31,Add_MainPage,200,"Number of samples in transaction : 2, number of failing samples : 0",AddContact 1-1,,true,,15988,446,15,30,30,985,1
1537443160773,25,Del_ContactFrom,200,OK,DeleteContact 2-6,text,true,,3410,481,15,30,25,0,0
1537443157823,25,Del_ContactFrom,200,"Number of samples in transaction : 2, number of failing samples : 0",DeleteContact 2-6,,true,,3410,481,15,30,25,2950,0
1537443160988,50,Del_MainPage,200,OK,DeleteContact 2-8,text,true,,15988,446,15,30,49,0,1
1537443160004,50,Del_MainPage,200,"Number of samples in transaction : 2, number of failing samples : 0",DeleteContact 2-8,,true,,15988,446,15,30,49,986,1
1537443160973,69,Del_Contact,200,OK,DeleteContact 2-14,text,true,,2484,510,15,30,69,0,1
1537443158029,69,Del_Contact,200,"Number of samples in transaction : 2, number of failing samples : 0",DeleteContact 2-14,,true,,2484,510,15,30,69,2944,1
1537443160989,88,Del_MainPage,200,OK,DeleteContact 2-9,text,true,,15988,446,15,30,76,0,1
1537443160004,88,Del_MainPage,200,"Number of samples in transaction : 2, number of failing samples : 0",DeleteContact 2-9,,true,,15988,446,15,30,76,988,1
1537443161158,76,Add_ContactAction,200,OK,AddContact 1-11,text,true,,2477,1541,15,30,76,0,1
1537443158212,76,Add_ContactAction,200,"Number of samples in transaction : 2, number of failing samples : 0",AddContact 1-11,,true,,2477,1541,15,30,76,2946,1
1537443161174,74,Del_Contact,200,OK,DeleteContact 2-2,text,true,,2484,510,15,30,73,0,1
1537443158240,74,Del_Contact,200,"Number of samples in transaction : 2, number of failing samples : 0",DeleteContact 2-2,,true,,2484,510,15,30,73,2934,1
1537443161234,16,Add_ContactForm,200,OK,AddContact 1-14,text,true,,3239,474,15,30,16,0,0
1537443160258,16,Add_ContactForm,200,"Number of samples in transaction : 2, number of failing samples : 0",AddContact 1-14,,true,,3239,474,15,30,16,976,0
1537443161190,71,Del_Contact,200,OK,DeleteContact 2-3,text,true,,2484,510,15,30,71,0,1
1537443158251,71,Del_Contact,200,"Number of samples in transaction : 2, number of failing samples : 0",DeleteContact 2-3,,true,,2484,510,15,30,71,2939,1
1537443161175,88,Del_Contact,200,OK,DeleteContact 2-15,text,true,,2484,510,15,30,88,0,1
1537443158242,88,Del_Contact,200,"Number of samples in transaction : 2, number of failing samples : 0",DeleteContact 2-15,,true,,2484,510,15,30,88,2933,1
1537443161191,73,Del_Contact,200,OK,DeleteContact 2-1,text,true,,2484,510,15,30,73,0,0
1537443158254,73,Del_Contact,200,"Number of samples in transaction : 2, number of failing samples : 0",DeleteContact 2-1,,true,,2484,510,15,30,73,2938,0
1537443161251,25,Del_MainPage,200,OK,DeleteContact 2-10,text,true,,15063,446,15,30,24,0,0
1537443160265,25,Del_MainPage,200,"Number of samples in transaction : 2, number of failing samples : 0",DeleteContact 2-10,,true,,15063,446,15,30,24,988,0
1537443161528,24,Add_ContactForm,200,OK,AddContact 1-1,text,true,,3239,474,15,30,24,0,0
1537443160542,24,Add_ContactForm,200,"Number of samples in transaction : 2, number of failing samples : 0",AddContact 1-1,,true,,3239,474,15,30,24,986,0
1537443160956,42,Add_MainPage,200,OK,AddContact 1-15,text,true,,15063,446,15,30,40,0,1
1537443160865,42,Add_MainPage,200,"Number of samples in transaction : 2, number of failing samples : 0",AddContact 1-15,,true,,15063,446,15,30,40,985,1
1537443161050,14,Del_Contact,200,OK,DeleteContact 2-4,text,true,,2490,510,15,30,14,0,0
1537443159004,14,Del_Contact,200,"Number of samples in transaction : 2, number of failing samples : 0",DeleteContact 2-4,,true,,2490,510,15,30,14,2940,0
1537443161079,24,Add_MainPage,200,OK,AddContact 1-2,text,true,,15063,446,15,30,23,0,0
1537443160989,24,Add_MainPage,200,"Number of samples in transaction : 2, number of failing samples : 0",AddContact 1-2,,true,,15063,446,15,30,23,985,0
1537443161956,22,Add_ContactForm,200,OK,AddContact 1-15,text,true,,3239,474,15,30,22,0,0
1537443160998,22,Add_ContactForm,200,"Number of samples in transaction : 2, number of failing samples : 0",AddContact 1-15,,true,,3239,474,15,30,22,959,0
1537443161941,46,Del_MainPage,200,OK,DeleteContact 2-11,text,true,,15063,446,15,30,45,0,1
1537443160971,46,Del_MainPage,200,"Number of samples in transaction : 2, number of failing samples : 0",DeleteContact 2-11,,true,,15063,446,15,30,45,972,1
1537443162019,20,Add_MainPage,200,OK,AddContact 1-3,text,true,,15063,446,15,30,19,0,0
1537443161049,20,Add_MainPage,200,"Number of samples in transaction : 2, number of failing samples : 0",AddContact 1-3,,true,,15063,446,15,30,19,970,0
1537443162080,14,Add_ContactForm,200,OK,AddContact 1-2,text,true,,3239,474,15,30,14,0,0
1537443161104,14,Add_ContactForm,200,"Number of samples in transaction : 2, number of failing samples : 0",AddContact 1-2,,true,,3239,474,15,30,14,977,0
1537443162196,56,Add_MainPage,200,OK,AddContact 1-4,text,true,,15063,446,15,30,55,0,0
1537443161202,56,Add_MainPage,200,"Number of samples in transaction : 2, number of failing samples : 0",AddContact 1-4,,true,,15063,446,15,30,55,994,0
1537443162194,61,Del_ContactFrom,200,OK,DeleteContact 2-7,text,true,,3276,481,15,30,61,0,1
1537443160143,61,Del_ContactFrom,200,"Number of samples in transaction : 2, number of failing samples : 0",DeleteContact 2-7,,true,,3276,481,15,30,61,2946,1
1537443162157,102,Add_ContactAction,200,OK,AddContact 1-12,text,true,,2477,1433,15,30,102,0,0
1537443160128,102,Add_ContactAction,200,"Number of samples in transaction : 2, number of failing samples : 0",AddContact 1-12,,true,,2477,1433,15,30,102,2923,0
1537443162172,89,Del_Contact,200,OK,DeleteContact 2-5,text,true,,2484,510,15,30,89,0,0
1537443160138,89,Del_Contact,200,"Number of samples in transaction : 2, number of failing samples : 0",DeleteContact 2-5,,true,,2484,510,15,30,89,2928,0
1537443162158,107,Add_ContactAction,200,OK,AddContact 1-13,text,true,,2477,1343,15,30,107,0,0
1537443160130,107,Add_ContactAction,200,"Number of samples in transaction : 2, number of failing samples : 0",AddContact 1-13,,true,,2477,1343,15,30,107,2922,0
1537443162588,33,Del_MainPage,200,OK,DeleteContact 2-12,text,true,,15179,446,15,30,32,0,0
1537443161603,33,Del_MainPage,200,"Number of samples in transaction : 2, number of failing samples : 0",DeleteContact 2-12,,true,,15179,446,15,30,32,991,0
1537443162818,26,Del_Contact,200,OK,DeleteContact 2-6,text,true,,2484,510,15,30,26,0,1
1537443160799,26,Del_Contact,200,"Number of samples in transaction : 2, number of failing samples : 0",DeleteContact 2-6,,true,,2484,510,15,30,26,2913,1
1537443163018,25,Add_ContactForm,200,OK,AddContact 1-3,text,true,,3239,474,15,30,24,0,0
1537443162039,25,Add_ContactForm,200,"Number of samples in transaction : 2, number of failing samples : 0",AddContact 1-3,,true,,3239,474,15,30,24,979,0
1537443163064,15,Del_ContactFrom,200,OK,DeleteContact 2-8,text,true,,3410,481,15,30,15,0,1
1537443161040,15,Del_ContactFrom,200,"Number of samples in transaction : 2, number of failing samples : 0",DeleteContact 2-8,,true,,3410,481,15,30,15,2919,1
1537443163095,15,Del_ContactFrom,200,OK,DeleteContact 2-9,text,true,,3395,481,15,30,15,0,1
1537443161080,15,Del_ContactFrom,200,"Number of samples in transaction : 2, number of failing samples : 0",DeleteContact 2-9,,true,,3395,481,15,30,15,2909,1
1537443163234,39,Add_ContactForm,200,OK,AddContact 1-4,text,true,,3239,474,15,30,39,0,0
1537443162252,39,Add_ContactForm,200,"Number of samples in transaction : 2, number of failing samples : 0",AddContact 1-4,,true,,3239,474,15,30,39,982,0
1537443163249,33,Del_MainPage,200,OK,DeleteContact 2-13,text,true,,14968,446,15,30,32,0,1
1537443162264,33,Del_MainPage,200,"Number of samples in transaction : 2, number of failing samples : 0",DeleteContact 2-13,,true,,14968,446,15,30,32,987,1
1537443163296,26,Add_ContactAction,200,OK,AddContact 1-14,text,true,,2477,1626,15,30,26,0,0
1537443161250,26,Add_ContactAction,200,"Number of samples in transaction : 2, number of failing samples : 0",AddContact 1-14,,true,,2477,1626,15,30,26,2940,0
1537443163311,16,Del_ContactFrom,200,OK,DeleteContact 2-10,text,true,,3373,481,15,30,16,0,0
1537443161278,16,Del_ContactFrom,200,"Number of samples in transaction : 2, number of failing samples : 0",DeleteContact 2-10,,true,,3373,481,15,30,16,2927,0
1537443163606,30,Add_MainPage,200,OK,AddContact 1-5,text,true,,15196,446,15,30,29,0,1
1537443162620,30,Add_MainPage,200,"Number of samples in transaction : 2, number of failing samples : 0",AddContact 1-5,,true,,15196,446,15,30,29,986,1
1537443163588,57,Add_ContactAction,200,OK,AddContact 1-1,text,true,,2477,1301,15,30,57,0,1
1537443161552,57,Add_ContactAction,200,"Number of samples in transaction : 2, number of failing samples : 0",AddContact 1-1,,true,,2477,1301,15,30,57,2930,1
1537443164619,24,Add_ContactForm,200,OK,AddContact 1-5,text,true,,3239,474,15,30,23,0,0
1537443163636,24,Add_ContactForm,200,"Number of samples in transaction : 2, number of failing samples : 0",AddContact 1-5,,true,,3239,474,15,30,23,983,0
1537443164942,22,Del_ContactFrom,200,OK,DeleteContact 2-11,text,true,,3274,481,15,30,22,0,1
1537443161989,22,Del_ContactFrom,200,"Number of samples in transaction : 2, number of failing samples : 0",DeleteContact 2-11,,true,,3274,481,15,30,22,2969,1
1537443164927,55,Add_ContactAction,200,OK,AddContact 1-15,text,true,,2477,1487,15,30,55,0,1
1537443161979,55,Add_ContactAction,200,"Number of samples in transaction : 2, number of failing samples : 0",AddContact 1-15,,true,,2477,1487,15,30,55,2949,1
1537443165049,27,Add_ContactAction,200,OK,AddContact 1-2,text,true,,2477,1319,15,30,27,0,1
1537443162095,27,Add_ContactAction,200,"Number of samples in transaction : 2, number of failing samples : 0",AddContact 1-2,,true,,2477,1319,15,30,27,2954,1
1537443165204,28,Del_Contact,200,OK,DeleteContact 2-7,text,true,,2484,510,15,30,28,0,0
1537443162256,28,Del_Contact,200,"Number of samples in transaction : 2, number of failing samples : 0",DeleteContact 2-7,,true,,2484,510,15,30,28,2949,0
1537443165594,31,Del_ContactFrom,200,OK,DeleteContact 2-12,text,true,,3317,481,15,30,31,0,1
1537443162627,31,Del_ContactFrom,200,"Number of samples in transaction : 2, number of failing samples : 0",DeleteContact 2-12,,true,,3317,481,15,30,31,2967,1
1537443165558,70,Add_MainPage,200,OK,AddContact 1-6,text,true,,15641,446,15,30,69,0,0
1537443164573,70,Add_MainPage,200,"Number of samples in transaction : 2, number of failing samples : 0",AddContact 1-6,,true,,15641,446,15,30,69,985,0
1537443165559,72,Add_MainPage,200,OK,AddContact 1-7,text,true,,15641,446,15,30,71,0,0
1537443164573,72,Add_MainPage,200,"Number of samples in transaction : 2, number of failing samples : 0",AddContact 1-7,,true,,15641,446,15,30,71,987,0
1537443165079,84,Add_ContactAction,200,OK,AddContact 1-3,text,true,,2477,1235,15,30,84,0,1
1537443163043,84,Add_ContactAction,200,"Number of samples in transaction : 2, number of failing samples : 0",AddContact 1-3,,true,,2477,1235,15,30,84,2946,1
1537443165080,87,Add_MainPage,200,OK,AddContact 1-8,text,true,,15641,446,15,30,86,0,1
1537443165003,87,Add_MainPage,200,"Number of samples in transaction : 2, number of failing samples : 0",AddContact 1-8,,true,,15641,446,15,30,86,986,1
1537443165114,56,Del_MainPage,200,OK,DeleteContact 2-14,text,true,,15641,446,15,30,56,0,0
1537443165036,56,Del_MainPage,200,"Number of samples in transaction : 2, number of failing samples : 0",DeleteContact 2-14,,true,,15641,446,15,30,56,990,0
1537443165125,53,Del_Contact,200,OK,DeleteContact 2-8,text,true,,2484,510,15,30,53,0,0
1537443163080,53,Del_Contact,200,"Number of samples in transaction : 2, number of failing samples : 0",DeleteContact 2-8,,true,,2484,510,15,30,53,2954,0
1537443165141,42,Del_Contact,200,OK,DeleteContact 2-9,text,true,,2484,510,15,30,42,0,0
1537443163110,42,Del_Contact,200,"Number of samples in transaction : 2, number of failing samples : 0",DeleteContact 2-9,,true,,2484,510,15,30,42,2940,0
1537443165295,98,Add_ContactAction,200,OK,AddContact 1-4,text,true,,2477,1692,15,30,98,0,1
1537443163273,98,Add_ContactAction,200,"Number of samples in transaction : 2, number of failing samples : 0",AddContact 1-4,,true,,2477,1692,15,30,98,2931,1
1537443165304,93,Del_MainPage,200,OK,DeleteContact 2-2,text,true,,15256,446,15,30,92,0,0
1537443165238,93,Del_MainPage,200,"Number of samples in transaction : 2, number of failing samples : 0",DeleteContact 2-2,,true,,15256,446,15,30,92,977,0
1537443165310,99,Del_ContactFrom,200,OK,DeleteContact 2-13,text,true,,3317,481,15,30,99,0,0
1537443163284,99,Del_ContactFrom,200,"Number of samples in transaction : 2, number of failing samples : 0",DeleteContact 2-13,,true,,3317,481,15,30,99,2935,0
1537443165320,108,Del_MainPage,200,OK,DeleteContact 2-15,text,true,,15486,446,15,30,107,0,0
1537443165253,108,Del_MainPage,200,"Number of samples in transaction : 2, number of failing samples : 0",DeleteContact 2-15,,true,,15486,446,15,30,107,978,0
1537443165330,104,Del_MainPage,200,OK,DeleteContact 2-3,text,true,,15486,446,15,30,103,0,0
1537443165253,104,Del_MainPage,200,"Number of samples in transaction : 2, number of failing samples : 0",DeleteContact 2-3,,true,,15486,446,15,30,103,988,0
1537443165330,109,Del_MainPage,200,OK,DeleteContact 2-1,text,true,,15486,446,15,30,109,0,1
1537443165253,109,Del_MainPage,200,"Number of samples in transaction : 2, number of failing samples : 0",DeleteContact 2-1,,true,,15486,446,15,30,109,988,1
1537443165361,84,Del_Contact,200,OK,DeleteContact 2-10,text,true,,2484,510,15,30,84,0,1
1537443163327,84,Del_Contact,200,"Number of samples in transaction : 2, number of failing samples : 0",DeleteContact 2-10,,true,,2484,510,15,30,84,2943,1
1537443165680,34,Add_ContactForm,200,OK,AddContact 1-6,text,true,,3239,474,15,30,34,0,0
1537443165628,34,Add_ContactForm,200,"Number of samples in transaction : 2, number of failing samples : 0",AddContact 1-6,,true,,3239,474,15,30,34,961,0
1537443165683,33,Add_ContactForm,200,OK,AddContact 1-7,text,true,,3239,474,15,30,33,0,0
1537443165632,33,Add_ContactForm,200,"Number of samples in transaction : 2, number of failing samples : 0",AddContact 1-7,,true,,3239,474,15,30,33,960,0
1537443165664,60,Add_MainPage,200,OK,AddContact 1-9,text,true,,15306,446,15,30,59,0,1
1537443165606,60,Add_MainPage,200,"Number of samples in transaction : 2, number of failing samples : 0",AddContact 1-9,,true,,15306,446,15,30,59,967,1
1537443166034,33,Del_MainPage,200,OK,DeleteContact 2-4,text,true,,15306,446,15,30,32,0,0
1537443165064,33,Del_MainPage,200,"Number of samples in transaction : 2, number of failing samples : 0",DeleteContact 2-4,,true,,15306,446,15,30,32,972,0
1537443166126,28,Add_ContactForm,200,OK,AddContact 1-8,text,true,,3239,474,15,30,27,0,0
1537443165167,28,Add_ContactForm,200,"Number of samples in transaction : 2, number of failing samples : 0",AddContact 1-8,,true,,3239,474,15,30,27,959,0
1537443166526,40,Add_MainPage,200,OK,AddContact 1-10,text,true,,15306,446,15,30,39,0,1
1537443165541,40,Add_MainPage,200,"Number of samples in transaction : 2, number of failing samples : 0",AddContact 1-10,,true,,15306,446,15,30,39,985,1
1537443166668,30,Add_ContactAction,200,OK,AddContact 1-5,text,true,,2477,1626,15,30,30,0,1
1537443164643,30,Add_ContactAction,200,"Number of samples in transaction : 2, number of failing samples : 0",AddContact 1-5,,true,,2477,1626,15,30,30,2934,1
1537443166695,16,Add_ContactForm,200,OK,AddContact 1-9,text,true,,3239,474,15,30,16,0,0
1537443165724,16,Add_ContactForm,200,"Number of samples in transaction : 2, number of failing samples : 0",AddContact 1-9,,true,,3239,474,15,30,16,972,0
1537443167002,26,Del_Contact,200,OK,DeleteContact 2-11,text,true,,2484,510,15,30,26,0,1
1537443164980,26,Del_Contact,200,"Number of samples in transaction : 2, number of failing samples : 0",DeleteContact 2-11,,true,,2484,510,15,30,26,2931,1
1537443167264,54,Add_MainPage,200,OK,AddContact 1-11,text,true,,15426,446,15,30,53,0,1
1537443166290,54,Add_MainPage,200,"Number of samples in transaction : 2, number of failing samples : 0",AddContact 1-11,,true,,15426,446,15,30,53,975,1
1537443167265,57,Del_MainPage,200,OK,DeleteContact 2-5,text,true,,15426,446,15,30,56,0,1
1537443166249,57,Del_MainPage,200,"Number of samples in transaction : 2, number of failing samples : 0",DeleteContact 2-5,,true,,15426,446,15,30,56,1018,1
1537443167542,20,Add_ContactForm,200,OK,AddContact 1-10,text,true,,3239,474,15,30,20,0,0
1537443166566,20,Add_ContactForm,200,"Number of samples in transaction : 2, number of failing samples : 0",AddContact 1-10,,true,,3239,474,15,30,20,976,0
1537443167649,27,Del_Contact,200,OK,DeleteContact 2-12,text,true,,2484,510,15,30,27,0,1
1537443165625,27,Del_Contact,200,"Number of samples in transaction : 2, number of failing samples : 0",DeleteContact 2-12,,true,,2484,510,15,30,27,2933,1
1537443167803,36,Del_MainPage,200,OK,DeleteContact 2-6,text,true,,15351,446,15,30,34,0,1
1537443166818,36,Del_MainPage,200,"Number of samples in transaction : 2, number of failing samples : 0",DeleteContact 2-6,,true,,15351,446,15,30,34,988,1
1537443168111,27,Del_ContactFrom,200,OK,DeleteContact 2-14,text,true,,3377,481,15,30,27,0,1
1537443165173,27,Del_ContactFrom,200,"Number of samples in transaction : 2, number of failing samples : 0",DeleteContact 2-14,,true,,3377,481,15,30,27,2938,1
1537443168311,16,Add_ContactForm,200,OK,AddContact 1-11,text,true,,3239,474,15,30,16,0,0
1537443167319,16,Add_ContactForm,200,"Number of samples in transaction : 2, number of failing samples : 0",AddContact 1-11,,true,,3239,474,15,30,16,992,0
1537443168341,19,Del_ContactFrom,200,OK,DeleteContact 2-2,text,true,,3328,481,15,30,19,0,3
1537443165399,19,Del_ContactFrom,200,"Number of samples in transaction : 2, number of failing samples : 0",DeleteContact 2-2,,true,,3328,481,15,30,19,2942,3
1537443168357,50,Del_Contact,200,OK,DeleteContact 2-13,text,true,,2483,510,15,30,50,0,0
1537443165409,50,Del_Contact,200,"Number of samples in transaction : 2, number of failing samples : 0",DeleteContact 2-13,,true,,2483,510,15,30,50,2948,0
1537443168372,43,Del_ContactFrom,200,OK,DeleteContact 2-15,text,true,,3334,481,15,30,43,0,0
1537443165430,43,Del_ContactFrom,200,"Number of samples in transaction : 2, number of failing samples : 0",DeleteContact 2-15,,true,,3334,481,15,30,43,2942,0
1537443168373,44,Del_ContactFrom,200,OK,DeleteContact 2-3,text,true,,3323,481,15,30,44,0,0
1537443165436,44,Del_ContactFrom,200,"Number of samples in transaction : 2, number of failing samples : 0",DeleteContact 2-3,,true,,3323,481,15,30,44,2938,0
1537443168393,27,Del_ContactFrom,200,OK,DeleteContact 2-1,text,true,,3347,481,15,30,27,0,0
1537443165441,27,Del_ContactFrom,200,"Number of samples in transaction : 2, number of failing samples : 0",DeleteContact 2-1,,true,,3347,481,15,30,27,2952,0
1537443168665,53,Add_ContactAction,200,OK,AddContact 1-6,text,true,,2477,1403,15,30,53,0,1
1537443165714,53,Add_ContactAction,200,"Number of samples in transaction : 2, number of failing samples : 0",AddContact 1-6,,true,,2477,1403,15,30,53,2951,1
1537443168666,62,Add_ContactAction,200,OK,AddContact 1-7,text,true,,2477,1097,15,30,62,0,1
1537443165716,62,Add_ContactAction,200,"Number of samples in transaction : 2, number of failing samples : 0",AddContact 1-7,,true,,2477,1097,15,30,62,2950,1
1537443169019,17,Del_ContactFrom,200,OK,DeleteContact 2-4,text,true,,3351,481,15,30,17,0,1
1537443166069,17,Del_ContactFrom,200,"Number of samples in transaction : 2, number of failing samples : 0",DeleteContact 2-4,,true,,3351,481,15,30,17,2950,1
1537443169096,27,Add_ContactAction,200,OK,AddContact 1-8,text,true,,2477,1367,15,30,27,0,1
1537443166154,27,Add_ContactAction,200,"Number of samples in transaction : 2, number of failing samples : 0",AddContact 1-8,,true,,2477,1367,15,30,27,2943,1
1537443169203,74,Add_MainPage,200,OK,AddContact 1-12,text,true,,15607,446,15,30,73,0,27
1537443168219,74,Add_MainPage,200,"Number of samples in transaction : 2, number of failing samples : 0",AddContact 1-12,,true,,15607,446,15,30,73,985,27
1537443169231,50,Add_MainPage,200,OK,AddContact 1-13,text,true,,15607,446,15,30,49,0,0
1537443168219,50,Add_MainPage,200,"Number of samples in transaction : 2, number of failing samples : 0",AddContact 1-13,,true,,15607,446,15,30,49,1012,0
1537443169665,28,Add_ContactAction,200,OK,AddContact 1-9,text,true,,2477,1139,15,30,28,0,1
1537443166712,28,Add_ContactAction,200,"Number of samples in transaction : 2, number of failing samples : 0",AddContact 1-9,,true,,2477,1139,15,30,28,2953,1
1537443169676,38,Del_MainPage,200,OK,DeleteContact 2-7,text,true,,15710,446,15,30,37,0,0
1537443169232,38,Del_MainPage,200,"Number of samples in transaction : 2, number of failing samples : 0",DeleteContact 2-7,,true,,15710,446,15,30,37,976,0
1537443169723,50,Add_ContactForm,200,OK,AddContact 1-12,text,true,,3239,474,15,30,50,0,0
1537443169278,50,Add_ContactForm,200,"Number of samples in transaction : 2, number of failing samples : 0",AddContact 1-12,,true,,3239,474,15,30,50,973,0
1537443169747,29,Add_ContactForm,200,OK,AddContact 1-13,text,true,,3239,474,15,30,29,0,0
1537443169281,29,Add_ContactForm,200,"Number of samples in transaction : 2, number of failing samples : 0",AddContact 1-13,,true,,3239,474,15,30,29,994,0
1537443169744,40,Del_ContactFrom,200,OK,DeleteContact 2-5,text,true,,3323,481,15,30,40,0,0
1537443167324,40,Del_ContactFrom,200,"Number of samples in transaction : 2, number of failing samples : 0",DeleteContact 2-5,,true,,3323,481,15,30,40,2948,0
1537443169722,65,Add_MainPage,200,OK,AddContact 1-14,text,true,,15710,446,15,30,64,0,0
1537443169265,65,Add_MainPage,200,"Number of samples in transaction : 2, number of failing samples : 0",AddContact 1-14,,true,,15710,446,15,30,64,986,0
1537443169984,27,Add_ContactAction,200,OK,AddContact 1-10,text,true,,2477,1217,15,30,27,0,1
1537443167562,27,Add_ContactAction,200,"Number of samples in transaction : 2, number of failing samples : 0",AddContact 1-10,,true,,2477,1217,15,30,27,2951,1
1537443170046,33,Add_MainPage,200,OK,AddContact 1-1,text,true,,15839,446,15,30,32,0,0
1537443169588,33,Add_MainPage,200,"Number of samples in transaction : 2, number of failing samples : 0",AddContact 1-1,,true,,15839,446,15,30,32,986,0
1537443170261,25,Del_ContactFrom,200,OK,DeleteContact 2-6,text,true,,3323,481,15,30,25,0,1
1537443167842,25,Del_ContactFrom,200,"Number of samples in transaction : 2, number of failing samples : 0",DeleteContact 2-6,,true,,3323,481,15,30,25,2948,1
1537443170538,65,Del_MainPage,200,OK,DeleteContact 2-8,text,true,,15839,446,15,30,64,0,0
1537443169553,65,Del_MainPage,200,"Number of samples in transaction : 2, number of failing samples : 0",DeleteContact 2-8,,true,,15839,446,15,30,64,987,0
1537443170539,69,Del_MainPage,200,OK,DeleteContact 2-9,text,true,,15839,446,15,30,68,0,0
1537443169553,69,Del_MainPage,200,"Number of samples in transaction : 2, number of failing samples : 0",DeleteContact 2-9,,true,,15839,446,15,30,68,988,0
1537443170573,77,Del_Contact,200,OK,DeleteContact 2-14,text,true,,2484,510,15,30,77,0,1
1537443168138,77,Del_Contact,200,"Number of samples in transaction : 2, number of failing samples : 0",DeleteContact 2-14,,true,,2484,510,15,30,77,2964,1
1537443170751,22,Add_ContactAction,200,OK,AddContact 1-11,text,true,,2477,1517,15,30,22,0,1
1537443168327,22,Add_ContactAction,200,"Number of samples in transaction : 2, number of failing samples : 0",AddContact 1-11,,true,,2477,1517,15,30,22,2952,1
1537443170783,23,Add_ContactForm,200,OK,AddContact 1-14,text,true,,3239,474,15,30,23,0,0
1537443169788,23,Add_ContactForm,200,"Number of samples in transaction : 2, number of failing samples : 0",AddContact 1-14,,true,,3239,474,15,30,23,995,0
1537443170784,26,Del_Contact,200,OK,DeleteContact 2-2,text,true,,2484,510,15,30,26,0,0
1537443168360,26,Del_Contact,200,"Number of samples in transaction : 2, number of failing samples : 0",DeleteContact 2-2,,true,,2484,510,15,30,26,2952,0
1537443170814,57,Del_MainPage,200,OK,DeleteContact 2-10,text,true,,15715,446,15,30,56,0,1
1537443169818,57,Del_MainPage,200,"Number of samples in transaction : 2, number of failing samples : 0",DeleteContact 2-10,,true,,15715,446,15,30,56,1002,1
1537443170839,46,Del_Contact,200,OK,DeleteContact 2-15,text,true,,2484,510,15,30,46,0,0
1537443168415,46,Del_Contact,200,"Number of samples in transaction : 2, number of failing samples : 0",DeleteContact 2-15,,true,,2484,510,15,30,46,2953,0
1537443170841,62,Del_Contact,200,OK,DeleteContact 2-3,text,true,,2484,510,15,30,62,0,0
1537443168418,62,Del_Contact,200,"Number of samples in transaction : 2, number of failing samples : 0",DeleteContact 2-3,,true,,2484,510,15,30,62,2951,0
1537443170850,56,Del_Contact,200,OK,DeleteContact 2-1,text,true,,2484,510,15,30,56,0,1
1537443168420,56,Del_Contact,200,"Number of samples in transaction : 2, number of failing samples : 0",DeleteContact 2-1,,true,,2484,510,15,30,56,2959,1
1537443171061,24,Add_ContactForm,200,OK,AddContact 1-1,text,true,,3239,474,15,30,24,0,0
1537443170079,24,Add_ContactForm,200,"Number of samples in transaction : 2, number of failing samples : 0",AddContact 1-1,,true,,3239,474,15,30,24,982,0
1537443171384,50,Add_MainPage,200,OK,AddContact 1-15,text,true,,15192,446,15,30,49,0,1
1537443170399,50,Add_MainPage,200,"Number of samples in transaction : 2, number of failing samples : 0",AddContact 1-15,,true,,15192,446,15,30,49,985,1
1537443171460,14,Del_Contact,200,OK,DeleteContact 2-4,text,true,,2484,510,15,30,14,0,0
1537443169036,14,Del_Contact,200,"Number of samples in transaction : 2, number of failing samples : 0",DeleteContact 2-4,,true,,2484,510,15,30,14,2953,0
1537443171476,19,Add_MainPage,200,OK,AddContact 1-2,text,true,,15026,446,15,30,18,0,0
1537443170491,19,Add_MainPage,200,"Number of samples in transaction : 2, number of failing samples : 0",AddContact 1-2,,true,,15026,446,15,30,18,985,0
1537443172415,32,Add_ContactForm,200,OK,AddContact 1-15,text,true,,3239,474,15,30,32,0,0
1537443171434,32,Add_ContactForm,200,"Number of samples in transaction : 2, number of failing samples : 0",AddContact 1-15,,true,,3239,474,15,30,32,981,0
1537443172400,55,Del_MainPage,200,OK,DeleteContact 2-11,text,true,,15026,446,15,30,54,0,1
1537443171415,55,Del_MainPage,200,"Number of samples in transaction : 2, number of failing samples : 0",DeleteContact 2-11,,true,,15026,446,15,30,54,987,1
1537443172477,12,Add_ContactForm,200,OK,AddContact 1-2,text,true,,3239,474,15,30,12,0,0
1537443171495,12,Add_ContactForm,200,"Number of samples in transaction : 2, number of failing samples : 0",AddContact 1-2,,true,,3239,474,15,30,12,983,0
1537443172492,20,Add_MainPage,200,OK,AddContact 1-3,text,true,,15026,446,15,30,19,0,1
1537443171507,20,Add_MainPage,200,"Number of samples in transaction : 2, number of failing samples : 0",AddContact 1-3,,true,,15026,446,15,30,19,985,1
1537443172661,26,Del_ContactFrom,200,OK,DeleteContact 2-7,text,true,,3175,481,15,30,25,0,1
1537443169718,26,Del_ContactFrom,200,"Number of samples in transaction : 2, number of failing samples : 0",DeleteContact 2-7,,true,,3175,481,15,30,25,2943,1
1537443172717,78,Add_MainPage,200,OK,AddContact 1-4,text,true,,15026,446,15,30,78,0,1
1537443171739,78,Add_MainPage,200,"Number of samples in transaction : 2, number of failing samples : 0",AddContact 1-4,,true,,15026,446,15,30,78,978,1
1537443172722,75,Add_ContactAction,200,OK,AddContact 1-12,text,true,,2477,1680,15,30,75,0,1
1537443169773,75,Add_ContactAction,200,"Number of samples in transaction : 2, number of failing samples : 0",AddContact 1-12,,true,,2477,1680,15,30,75,2949,1
1537443172741,60,Del_Contact,200,OK,DeleteContact 2-5,text,true,,2489,510,15,30,60,0,0
1537443169784,60,Del_Contact,200,"Number of samples in transaction : 2, number of failing samples : 0",DeleteContact 2-5,,true,,2489,510,15,30,60,2958,0
1537443172739,66,Add_ContactAction,200,OK,AddContact 1-13,text,true,,2477,1169,15,30,66,0,1
1537443169776,66,Add_ContactAction,200,"Number of samples in transaction : 2, number of failing samples : 0",AddContact 1-13,,true,,2477,1169,15,30,66,2964,1
1537443173046,38,Del_MainPage,200,OK,DeleteContact 2-12,text,true,,15364,446,15,30,36,0,1
1537443172061,38,Del_MainPage,200,"Number of samples in transaction : 2, number of failing samples : 0",DeleteContact 2-12,,true,,15364,446,15,30,36,988,1
1537443173215,22,Del_Contact,200,OK,DeleteContact 2-6,text,true,,2489,510,15,30,22,0,1
1537443170287,22,Del_Contact,200,"Number of samples in transaction : 2, number of failing samples : 0",DeleteContact 2-6,,true,,2489,510,15,30,22,2928,1
1537443173492,23,Add_ContactForm,200,OK,AddContact 1-3,text,true,,3239,474,15,30,23,0,0
1537443172512,23,Add_ContactForm,200,"Number of samples in transaction : 2, number of failing samples : 0",AddContact 1-3,,true,,3239,474,15,30,23,981,0
1537443173538,43,Del_ContactFrom,200,OK,DeleteContact 2-8,text,true,,3344,481,15,30,43,0,1
1537443170605,43,Del_ContactFrom,200,"Number of samples in transaction : 2, number of failing samples : 0",DeleteContact 2-8,,true,,3344,481,15,30,43,2934,1
1537443173539,46,Del_ContactFrom,200,OK,DeleteContact 2-9,text,true,,3281,481,15,30,46,0,1
1537443170610,46,Del_ContactFrom,200,"Number of samples in transaction : 2, number of failing samples : 0",DeleteContact 2-9,,true,,3281,481,15,30,46,2929,1
1537443173734,29,Add_ContactAction,200,OK,AddContact 1-14,text,true,,2477,1632,15,30,29,0,1
1537443170806,29,Add_ContactAction,200,"Number of samples in transaction : 2, number of failing samples : 0",AddContact 1-14,,true,,2477,1632,15,30,29,2928,1
1537443173770,79,Add_ContactForm,200,OK,AddContact 1-4,text,true,,3239,474,15,30,79,0,0
1537443172795,79,Add_ContactForm,200,"Number of samples in transaction : 2, number of failing samples : 0",AddContact 1-4,,true,,3239,474,15,30,79,975,0
1537443173834,24,Del_ContactFrom,200,OK,DeleteContact 2-10,text,true,,3387,481,15,30,24,0,0
1537443170877,24,Del_ContactFrom,200,"Number of samples in transaction : 2, number of failing samples : 0",DeleteContact 2-10,,true,,3387,481,15,30,24,2957,0
1537443173769,93,Del_MainPage,200,OK,DeleteContact 2-13,text,true,,15576,446,15,30,92,0,1
1537443172792,93,Del_MainPage,200,"Number of samples in transaction : 2, number of failing samples : 0",DeleteContact 2-13,,true,,15576,446,15,30,92,979,1
1537443174015,54,Add_ContactAction,200,OK,AddContact 1-1,text,true,,2477,1517,15,30,54,0,1
1537443171085,54,Add_ContactAction,200,"Number of samples in transaction : 2, number of failing samples : 0",AddContact 1-1,,true,,2477,1517,15,30,54,2930,1
1537443174034,38,Add_MainPage,200,OK,AddContact 1-5,text,true,,15576,446,15,30,37,0,1
1537443173046,38,Add_MainPage,200,"Number of samples in transaction : 2, number of failing samples : 0",AddContact 1-5,,true,,15576,446,15,30,37,988,1
1537443174533,22,Add_ContactForm,200,OK,AddContact 1-5,text,true,,3239,474,15,30,22,0,0
1537443174072,22,Add_ContactForm,200,"Number of samples in transaction : 2, number of failing samples : 0",AddContact 1-5,,true,,3239,474,15,30,22,975,0
1537443174855,50,Del_ContactFrom,200,OK,DeleteContact 2-11,text,true,,3377,481,15,30,50,0,1
1537443172457,50,Del_ContactFrom,200,"Number of samples in transaction : 2, number of failing samples : 0",DeleteContact 2-11,,true,,3377,481,15,30,50,2912,1
1537443174856,54,Add_ContactAction,200,OK,AddContact 1-15,text,true,,2477,1301,15,30,54,0,1
1537443172447,54,Add_ContactAction,200,"Number of samples in transaction : 2, number of failing samples : 0",AddContact 1-15,,true,,2477,1301,15,30,54,2923,1
1537443174886,27,Add_ContactAction,200,OK,AddContact 1-2,text,true,,2477,1355,15,30,27,0,1
1537443172490,27,Add_ContactAction,200,"Number of samples in transaction : 2, number of failing samples : 0",AddContact 1-2,,true,,2477,1355,15,30,27,2910,1
1537443175086,24,Del_Contact,200,OK,DeleteContact 2-7,text,true,,2490,510,15,30,24,0,1
1537443172687,24,Del_Contact,200,"Number of samples in transaction : 2, number of failing samples : 0",DeleteContact 2-7,,true,,2490,510,15,30,24,2913,1
1537443175502,50,Del_ContactFrom,200,OK,DeleteContact 2-12,text,true,,3385,481,15,30,50,0,1
1537443173087,50,Del_ContactFrom,200,"Number of samples in transaction : 2, number of failing samples : 0",DeleteContact 2-12,,true,,3385,481,15,30,50,2929,1
1537443175517,49,Add_MainPage,200,OK,AddContact 1-6,text,true,,16097,446,15,30,48,0,1
1537443174532,49,Add_MainPage,200,"Number of samples in transaction : 2, number of failing samples : 0",AddContact 1-6,,true,,16097,446,15,30,48,985,1
1537443175533,37,Add_MainPage,200,OK,AddContact 1-7,text,true,,16097,446,15,30,36,0,1
1537443174550,37,Add_MainPage,200,"Number of samples in transaction : 2, number of failing samples : 0",AddContact 1-7,,true,,16097,446,15,30,36,983,1
1537443175918,43,Add_MainPage,200,OK,AddContact 1-8,text,true,,16097,446,15,30,42,0,1
1537443174932,43,Add_MainPage,200,"Number of samples in transaction : 2, number of failing samples : 0",AddContact 1-8,,true,,16097,446,15,30,42,986,1
1537443175933,30,Add_ContactAction,200,OK,AddContact 1-3,text,true,,2477,1692,15,30,30,0,0
1537443173516,30,Add_ContactAction,200,"Number of samples in transaction : 2, number of failing samples : 0",AddContact 1-3,,true,,2477,1692,15,30,30,2931,0
1537443175994,47,Del_Contact,200,OK,DeleteContact 2-8,text,true,,2484,510,15,30,47,0,0
1537443173582,47,Del_Contact,200,"Number of samples in transaction : 2, number of failing samples : 0",DeleteContact 2-8,,true,,2484,510,15,30,47,2926,0
1537443176012,42,Del_MainPage,200,OK,DeleteContact 2-14,text,true,,16231,446,15,30,41,0,1
1537443175025,42,Del_MainPage,200,"Number of samples in transaction : 2, number of failing samples : 0",DeleteContact 2-14,,true,,16231,446,15,30,41,989,1
1537443176009,50,Del_Contact,200,OK,DeleteContact 2-9,text,true,,2484,510,15,30,50,0,1
1537443173585,50,Del_Contact,200,"Number of samples in transaction : 2, number of failing samples : 0",DeleteContact 2-9,,true,,2484,510,15,30,50,2938,1
1537443176164,39,Del_MainPage,200,OK,DeleteContact 2-2,text,true,,16117,446,15,30,37,0,1
1537443175179,39,Del_MainPage,200,"Number of samples in transaction : 2, number of failing samples : 0",DeleteContact 2-2,,true,,16117,446,15,30,37,989,1
1537443176241,70,Del_MainPage,200,OK,DeleteContact 2-15,text,true,,16117,446,15,30,69,0,0
1537443175256,70,Del_MainPage,200,"Number of samples in transaction : 2, number of failing samples : 0",DeleteContact 2-15,,true,,16117,446,15,30,69,987,0
1537443176284,57,Del_ContactFrom,200,OK,DeleteContact 2-13,text,true,,3313,481,15,30,57,0,0
1537443173864,57,Del_ContactFrom,200,"Number of samples in transaction : 2, number of failing samples : 0",DeleteContact 2-13,,true,,3313,481,15,30,57,2934,0
1537443176260,84,Del_MainPage,200,OK,DeleteContact 2-3,text,true,,16117,446,15,30,84,0,1
1537443175271,84,Del_MainPage,200,"Number of samples in transaction : 2, number of failing samples : 0",DeleteContact 2-3,,true,,16117,446,15,30,84,992,1
1537443176280,71,Del_MainPage,200,OK,DeleteContact 2-1,text,true,,16117,446,15,30,70,0,1
1537443175286,71,Del_MainPage,200,"Number of samples in transaction : 2, number of failing samples : 0",DeleteContact 2-1,,true,,16117,446,15,30,70,996,1
1537443176270,89,Add_ContactAction,200,OK,AddContact 1-4,text,true,,2477,1409,15,30,89,0,1
1537443173849,89,Add_ContactAction,200,"Number of samples in transaction : 2, number of failing samples : 0",AddContact 1-4,,true,,2477,1409,15,30,89,2935,1
1537443176271,96,Del_Contact,200,OK,DeleteContact 2-10,text,true,,2485,510,15,30,96,0,0
1537443173858,96,Del_Contact,200,"Number of samples in transaction : 2, number of failing samples : 0",DeleteContact 2-10,,true,,2485,510,15,30,96,2927,0
1537443176487,38,Add_MainPage,200,OK,AddContact 1-9,text,true,,16077,446,15,30,36,0,0
1537443175503,38,Add_MainPage,200,"Number of samples in transaction : 2, number of failing samples : 0",AddContact 1-9,,true,,16077,446,15,30,36,985,0
1537443176549,27,Add_ContactForm,200,OK,AddContact 1-6,text,true,,3239,474,15,30,27,0,0
1537443175566,27,Add_ContactForm,200,"Number of samples in transaction : 2, number of failing samples : 0",AddContact 1-6,,true,,3239,474,15,30,27,983,0
1537443176549,29,Add_ContactForm,200,OK,AddContact 1-7,text,true,,3239,474,15,30,29,0,0
1537443175570,29,Add_ContactForm,200,"Number of samples in transaction : 2, number of failing samples : 0",AddContact 1-7,,true,,3239,474,15,30,29,979,0
1537443176826,22,Del_MainPage,200,OK,DeleteContact 2-4,text,true,,16077,446,15,30,20,0,0
1537443175841,22,Del_MainPage,200,"Number of samples in transaction : 2, number of failing samples : 0",DeleteContact 2-4,,true,,16077,446,15,30,20,988,0
1537443176933,12,Add_ContactForm,200,OK,AddContact 1-8,text,true,,3239,474,15,30,12,0,0
1537443175961,12,Add_ContactForm,200,"Number of samples in transaction : 2, number of failing samples : 0",AddContact 1-8,,true,,3239,474,15,30,12,972,0
1537443177319,30,Add_MainPage,200,OK,AddContact 1-10,text,true,,16077,446,15,30,29,0,0
1537443176339,30,Add_MainPage,200,"Number of samples in transaction : 2, number of failing samples : 0",AddContact 1-10,,true,,16077,446,15,30,29,981,0
1537443177502,40,Add_ContactForm,200,OK,AddContact 1-9,text,true,,3239,474,15,30,40,0,0
1537443176526,40,Add_ContactForm,200,"Number of samples in transaction : 2, number of failing samples : 0",AddContact 1-9,,true,,3239,474,15,30,40,976,0
1537443177503,44,Add_ContactAction,200,OK,AddContact 1-5,text,true,,2477,1355,15,30,44,0,0
1537443174555,44,Add_ContactAction,200,"Number of samples in transaction : 2, number of failing samples : 0",AddContact 1-5,,true,,2477,1355,15,30,44,2948,0
1537443177857,28,Del_Contact,200,OK,DeleteContact 2-11,text,true,,2484,510,15,30,28,0,0
1537443174905,28,Del_Contact,200,"Number of samples in transaction : 2, number of failing samples : 0",DeleteContact 2-11,,true,,2484,510,15,30,28,2952,0
1537443178087,41,Add_MainPage,200,OK,AddContact 1-11,text,true,,16036,446,15,30,39,0,1
1537443177102,41,Add_MainPage,200,"Number of samples in transaction : 2, number of failing samples : 0",AddContact 1-11,,true,,16036,446,15,30,39,985,1
1537443178164,31,Del_MainPage,200,OK,DeleteContact 2-5,text,true,,16036,446,15,30,30,0,1
1537443177179,31,Del_MainPage,200,"Number of samples in transaction : 2, number of failing samples : 0",DeleteContact 2-5,,true,,16036,446,15,30,30,987,1
1537443178333,25,Add_ContactForm,200,OK,AddContact 1-10,text,true,,3239,474,15,30,24,0,0
1537443177350,25,Add_ContactForm,200,"Number of samples in transaction : 2, number of failing samples : 0",AddContact 1-10,,true,,3239,474,15,30,24,983,0
1537443178487,27,Del_Contact,200,OK,DeleteContact 2-12,text,true,,2484,510,15,30,27,0,1
1537443175552,27,Del_Contact,200,"Number of samples in transaction : 2, number of failing samples : 0",DeleteContact 2-12,,true,,2484,510,15,30,27,2936,1
1537443178515,36,Del_MainPage,200,OK,DeleteContact 2-6,text,true,,15814,446,15,30,35,0,0
1537443177610,36,Del_MainPage,200,"Number of samples in transaction : 2, number of failing samples : 0",DeleteContact 2-6,,true,,15814,446,15,30,35,988,0
1537443178915,26,Del_ContactFrom,200,OK,DeleteContact 2-14,text,true,,3395,481,15,30,26,0,1
1537443176056,26,Del_ContactFrom,200,"Number of samples in transaction : 2, number of failing samples : 0",DeleteContact 2-14,,true,,3395,481,15,30,26,2940,1
1537443179024,27,Add_ContactForm,200,OK,AddContact 1-11,text,true,,3239,474,15,30,27,0,0
1537443178128,27,Add_ContactForm,200,"Number of samples in transaction : 2, number of failing samples : 0",AddContact 1-11,,true,,3239,474,15,30,27,976,0
1537443179053,17,Del_ContactFrom,200,OK,DeleteContact 2-2,text,true,,3374,481,15,30,17,0,1
1537443176207,17,Del_ContactFrom,200,"Number of samples in transaction : 2, number of failing samples : 0",DeleteContact 2-2,,true,,3374,481,15,30,17,2926,1
1537443179177,29,Del_ContactFrom,200,OK,DeleteContact 2-15,text,true,,3269,481,15,30,29,0,0
1537443176313,29,Del_ContactFrom,200,"Number of samples in transaction : 2, number of failing samples : 0",DeleteContact 2-15,,true,,3269,481,15,30,29,2944,0
1537443179208,35,Del_ContactFrom,200,OK,DeleteContact 2-1,text,true,,3407,481,15,30,35,0,0
1537443176353,35,Del_ContactFrom,200,"Number of samples in transaction : 2, number of failing samples : 0",DeleteContact 2-1,,true,,3407,481,15,30,35,2935,0
1537443179208,37,Del_ContactFrom,200,OK,DeleteContact 2-3,text,true,,3416,481,15,30,37,0,0
1537443176347,37,Del_ContactFrom,200,"Number of samples in transaction : 2, number of failing samples : 0",DeleteContact 2-3,,true,,3416,481,15,30,37,2941,0
1537443179207,164,Del_Contact,200,OK,DeleteContact 2-13,text,true,,2484,510,15,30,164,0,0
1537443176341,164,Del_Contact,200,"Number of samples in transaction : 2, number of failing samples : 0",DeleteContact 2-13,,true,,2484,510,15,30,164,2946,0
1537443179439,54,Add_ContactAction,200,OK,AddContact 1-6,text,true,,2477,1451,15,30,54,0,0
1537443176576,54,Add_ContactAction,200,"Number of samples in transaction : 2, number of failing samples : 0",AddContact 1-6,,true,,2477,1451,15,30,54,2943,0
1537443179458,49,Add_ContactAction,200,OK,AddContact 1-7,text,true,,2477,1121,15,30,49,0,1
1537443176578,49,Add_ContactAction,200,"Number of samples in transaction : 2, number of failing samples : 0",AddContact 1-7,,true,,2477,1121,15,30,49,2960,1
1537443179715,17,Del_ContactFrom,200,OK,DeleteContact 2-4,text,true,,3304,481,15,30,17,0,1
1537443176851,17,Del_ContactFrom,200,"Number of samples in transaction : 2, number of failing samples : 0",DeleteContact 2-4,,true,,3304,481,15,30,17,2945,1
1537443179808,27,Add_ContactAction,200,OK,AddContact 1-8,text,true,,2477,1475,15,30,27,0,1
1537443176945,27,Add_ContactAction,200,"Number of samples in transaction : 2, number of failing samples : 0",AddContact 1-8,,true,,2477,1475,15,30,27,2943,1
1537443180038,50,Add_MainPage,200,OK,AddContact 1-12,text,true,,16175,446,15,30,49,0,1
1537443179053,50,Add_MainPage,200,"Number of samples in transaction : 2, number of failing samples : 0",AddContact 1-12,,true,,16175,446,15,30,49,985,1
1537443180039,53,Add_MainPage,200,OK,AddContact 1-13,text,true,,16175,446,15,30,52,0,1
1537443179054,53,Add_MainPage,200,"Number of samples in transaction : 2, number of failing samples : 0",AddContact 1-13,,true,,16175,446,15,30,52,985,1
1537443180393,28,Add_ContactAction,200,OK,AddContact 1-9,text,true,,2477,1067,15,30,28,0,0
1537443177542,28,Add_ContactAction,200,"Number of samples in transaction : 2, number of failing samples : 0",AddContact 1-9,,true,,2477,1067,15,30,28,2931,0
1537443180916,37,Del_MainPage,200,OK,DeleteContact 2-7,text,true,,16280,446,15,30,32,0,1
1537443179930,37,Del_MainPage,200,"Number of samples in transaction : 2, number of failing samples : 0",DeleteContact 2-7,,true,,16280,446,15,30,32,988,1
1537443181009,38,Add_MainPage,200,OK,AddContact 1-14,text,true,,16280,446,15,30,36,0,1
1537443180024,38,Add_MainPage,200,"Number of samples in transaction : 2, number of failing samples : 0",AddContact 1-14,,true,,16280,446,15,30,36,985,1
1537443181069,36,Add_ContactForm,200,OK,AddContact 1-12,text,true,,3239,474,15,30,36,0,0
1537443180088,36,Add_ContactForm,200,"Number of samples in transaction : 2, number of failing samples : 0",AddContact 1-12,,true,,3239,474,15,30,36,981,0
1537443181072,35,Add_ContactForm,200,OK,AddContact 1-13,text,true,,3239,474,15,30,35,0,0
1537443180092,35,Add_ContactForm,200,"Number of samples in transaction : 2, number of failing samples : 0",AddContact 1-13,,true,,3239,474,15,30,35,980,0
1537443181055,54,Del_ContactFrom,200,OK,DeleteContact 2-5,text,true,,3275,481,15,30,54,0,1
1537443178197,54,Del_ContactFrom,200,"Number of samples in transaction : 2, number of failing samples : 0",DeleteContact 2-5,,true,,3275,481,15,30,54,2938,1
1537443181208,29,Add_ContactAction,200,OK,AddContact 1-10,text,true,,2477,1487,15,30,29,0,1
1537443178358,29,Add_ContactAction,200,"Number of samples in transaction : 2, number of failing samples : 0",AddContact 1-10,,true,,2477,1487,15,30,29,2930,1
1537443181301,33,Add_MainPage,200,OK,AddContact 1-1,text,true,,16454,446,15,30,32,0,0
1537443180315,33,Add_MainPage,200,"Number of samples in transaction : 2, number of failing samples : 0",AddContact 1-1,,true,,16454,446,15,30,32,986,0
1537443181485,26,Del_ContactFrom,200,OK,DeleteContact 2-6,text,true,,3401,481,15,30,26,0,1
1537443178554,26,Del_ContactFrom,200,"Number of samples in transaction : 2, number of failing samples : 0",DeleteContact 2-6,,true,,3401,481,15,30,26,2931,1
1537443181854,66,Del_MainPage,200,OK,DeleteContact 2-8,text,true,,16454,446,15,30,65,0,1
1537443180869,66,Del_MainPage,200,"Number of samples in transaction : 2, number of failing samples : 0",DeleteContact 2-8,,true,,16454,446,15,30,65,987,1
1537443181870,56,Del_MainPage,200,OK,DeleteContact 2-9,text,true,,16454,446,15,30,55,0,1
1537443180885,56,Del_MainPage,200,"Number of samples in transaction : 2, number of failing samples : 0",DeleteContact 2-9,,true,,16454,446,15,30,55,987,1
1537443181874,60,Del_Contact,200,OK,DeleteContact 2-14,text,true,,2484,510,15,30,60,0,0
1537443178942,60,Del_Contact,200,"Number of samples in transaction : 2, number of failing samples : 0",DeleteContact 2-14,,true,,2484,510,15,30,60,2932,0
1537443181977,30,Add_ContactAction,200,OK,AddContact 1-11,text,true,,2477,1175,15,30,30,0,1
1537443179051,30,Add_ContactAction,200,"Number of samples in transaction : 2, number of failing samples : 0",AddContact 1-11,,true,,2477,1175,15,30,30,2926,1
1537443182008,27,Del_Contact,200,OK,DeleteContact 2-2,text,true,,2484,510,15,30,27,0,0
1537443179070,27,Del_Contact,200,"Number of samples in transaction : 2, number of failing samples : 0",DeleteContact 2-2,,true,,2484,510,15,30,27,2939,0
1537443182024,15,Add_ContactForm,200,OK,AddContact 1-14,text,true,,3239,474,15,30,15,0,0
1537443181047,15,Add_ContactForm,200,"Number of samples in transaction : 2, number of failing samples : 0",AddContact 1-14,,true,,3239,474,15,30,15,977,0
1537443182317,194,Add_ContactForm,200,OK,AddContact 1-1,text,true,,3239,474,15,30,194,0,0
1537443181334,194,Add_ContactForm,200,"Number of samples in transaction : 2, number of failing samples : 0",AddContact 1-1,,true,,3239,474,15,30,194,983,0
1537443182177,344,Del_MainPage,200,OK,DeleteContact 2-10,text,true,,16181,446,15,30,344,0,0
1537443181177,344,Del_MainPage,200,"Number of samples in transaction : 2, number of failing samples : 0",DeleteContact 2-10,,true,,16181,446,15,30,344,1003,0
1537443182129,411,Del_Contact,200,OK,DeleteContact 2-15,text,true,,2484,510,15,30,411,0,1
1537443179206,411,Del_Contact,200,"Number of samples in transaction : 2, number of failing samples : 0",DeleteContact 2-15,,true,,2484,510,15,30,411,2923,1
1537443182178,365,Del_Contact,200,OK,DeleteContact 2-3,text,true,,2484,510,15,30,365,0,0
1537443179245,365,Del_Contact,200,"Number of samples in transaction : 2, number of failing samples : 0",DeleteContact 2-3,,true,,2484,510,15,30,365,2934,0
1537443182178,367,Del_Contact,200,OK,DeleteContact 2-1,text,true,,2484,510,15,30,367,0,0
1537443179243,367,Del_Contact,200,"Number of samples in transaction : 2, number of failing samples : 0",DeleteContact 2-1,,true,,2484,510,15,30,367,2935,0
1537443182670,56,Add_MainPage,200,OK,AddContact 1-2,text,true,,15648,446,15,30,55,0,0
1537443181685,56,Add_MainPage,200,"Number of samples in transaction : 2, number of failing samples : 0",AddContact 1-2,,true,,15648,446,15,30,55,985,0
1537443182671,58,Add_MainPage,200,OK,AddContact 1-15,text,true,,15648,446,15,30,57,0,0
1537443181685,58,Add_MainPage,200,"Number of samples in transaction : 2, number of failing samples : 0",AddContact 1-15,,true,,15648,446,15,30,57,986,0
1537443182671,62,Del_Contact,200,OK,DeleteContact 2-4,text,true,,2484,510,15,30,62,0,1
1537443179733,62,Del_Contact,200,"Number of samples in transaction : 2, number of failing samples : 0",DeleteContact 2-4,,true,,2484,510,15,30,62,2938,1
1537443183612,34,Del_MainPage,200,OK,DeleteContact 2-11,text,true,,15501,446,15,30,32,0,1
1537443182685,34,Del_MainPage,200,"Number of samples in transaction : 2, number of failing samples : 0",DeleteContact 2-11,,true,,15501,446,15,30,32,987,1
1537443183643,37,Add_ContactForm,200,OK,AddContact 1-2,text,true,,3239,474,15,30,36,0,0
1537443182726,37,Add_ContactForm,200,"Number of samples in transaction : 2, number of failing samples : 0",AddContact 1-2,,true,,3239,474,15,30,36,975,0
1537443183643,38,Add_ContactForm,200,OK,AddContact 1-15,text,true,,3239,474,15,30,38,0,0
1537443182729,38,Add_ContactForm,200,"Number of samples in transaction : 2, number of failing samples : 0",AddContact 1-15,,true,,3239,474,15,30,38,973,0
1537443183643,48,Add_MainPage,200,OK,AddContact 1-3,text,true,,15501,446,15,30,47,0,0
1537443182716,48,Add_MainPage,200,"Number of samples in transaction : 2, number of failing samples : 0",AddContact 1-3,,true,,15501,446,15,30,47,985,0
1537443183827,25,Del_ContactFrom,200,OK,DeleteContact 2-7,text,true,,3335,481,15,30,25,0,1
1537443180955,25,Del_ContactFrom,200,"Number of samples in transaction : 2, number of failing samples : 0",DeleteContact 2-7,,true,,3335,481,15,30,25,2931,1
1537443183981,96,Add_ContactAction,200,OK,AddContact 1-12,text,true,,2477,1656,15,30,96,0,1
1537443181105,96,Add_ContactAction,200,"Number of samples in transaction : 2, number of failing samples : 0",AddContact 1-12,,true,,2477,1656,15,30,96,2934,1
1537443183983,96,Del_Contact,200,OK,DeleteContact 2-5,text,true,,2483,510,15,30,96,0,1
1537443181109,96,Del_Contact,200,"Number of samples in transaction : 2, number of failing samples : 0",DeleteContact 2-5,,true,,2483,510,15,30,96,2932,1
1537443183982,99,Add_ContactAction,200,OK,AddContact 1-13,text,true,,2477,1674,15,30,98,0,1
1537443181107,99,Add_ContactAction,200,"Number of samples in transaction : 2, number of failing samples : 0",AddContact 1-13,,true,,2477,1674,15,30,98,2933,1
1537443184044,40,Add_MainPage,200,OK,AddContact 1-4,text,true,,15709,446,15,30,39,0,0
1537443183122,40,Add_MainPage,200,"Number of samples in transaction : 2, number of failing samples : 0",AddContact 1-4,,true,,15709,446,15,30,39,980,0
1537443184243,39,Del_MainPage,200,OK,DeleteContact 2-12,text,true,,15842,446,15,30,38,0,0
1537443183316,39,Del_MainPage,200,"Number of samples in transaction : 2, number of failing samples : 0",DeleteContact 2-12,,true,,15842,446,15,30,38,987,0
1537443184381,236,Del_Contact,200,OK,DeleteContact 2-6,text,true,,2484,510,15,30,235,0,1
1537443181511,236,Del_Contact,200,"Number of samples in transaction : 2, number of failing samples : 0",DeleteContact 2-6,,true,,2484,510,15,30,235,2928,1
1537443184674,23,Add_ContactForm,200,OK,AddContact 1-3,text,true,,3239,474,15,30,23,0,0
1537443183691,23,Add_ContactForm,200,"Number of samples in transaction : 2, number of failing samples : 0",AddContact 1-3,,true,,3239,474,15,30,23,984,0
1537443184797,46,Del_ContactFrom,200,OK,DeleteContact 2-8,text,true,,3269,481,15,30,46,0,1
1537443181922,46,Del_ContactFrom,200,"Number of samples in transaction : 2, number of failing samples : 0",DeleteContact 2-8,,true,,3269,481,15,30,46,2934,1
1537443184798,48,Del_ContactFrom,200,OK,DeleteContact 2-9,text,true,,3360,481,15,30,48,0,1
1537443181928,48,Del_ContactFrom,200,"Number of samples in transaction : 2, number of failing samples : 0",DeleteContact 2-9,,true,,3360,481,15,30,48,2928,1
1537443184920,31,Add_ContactAction,200,OK,AddContact 1-14,text,true,,2477,1644,15,30,31,0,1
1537443182039,31,Add_ContactAction,200,"Number of samples in transaction : 2, number of failing samples : 0",AddContact 1-14,,true,,2477,1644,15,30,31,2940,1
1537443185067,20,Add_ContactForm,200,OK,AddContact 1-4,text,true,,3239,474,15,30,20,0,0
1537443184084,20,Add_ContactForm,200,"Number of samples in transaction : 2, number of failing samples : 0",AddContact 1-4,,true,,3239,474,15,30,20,983,0
1537443185182,40,Del_MainPage,200,OK,DeleteContact 2-13,text,true,,15858,446,15,30,38,0,1
1537443184197,40,Del_MainPage,200,"Number of samples in transaction : 2, number of failing samples : 0",DeleteContact 2-13,,true,,15858,446,15,30,38,990,1
1537443185229,21,Add_MainPage,200,OK,AddContact 1-5,text,true,,15858,446,15,30,20,0,1
1537443184244,21,Add_MainPage,200,"Number of samples in transaction : 2, number of failing samples : 0",AddContact 1-5,,true,,15858,446,15,30,20,985,1
1537443185401,18,Del_ContactFrom,200,OK,DeleteContact 2-10,text,true,,3418,481,15,30,18,0,1
1537443182524,18,Del_ContactFrom,200,"Number of samples in transaction : 2, number of failing samples : 0",DeleteContact 2-10,,true,,3418,481,15,30,18,2935,1
1537443185382,39,Add_ContactAction,200,OK,AddContact 1-1,text,true,,2477,1229,15,30,39,0,1
1537443182511,39,Add_ContactAction,200,"Number of samples in transaction : 2, number of failing samples : 0",AddContact 1-1,,true,,2477,1229,15,30,39,2929,1
1537443186228,24,Add_ContactForm,200,OK,AddContact 1-5,text,true,,3239,474,15,30,24,0,0
1537443185250,24,Add_ContactForm,200,"Number of samples in transaction : 2, number of failing samples : 0",AddContact 1-5,,true,,3239,474,15,30,24,979,0
1537443186582,27,Del_ContactFrom,200,OK,DeleteContact 2-11,text,true,,3286,481,15,30,27,0,1
1537443183648,27,Del_ContactFrom,200,"Number of samples in transaction : 2, number of failing samples : 0",DeleteContact 2-11,,true,,3286,481,15,30,27,2935,1
1537443186614,27,Add_ContactAction,200,OK,AddContact 1-15,text,true,,2477,1265,15,30,27,0,0
1537443183682,27,Add_ContactAction,200,"Number of samples in transaction : 2, number of failing samples : 0",AddContact 1-15,,true,,2477,1265,15,30,27,2932,0
1537443186615,29,Add_ContactAction,200,OK,AddContact 1-2,text,true,,2477,1247,15,30,29,0,0
1537443183680,29,Add_ContactAction,200,"Number of samples in transaction : 2, number of failing samples : 0",AddContact 1-2,,true,,2477,1247,15,30,29,2935,0
1537443186782,27,Del_Contact,200,OK,DeleteContact 2-7,text,true,,2484,510,15,30,27,0,1
1537443183853,27,Del_Contact,200,"Number of samples in transaction : 2, number of failing samples : 0",DeleteContact 2-7,,true,,2484,510,15,30,27,2929,1
1537443187213,25,Del_ContactFrom,200,OK,DeleteContact 2-12,text,true,,3385,481,15,30,25,0,1
1537443184284,25,Del_ContactFrom,200,"Number of samples in transaction : 2, number of failing samples : 0",DeleteContact 2-12,,true,,3385,481,15,30,25,2929,1
1537443187259,35,Add_MainPage,200,OK,AddContact 1-6,text,true,,16140,446,15,30,34,0,0
1537443186275,35,Add_MainPage,200,"Number of samples in transaction : 2, number of failing samples : 0",AddContact 1-6,,true,,16140,446,15,30,34,985,0
1537443187279,27,Add_MainPage,200,OK,AddContact 1-7,text,true,,16140,446,15,30,26,0,1
1537443186290,27,Add_MainPage,200,"Number of samples in transaction : 2, number of failing samples : 0",AddContact 1-7,,true,,16140,446,15,30,26,989,1
1537443187599,32,Add_MainPage,200,OK,AddContact 1-8,text,true,,16140,446,15,30,30,0,0
1537443186616,32,Add_MainPage,200,"Number of samples in transaction : 2, number of failing samples : 0",AddContact 1-8,,true,,16140,446,15,30,30,983,0
1537443187628,20,Add_ContactAction,200,OK,AddContact 1-3,text,true,,2477,1481,15,30,20,0,1
1537443184698,20,Add_ContactAction,200,"Number of samples in transaction : 2, number of failing samples : 0",AddContact 1-3,,true,,2477,1481,15,30,20,2930,1
1537443187752,60,Del_MainPage,200,OK,DeleteContact 2-14,text,true,,16336,446,15,30,60,0,0
1537443186766,60,Del_MainPage,200,"Number of samples in transaction : 2, number of failing samples : 0",DeleteContact 2-14,,true,,16336,446,15,30,60,988,0
1537443187783,49,Del_Contact,200,OK,DeleteContact 2-8,text,true,,2484,510,15,30,49,0,0
1537443184844,49,Del_Contact,200,"Number of samples in transaction : 2, number of failing samples : 0",DeleteContact 2-8,,true,,2484,510,15,30,49,2939,0
1537443187784,51,Del_Contact,200,OK,DeleteContact 2-9,text,true,,2484,510,15,30,51,0,0
1537443184846,51,Del_Contact,200,"Number of samples in transaction : 2, number of failing samples : 0",DeleteContact 2-9,,true,,2484,510,15,30,51,2938,0
1537443187845,19,Del_MainPage,200,OK,DeleteContact 2-2,text,true,,16058,446,15,30,18,0,0
1537443186859,19,Del_MainPage,200,"Number of samples in transaction : 2, number of failing samples : 0",DeleteContact 2-2,,true,,16058,446,15,30,18,989,0
1537443188029,27,Add_ContactAction,200,OK,AddContact 1-4,text,true,,2477,1247,15,30,26,0,0
1537443185087,27,Add_ContactAction,200,"Number of samples in transaction : 2, number of failing samples : 0",AddContact 1-4,,true,,2477,1247,15,30,26,2942,0
1537443188167,47,Del_ContactFrom,200,OK,DeleteContact 2-13,text,true,,3339,481,15,30,47,0,1
1537443185227,47,Del_ContactFrom,200,"Number of samples in transaction : 2, number of failing samples : 0",DeleteContact 2-13,,true,,3339,481,15,30,47,2940,1
1537443188185,39,Add_MainPage,200,OK,AddContact 1-9,text,true,,16124,446,15,30,38,0,1
1537443187197,39,Add_MainPage,200,"Number of samples in transaction : 2, number of failing samples : 0",AddContact 1-9,,true,,16124,446,15,30,38,988,1
1537443188664,36,Add_ContactForm,200,OK,AddContact 1-6,text,true,,3239,474,15,30,36,0,0
1537443187295,36,Add_ContactForm,200,"Number of samples in transaction : 2, number of failing samples : 0",AddContact 1-6,,true,,3239,474,15,30,36,981,0
1537443188682,20,Add_ContactForm,200,OK,AddContact 1-7,text,true,,3239,474,15,30,20,0,0
1537443187306,20,Add_ContactForm,200,"Number of samples in transaction : 2, number of failing samples : 0",AddContact 1-7,,true,,3239,474,15,30,20,988,0
1537443188757,52,Del_MainPage,200,OK,DeleteContact 2-15,text,true,,16124,446,15,30,51,0,1
1537443187383,52,Del_MainPage,200,"Number of samples in transaction : 2, number of failing samples : 0",DeleteContact 2-15,,true,,16124,446,15,30,51,987,1
1537443188758,81,Del_MainPage,200,OK,DeleteContact 2-3,text,true,,16124,446,15,30,80,0,1
1537443187383,81,Del_MainPage,200,"Number of samples in transaction : 2, number of failing samples : 0",DeleteContact 2-3,,true,,16124,446,15,30,80,988,1
1537443188759,95,Del_MainPage,200,OK,DeleteContact 2-1,text,true,,16124,446,15,30,95,0,0
1537443187383,95,Del_MainPage,200,"Number of samples in transaction : 2, number of failing samples : 0",DeleteContact 2-1,,true,,16124,446,15,30,95,989,0
1537443188760,99,Del_Contact,200,OK,DeleteContact 2-10,text,true,,2484,510,15,30,99,0,0
1537443185419,99,Del_Contact,200,"Number of samples in transaction : 2, number of failing samples : 0",DeleteContact 2-10,,true,,2484,510,15,30,99,2958,0
1537443188957,33,Del_MainPage,200,OK,DeleteContact 2-4,text,true,,15891,446,15,30,32,0,0
1537443187583,33,Del_MainPage,200,"Number of samples in transaction : 2, number of failing samples : 0",DeleteContact 2-4,,true,,15891,446,15,30,32,987,0
1537443189003,12,Add_ContactForm,200,OK,AddContact 1-8,text,true,,3239,474,15,30,12,0,0
1537443187631,12,Add_ContactForm,200,"Number of samples in transaction : 2, number of failing samples : 0",AddContact 1-8,,true,,3239,474,15,30,12,984,0
1537443189403,37,Add_MainPage,200,OK,AddContact 1-10,text,true,,15891,446,15,30,36,0,0
1537443188030,37,Add_MainPage,200,"Number of samples in transaction : 2, number of failing samples : 0",AddContact 1-10,,true,,15891,446,15,30,36,985,0
1537443189588,39,Add_ContactForm,200,OK,AddContact 1-9,text,true,,3239,474,15,30,39,0,0
1537443188613,39,Add_ContactForm,200,"Number of samples in transaction : 2, number of failing samples : 0",AddContact 1-9,,true,,3239,474,15,30,39,975,0
1537443189588,45,Add_ContactAction,200,OK,AddContact 1-5,text,true,,2477,1463,15,30,45,0,1
1537443186253,45,Add_ContactAction,200,"Number of samples in transaction : 2, number of failing samples : 0",AddContact 1-5,,true,,2477,1463,15,30,45,2946,1
1537443189942,30,Del_Contact,200,OK,DeleteContact 2-11,text,true,,2484,510,15,30,30,0,0
1537443186610,30,Del_Contact,200,"Number of samples in transaction : 2, number of failing samples : 0",DeleteContact 2-11,,true,,2484,510,15,30,30,2944,0
1537443190173,43,Add_MainPage,200,OK,AddContact 1-11,text,true,,16030,446,15,30,41,0,0
1537443189187,43,Add_MainPage,200,"Number of samples in transaction : 2, number of failing samples : 0",AddContact 1-11,,true,,16030,446,15,30,41,987,0
1537443190357,39,Del_MainPage,200,OK,DeleteContact 2-5,text,true,,16030,446,15,30,37,0,1
1537443189372,39,Del_MainPage,200,"Number of samples in transaction : 2, number of failing samples : 0",DeleteContact 2-5,,true,,16030,446,15,30,37,989,1
1537443190417,13,Add_ContactForm,200,OK,AddContact 1-10,text,true,,3239,474,15,30,13,0,0
1537443189441,13,Add_ContactForm,200,"Number of samples in transaction : 2, number of failing samples : 0",AddContact 1-10,,true,,3239,474,15,30,13,976,0
1537443190572,29,Del_Contact,200,OK,DeleteContact 2-12,text,true,,2484,510,15,30,28,0,1
1537443187238,29,Del_Contact,200,"Number of samples in transaction : 2, number of failing samples : 0",DeleteContact 2-12,,true,,2484,510,15,30,28,2945,1
1537443190896,30,Del_MainPage,200,OK,DeleteContact 2-6,text,true,,15844,446,15,30,29,0,1
1537443189911,30,Del_MainPage,200,"Number of samples in transaction : 2, number of failing samples : 0",DeleteContact 2-6,,true,,15844,446,15,30,29,988,1
1537443191141,25,Del_ContactFrom,200,OK,DeleteContact 2-14,text,true,,3363,481,15,30,25,0,1
1537443187814,25,Del_ContactFrom,200,"Number of samples in transaction : 2, number of failing samples : 0",DeleteContact 2-14,,true,,3363,481,15,30,25,2938,1
1537443191188,37,Add_ContactForm,200,OK,AddContact 1-11,text,true,,3239,474,15,30,37,0,0
1537443190217,37,Add_ContactForm,200,"Number of samples in transaction : 2, number of failing samples : 0",AddContact 1-11,,true,,3239,474,15,30,37,971,0
1537443191189,39,Del_ContactFrom,200,OK,DeleteContact 2-2,text,true,,3307,481,15,30,39,0,12
1537443187867,39,Del_ContactFrom,200,"Number of samples in transaction : 2, number of failing samples : 0",DeleteContact 2-2,,true,,3307,481,15,30,39,2933,12
1537443191542,27,Del_Contact,200,OK,DeleteContact 2-13,text,true,,2484,510,15,30,27,0,1
1537443188214,27,Del_Contact,200,"Number of samples in transaction : 2, number of failing samples : 0",DeleteContact 2-13,,true,,2484,510,15,30,27,2939,1
1537443191634,85,Add_ContactAction,200,OK,AddContact 1-6,text,true,,2477,1397,15,30,85,0,1
1537443188701,85,Add_ContactAction,200,"Number of samples in transaction : 2, number of failing samples : 0",AddContact 1-6,,true,,2477,1397,15,30,85,2933,1
1537443191635,87,Add_ContactAction,200,OK,AddContact 1-7,text,true,,2477,1608,15,30,87,0,1
1537443188703,87,Add_ContactAction,200,"Number of samples in transaction : 2, number of failing samples : 0",AddContact 1-7,,true,,2477,1608,15,30,87,2932,1
1537443191741,27,Del_ContactFrom,200,OK,DeleteContact 2-15,text,true,,3419,481,15,30,27,0,1
1537443188811,27,Del_ContactFrom,200,"Number of samples in transaction : 2, number of failing samples : 0",DeleteContact 2-15,,true,,3419,481,15,30,27,2930,1
1537443191773,33,Del_ContactFrom,200,OK,DeleteContact 2-3,text,true,,3294,481,15,30,33,0,0
1537443188841,33,Del_ContactFrom,200,"Number of samples in transaction : 2, number of failing samples : 0",DeleteContact 2-3,,true,,3294,481,15,30,33,2933,0
1537443191791,18,Del_ContactFrom,200,OK,DeleteContact 2-1,text,true,,3378,481,15,30,17,0,1
1537443188856,18,Del_ContactFrom,200,"Number of samples in transaction : 2, number of failing samples : 0",DeleteContact 2-1,,true,,3378,481,15,30,17,2935,1
1537443191930,50,Del_ContactFrom,200,OK,DeleteContact 2-4,text,true,,3417,481,15,30,49,0,1
1537443188992,50,Del_ContactFrom,200,"Number of samples in transaction : 2, number of failing samples : 0",DeleteContact 2-4,,true,,3417,481,15,30,49,2938,1
1537443191942,49,Add_ContactAction,200,OK,AddContact 1-8,text,true,,2477,1205,15,30,49,0,1
1537443189016,49,Add_ContactAction,200,"Number of samples in transaction : 2, number of failing samples : 0",AddContact 1-8,,true,,2477,1205,15,30,49,2926,1
1537443192296,54,Add_MainPage,200,OK,AddContact 1-12,text,true,,16083,446,15,30,53,0,0
1537443191326,54,Add_MainPage,200,"Number of samples in transaction : 2, number of failing samples : 0",AddContact 1-12,,true,,16083,446,15,30,53,970,0
1537443192297,56,Add_MainPage,200,OK,AddContact 1-13,text,true,,16083,446,15,30,55,0,0
1537443191326,56,Add_MainPage,200,"Number of samples in transaction : 2, number of failing samples : 0",AddContact 1-13,,true,,16083,446,15,30,55,972,0
1537443192557,29,Add_ContactAction,200,OK,AddContact 1-9,text,true,,2477,1307,15,30,29,0,1
1537443189627,29,Add_ContactAction,200,"Number of samples in transaction : 2, number of failing samples : 0",AddContact 1-9,,true,,2477,1307,15,30,29,2930,1
1537443193065,33,Del_MainPage,200,OK,DeleteContact 2-7,text,true,,16228,446,15,30,32,0,1
1537443192080,33,Del_MainPage,200,"Number of samples in transaction : 2, number of failing samples : 0",DeleteContact 2-7,,true,,16228,446,15,30,32,987,1
1537443193173,38,Add_MainPage,200,OK,AddContact 1-14,text,true,,16228,446,15,30,36,0,1
1537443192188,38,Add_MainPage,200,"Number of samples in transaction : 2, number of failing samples : 0",AddContact 1-14,,true,,16228,446,15,30,36,985,1
1537443193327,63,Add_ContactForm,200,OK,AddContact 1-12,text,true,,3239,474,15,30,63,0,0
1537443192350,63,Add_ContactForm,200,"Number of samples in transaction : 2, number of failing samples : 0",AddContact 1-12,,true,,3239,474,15,30,63,977,0
1537443193328,64,Add_ContactForm,200,OK,AddContact 1-13,text,true,,3239,474,15,30,64,0,0
1537443192354,64,Add_ContactForm,200,"Number of samples in transaction : 2, number of failing samples : 0",AddContact 1-13,,true,,3239,474,15,30,64,974,0
1537443193328,68,Del_ContactFrom,200,OK,DeleteContact 2-5,text,true,,3363,481,15,30,67,0,1
1537443190400,68,Del_ContactFrom,200,"Number of samples in transaction : 2, number of failing samples : 0",DeleteContact 2-5,,true,,3363,481,15,30,67,2928,1
1537443193373,27,Add_ContactAction,200,OK,AddContact 1-10,text,true,,2477,1529,15,30,27,0,0
1537443190431,27,Add_ContactAction,200,"Number of samples in transaction : 2, number of failing samples : 0",AddContact 1-10,,true,,2477,1529,15,30,27,2942,0
1537443194055,37,Add_MainPage,200,OK,AddContact 1-1,text,true,,16483,446,15,30,36,0,1
1537443192666,37,Add_MainPage,200,"Number of samples in transaction : 2, number of failing samples : 0",AddContact 1-1,,true,,16483,446,15,30,36,985,1
1537443194270,25,Del_ContactFrom,200,OK,DeleteContact 2-6,text,true,,3344,481,15,30,25,0,0
1537443190929,25,Del_ContactFrom,200,"Number of samples in transaction : 2, number of failing samples : 0",DeleteContact 2-6,,true,,3344,481,15,30,25,2937,0
1537443194501,52,Del_MainPage,200,OK,DeleteContact 2-8,text,true,,16483,446,15,30,51,0,0
1537443193111,52,Del_MainPage,200,"Number of samples in transaction : 2, number of failing samples : 0",DeleteContact 2-8,,true,,16483,446,15,30,51,988,0
1537443194502,86,Del_MainPage,200,OK,DeleteContact 2-9,text,true,,16483,446,15,30,85,0,0
1537443193111,86,Del_MainPage,200,"Number of samples in transaction : 2, number of failing samples : 0",DeleteContact 2-9,,true,,16483,446,15,30,85,989,0
1537443194502,101,Del_Contact,200,OK,DeleteContact 2-14,text,true,,2484,510,15,30,101,0,1
1537443191166,101,Del_Contact,200,"Number of samples in transaction : 2, number of failing samples : 0",DeleteContact 2-14,,true,,2484,510,15,30,101,2932,1
1537443194561,51,Add_ContactAction,200,OK,AddContact 1-11,text,true,,2477,1139,15,30,51,0,1
1537443191225,51,Add_ContactAction,200,"Number of samples in transaction : 2, number of failing samples : 0",AddContact 1-11,,true,,2477,1139,15,30,51,2932,1
1537443194566,47,Del_Contact,200,OK,DeleteContact 2-2,text,true,,2484,510,15,30,47,0,1
1537443191228,47,Del_Contact,200,"Number of samples in transaction : 2, number of failing samples : 0",DeleteContact 2-2,,true,,2484,510,15,30,47,2935,1
1537443194593,22,Add_ContactForm,200,OK,AddContact 1-14,text,true,,3239,474,15,30,22,0,0
1537443193211,22,Add_ContactForm,200,"Number of samples in transaction : 2, number of failing samples : 0",AddContact 1-14,,true,,3239,474,15,30,22,979,0
1537443195070,23,Add_ContactForm,200,OK,AddContact 1-1,text,true,,3239,474,15,30,23,0,0
1537443194092,23,Add_ContactForm,200,"Number of samples in transaction : 2, number of failing samples : 0",AddContact 1-1,,true,,3239,474,15,30,23,978,0
1537443195101,14,Del_Contact,200,OK,DeleteContact 2-15,text,true,,2484,510,15,30,14,0,0
1537443191768,14,Del_Contact,200,"Number of samples in transaction : 2, number of failing samples : 0",DeleteContact 2-15,,true,,2484,510,15,30,14,2930,0
1537443195148,62,Del_MainPage,200,OK,DeleteContact 2-10,text,true,,16081,446,15,30,61,0,0
1537443194161,62,Del_MainPage,200,"Number of samples in transaction : 2, number of failing samples : 0",DeleteContact 2-10,,true,,16081,446,15,30,61,990,0
1537443195147,70,Del_Contact,200,OK,DeleteContact 2-3,text,true,,2484,510,15,30,70,0,0
1537443191807,70,Del_Contact,200,"Number of samples in transaction : 2, number of failing samples : 0",DeleteContact 2-3,,true,,2484,510,15,30,70,2936,0
1537443195147,74,Del_Contact,200,OK,DeleteContact 2-1,text,true,,2484,510,15,30,74,0,0
1537443191809,74,Del_Contact,200,"Number of samples in transaction : 2, number of failing samples : 0",DeleteContact 2-1,,true,,2484,510,15,30,74,2935,0
1537443195270,42,Add_MainPage,200,OK,AddContact 1-15,text,true,,15806,446,15,30,41,0,1
1537443194285,42,Add_MainPage,200,"Number of samples in transaction : 2, number of failing samples : 0",AddContact 1-15,,true,,15806,446,15,30,41,986,1
1537443195286,46,Add_MainPage,200,OK,AddContact 1-2,text,true,,15806,446,15,30,45,0,0
1537443194301,46,Add_MainPage,200,"Number of samples in transaction : 2, number of failing samples : 0",AddContact 1-2,,true,,15806,446,15,30,45,986,0
1537443195315,24,Del_Contact,200,OK,DeleteContact 2-4,text,true,,2484,510,15,30,24,0,1
1537443191980,24,Del_Contact,200,"Number of samples in transaction : 2, number of failing samples : 0",DeleteContact 2-4,,true,,2484,510,15,30,24,2931,1
1537443196224,35,Del_MainPage,200,OK,DeleteContact 2-11,text,true,,15578,446,15,30,33,0,1
1537443195255,35,Del_MainPage,200,"Number of samples in transaction : 2, number of failing samples : 0",DeleteContact 2-11,,true,,15578,446,15,30,33,971,1
1537443196270,18,Add_ContactForm,200,OK,AddContact 1-15,text,true,,3239,474,15,30,18,0,0
1537443195313,18,Add_ContactForm,200,"Number of samples in transaction : 2, number of failing samples : 0",AddContact 1-15,,true,,3239,474,15,30,18,957,0
1537443196255,42,Add_MainPage,200,OK,AddContact 1-3,text,true,,15578,446,15,30,41,0,1
1537443195285,42,Add_MainPage,200,"Number of samples in transaction : 2, number of failing samples : 0",AddContact 1-3,,true,,15578,446,15,30,41,970,1
1537443196301,15,Add_ContactForm,200,OK,AddContact 1-2,text,true,,3239,474,15,30,15,0,0
1537443195333,15,Add_ContactForm,200,"Number of samples in transaction : 2, number of failing samples : 0",AddContact 1-2,,true,,3239,474,15,30,15,969,0
1537443196424,26,Del_ContactFrom,200,OK,DeleteContact 2-7,text,true,,3175,481,15,30,25,0,1
1537443193100,26,Del_ContactFrom,200,"Number of samples in transaction : 2, number of failing samples : 0",DeleteContact 2-7,,true,,3175,481,15,30,25,2920,1
1537443196655,40,Add_MainPage,200,OK,AddContact 1-4,text,true,,15578,446,15,30,39,0,0
1537443195686,40,Add_MainPage,200,"Number of samples in transaction : 2, number of failing samples : 0",AddContact 1-4,,true,,15578,446,15,30,39,969,0
1537443196718,36,Del_Contact,200,OK,DeleteContact 2-5,text,true,,2490,510,15,30,36,0,0
1537443193396,36,Del_Contact,200,"Number of samples in transaction : 2, number of failing samples : 0",DeleteContact 2-5,,true,,2490,510,15,30,36,2918,0
1537443196716,42,Add_ContactAction,200,OK,AddContact 1-12,text,true,,2477,1355,15,30,42,0,1
1537443193390,42,Add_ContactAction,200,"Number of samples in transaction : 2, number of failing samples : 0",AddContact 1-12,,true,,2477,1355,15,30,42,2922,1
1537443196717,44,Add_ContactAction,200,OK,AddContact 1-13,text,true,,2477,1337,15,30,44,0,0
1537443193392,44,Add_ContactAction,200,"Number of samples in transaction : 2, number of failing samples : 0",AddContact 1-13,,true,,2477,1337,15,30,44,2921,0
1537443196839,32,Del_MainPage,200,OK,DeleteContact 2-12,text,true,,15803,446,15,30,31,0,1
1537443195878,32,Del_MainPage,200,"Number of samples in transaction : 2, number of failing samples : 0",DeleteContact 2-12,,true,,15803,446,15,30,31,964,1
1537443197209,39,Del_Contact,200,OK,DeleteContact 2-6,text,true,,2484,510,15,30,39,0,0
1537443194295,39,Del_Contact,200,"Number of samples in transaction : 2, number of failing samples : 0",DeleteContact 2-6,,true,,2484,510,15,30,39,2915,0
1537443197270,26,Add_ContactForm,200,OK,AddContact 1-3,text,true,,3239,474,15,30,26,0,0
1537443196297,26,Add_ContactForm,200,"Number of samples in transaction : 2, number of failing samples : 0",AddContact 1-3,,true,,3239,474,15,30,26,973,0
1537443197471,15,Del_ContactFrom,200,OK,DeleteContact 2-8,text,true,,3379,481,15,30,14,0,0
1537443194555,15,Del_ContactFrom,200,"Number of samples in transaction : 2, number of failing samples : 0",DeleteContact 2-8,,true,,3379,481,15,30,14,2916,0
1537443197501,15,Del_ContactFrom,200,OK,DeleteContact 2-9,text,true,,3335,481,15,30,15,0,0
1537443194590,15,Del_ContactFrom,200,"Number of samples in transaction : 2, number of failing samples : 0",DeleteContact 2-9,,true,,3335,481,15,30,15,2911,0
1537443197532,17,Add_ContactAction,200,OK,AddContact 1-14,text,true,,2477,1097,15,30,17,0,1
1537443194616,17,Add_ContactAction,200,"Number of samples in transaction : 2, number of failing samples : 0",AddContact 1-14,,true,,2477,1097,15,30,17,2916,1
1537443197670,23,Add_ContactForm,200,OK,AddContact 1-4,text,true,,3239,474,15,30,23,0,0
1537443196695,23,Add_ContactForm,200,"Number of samples in transaction : 2, number of failing samples : 0",AddContact 1-4,,true,,3239,474,15,30,23,975,0
1537443197840,50,Del_MainPage,200,OK,DeleteContact 2-13,text,true,,15711,446,15,30,50,0,1
1537443196839,50,Del_MainPage,200,"Number of samples in transaction : 2, number of failing samples : 0",DeleteContact 2-13,,true,,15711,446,15,30,50,1003,1
1537443197855,41,Add_MainPage,200,OK,AddContact 1-5,text,true,,15711,446,15,30,40,0,1
1537443196854,41,Add_MainPage,200,"Number of samples in transaction : 2, number of failing samples : 0",AddContact 1-5,,true,,15711,446,15,30,40,1001,1
1537443198009,34,Add_ContactAction,200,OK,AddContact 1-1,text,true,,2477,1571,15,30,34,0,2
1537443195093,34,Add_ContactAction,200,"Number of samples in transaction : 2, number of failing samples : 0",AddContact 1-1,,true,,2477,1571,15,30,34,2916,2
1537443198132,34,Del_ContactFrom,200,OK,DeleteContact 2-10,text,true,,3379,481,15,30,34,0,1
1537443195213,34,Del_ContactFrom,200,"Number of samples in transaction : 2, number of failing samples : 0",DeleteContact 2-10,,true,,3379,481,15,30,34,2919,1
1537443199811,24,Add_ContactForm,200,OK,AddContact 1-5,text,true,,3239,474,15,30,24,0,0
1537443197896,24,Add_ContactForm,200,"Number of samples in transaction : 2, number of failing samples : 0",AddContact 1-5,,true,,3239,474,15,30,24,975,0
1537443200134,28,Del_ContactFrom,200,OK,DeleteContact 2-11,text,true,,3270,481,15,30,28,0,1
1537443196261,28,Del_ContactFrom,200,"Number of samples in transaction : 2, number of failing samples : 0",DeleteContact 2-11,,true,,3270,481,15,30,28,2933,1
1537443200165,20,Add_ContactAction,200,OK,AddContact 1-15,text,true,,2477,1349,15,30,20,0,1
1537443196288,20,Add_ContactAction,200,"Number of samples in transaction : 2, number of failing samples : 0",AddContact 1-15,,true,,2477,1349,15,30,20,2937,1
1537443200196,19,Add_ContactAction,200,OK,AddContact 1-2,text,true,,2477,1517,15,30,19,0,0
1537443196317,19,Add_ContactAction,200,"Number of samples in transaction : 2, number of failing samples : 0",AddContact 1-2,,true,,2477,1517,15,30,19,2939,0
1537443200318,24,Del_Contact,200,OK,DeleteContact 2-7,text,true,,2490,510,15,30,24,0,1
1537443196450,24,Del_Contact,200,"Number of samples in transaction : 2, number of failing samples : 0",DeleteContact 2-7,,true,,2490,510,15,30,24,2928,1
1537443200765,25,Del_ContactFrom,200,OK,DeleteContact 2-12,text,true,,3347,481,15,30,25,0,1
1537443196874,25,Del_ContactFrom,200,"Number of samples in transaction : 2, number of failing samples : 0",DeleteContact 2-12,,true,,3347,481,15,30,25,2951,1
1537443200887,41,Add_MainPage,200,OK,AddContact 1-6,text,true,,16257,446,15,30,40,0,1
1537443199904,41,Add_MainPage,200,"Number of samples in transaction : 2, number of failing samples : 0",AddContact 1-6,,true,,16257,446,15,30,40,983,1
1537443200891,49,Add_MainPage,200,OK,AddContact 1-7,text,true,,16257,446,15,30,48,0,1
1537443199904,49,Add_MainPage,200,"Number of samples in transaction : 2, number of failing samples : 0",AddContact 1-7,,true,,16257,446,15,30,48,987,1
1537443201165,55,Add_ContactAction,200,OK,AddContact 1-3,text,true,,2477,1451,15,30,55,0,1
1537443197296,55,Add_ContactAction,200,"Number of samples in transaction : 2, number of failing samples : 0",AddContact 1-3,,true,,2477,1451,15,30,55,2929,1
1537443201166,57,Add_MainPage,200,OK,AddContact 1-8,text,true,,16257,446,15,30,56,0,1
1537443200180,57,Add_MainPage,200,"Number of samples in transaction : 2, number of failing samples : 0",AddContact 1-8,,true,,16257,446,15,30,56,986,1
1537443201405,46,Del_MainPage,200,OK,DeleteContact 2-14,text,true,,16428,446,15,30,46,0,0
1537443200411,46,Del_MainPage,200,"Number of samples in transaction : 2, number of failing samples : 0",DeleteContact 2-14,,true,,16428,446,15,30,46,996,0
1537443201416,40,Del_MainPage,200,OK,DeleteContact 2-2,text,true,,16428,446,15,30,40,0,1
1537443200427,40,Del_MainPage,200,"Number of samples in transaction : 2, number of failing samples : 0",DeleteContact 2-2,,true,,16428,446,15,30,40,992,1
1537443201365,231,Del_Contact,200,OK,DeleteContact 2-8,text,true,,2484,510,15,30,231,0,1
1537443197486,231,Del_Contact,200,"Number of samples in transaction : 2, number of failing samples : 0",DeleteContact 2-8,,true,,2484,510,15,30,231,2939,1
1537443201383,216,Del_Contact,200,OK,DeleteContact 2-9,text,true,,2483,510,15,30,216,0,1
1537443197516,216,Del_Contact,200,"Number of samples in transaction : 2, number of failing samples : 0",DeleteContact 2-9,,true,,2483,510,15,30,216,2928,1
1537443201565,40,Add_ContactAction,200,OK,AddContact 1-4,text,true,,2477,1626,15,30,40,0,8
1537443197693,40,Add_ContactAction,200,"Number of samples in transaction : 2, number of failing samples : 0",AddContact 1-4,,true,,2477,1626,15,30,40,2932,8
1537443201734,44,Add_MainPage,200,OK,AddContact 1-9,text,true,,16312,446,15,30,43,0,1
1537443200766,44,Add_MainPage,200,"Number of samples in transaction : 2, number of failing samples : 0",AddContact 1-9,,true,,16312,446,15,30,43,968,1
1537443201766,16,Del_ContactFrom,200,OK,DeleteContact 2-13,text,true,,3399,481,15,30,16,0,0
1537443197892,16,Del_ContactFrom,200,"Number of samples in transaction : 2, number of failing samples : 0",DeleteContact 2-13,,true,,3399,481,15,30,16,2934,0
1537443201904,53,Add_ContactForm,200,OK,AddContact 1-6,text,true,,3239,474,15,30,53,0,0
1537443200928,53,Add_ContactForm,200,"Number of samples in transaction : 2, number of failing samples : 0",AddContact 1-6,,true,,3239,474,15,30,53,976,0
1537443201925,34,Add_ContactForm,200,OK,AddContact 1-7,text,true,,3239,474,15,30,34,0,0
1537443200940,34,Add_ContactForm,200,"Number of samples in transaction : 2, number of failing samples : 0",AddContact 1-7,,true,,3239,474,15,30,34,985,0
1537443201934,36,Del_MainPage,200,OK,DeleteContact 2-15,text,true,,16312,446,15,30,35,0,1
1537443200949,36,Del_MainPage,200,"Number of samples in transaction : 2, number of failing samples : 0",DeleteContact 2-15,,true,,16312,446,15,30,35,987,1
1537443202027,71,Del_MainPage,200,OK,DeleteContact 2-3,text,true,,16312,446,15,30,71,0,1
1537443201042,71,Del_MainPage,200,"Number of samples in transaction : 2, number of failing samples : 0",DeleteContact 2-3,,true,,16312,446,15,30,71,988,1
1537443202028,76,Del_MainPage,200,OK,DeleteContact 2-1,text,true,,16312,446,15,30,76,0,0
1537443201042,76,Del_MainPage,200,"Number of samples in transaction : 2, number of failing samples : 0",DeleteContact 2-1,,true,,16312,446,15,30,76,988,0
1537443202043,70,Del_Contact,200,OK,DeleteContact 2-10,text,true,,2484,510,15,30,70,0,0
1537443198166,70,Del_Contact,200,"Number of samples in transaction : 2, number of failing samples : 0",DeleteContact 2-10,,true,,2484,510,15,30,70,2937,0
1537443202150,33,Del_MainPage,200,OK,DeleteContact 2-4,text,true,,16139,446,15,30,32,0,0
1537443201167,33,Del_MainPage,200,"Number of samples in transaction : 2, number of failing samples : 0",DeleteContact 2-4,,true,,16139,446,15,30,32,985,0
1537443202196,14,Add_ContactForm,200,OK,AddContact 1-8,text,true,,3239,474,15,30,14,0,0
1537443201223,14,Add_ContactForm,200,"Number of samples in transaction : 2, number of failing samples : 0",AddContact 1-8,,true,,3239,474,15,30,14,973,0
1537443202550,44,Add_MainPage,200,OK,AddContact 1-10,text,true,,16139,446,15,30,43,0,1
1537443201573,44,Add_MainPage,200,"Number of samples in transaction : 2, number of failing samples : 0",AddContact 1-10,,true,,16139,446,15,30,43,977,1
1537443202750,34,Add_ContactForm,200,OK,AddContact 1-9,text,true,,3239,474,15,30,34,0,0
1537443201778,34,Add_ContactForm,200,"Number of samples in transaction : 2, number of failing samples : 0",AddContact 1-9,,true,,3239,474,15,30,34,973,0
1537443202767,23,Add_ContactAction,200,OK,AddContact 1-5,text,true,,2477,1469,15,30,23,0,1
1537443199835,23,Add_ContactAction,200,"Number of samples in transaction : 2, number of failing samples : 0",AddContact 1-5,,true,,2477,1469,15,30,23,2932,1
1537443203089,32,Del_Contact,200,OK,DeleteContact 2-11,text,true,,2484,510,15,30,31,0,1
1537443200162,32,Del_Contact,200,"Number of samples in transaction : 2, number of failing samples : 0",DeleteContact 2-11,,true,,2484,510,15,30,31,2927,1
1537443203365,32,Add_MainPage,200,OK,AddContact 1-11,text,true,,16220,446,15,30,31,0,1
1537443202381,32,Add_MainPage,200,"Number of samples in transaction : 2, number of failing samples : 0",AddContact 1-11,,true,,16220,446,15,30,31,984,1
1537443203567,36,Add_ContactForm,200,OK,AddContact 1-10,text,true,,3239,474,15,30,36,0,0
1537443202594,36,Add_ContactForm,200,"Number of samples in transaction : 2, number of failing samples : 0",AddContact 1-10,,true,,3239,474,15,30,36,974,0
1537443203566,47,Del_MainPage,200,OK,DeleteContact 2-5,text,true,,16220,446,15,30,46,0,1
1537443202580,47,Del_MainPage,200,"Number of samples in transaction : 2, number of failing samples : 0",DeleteContact 2-5,,true,,16220,446,15,30,46,988,1
1537443203719,26,Del_Contact,200,OK,DeleteContact 2-12,text,true,,2483,510,15,30,26,0,1
1537443200790,26,Del_Contact,200,"Number of samples in transaction : 2, number of failing samples : 0",DeleteContact 2-12,,true,,2483,510,15,30,26,2929,1
1537443204074,31,Del_MainPage,200,OK,DeleteContact 2-6,text,true,,16041,446,15,30,30,0,0
1537443203090,31,Del_MainPage,200,"Number of samples in transaction : 2, number of failing samples : 0",DeleteContact 2-6,,true,,16041,446,15,30,30,986,0
1537443204382,53,Add_ContactForm,200,OK,AddContact 1-11,text,true,,3239,474,15,30,53,0,0
1537443203397,53,Add_ContactForm,200,"Number of samples in transaction : 2, number of failing samples : 0",AddContact 1-11,,true,,3239,474,15,30,53,986,0
1537443204399,40,Del_ContactFrom,200,OK,DeleteContact 2-14,text,true,,3380,481,15,30,40,0,1
1537443201453,40,Del_ContactFrom,200,"Number of samples in transaction : 2, number of failing samples : 0",DeleteContact 2-14,,true,,3380,481,15,30,40,2946,1
1537443204417,25,Del_ContactFrom,200,OK,DeleteContact 2-2,text,true,,3275,481,15,30,24,0,1
1537443201459,25,Del_ContactFrom,200,"Number of samples in transaction : 2, number of failing samples : 0",DeleteContact 2-2,,true,,3275,481,15,30,24,2958,1
1537443205696,26,Del_Contact,200,OK,DeleteContact 2-13,text,true,,2484,510,15,30,26,0,1
1537443201782,26,Del_Contact,200,"Number of samples in transaction : 2, number of failing samples : 0",DeleteContact 2-13,,true,,2484,510,15,30,26,2953,1
1537443205866,79,Add_ContactAction,200,OK,AddContact 1-6,text,true,,2477,1319,15,30,79,0,1
1537443201957,79,Add_ContactAction,200,"Number of samples in transaction : 2, number of failing samples : 0",AddContact 1-6,,true,,2477,1319,15,30,79,2948,1
1537443205881,83,Del_ContactFrom,200,OK,DeleteContact 2-15,text,true,,3360,481,15,30,83,0,0
1537443201972,83,Del_ContactFrom,200,"Number of samples in transaction : 2, number of failing samples : 0",DeleteContact 2-15,,true,,3360,481,15,30,83,2948,0
1537443205867,102,Add_ContactAction,200,OK,AddContact 1-7,text,true,,2477,1674,15,30,102,0,1
1537443201959,102,Add_ContactAction,200,"Number of samples in transaction : 2, number of failing samples : 0",AddContact 1-7,,true,,2477,1674,15,30,102,2947,1
1537443206004,13,Del_ContactFrom,200,OK,DeleteContact 2-3,text,true,,3323,481,15,30,13,0,0
1537443202101,13,Del_ContactFrom,200,"Number of samples in transaction : 2, number of failing samples : 0",DeleteContact 2-3,,true,,3323,481,15,30,13,2942,0
1537443206019,13,Del_ContactFrom,200,OK,DeleteContact 2-1,text,true,,3254,481,15,30,13,0,0
1537443202106,13,Del_ContactFrom,200,"Number of samples in transaction : 2, number of failing samples : 0",DeleteContact 2-1,,true,,3254,481,15,30,13,2952,0
1537443206096,38,Del_ContactFrom,200,OK,DeleteContact 2-4,text,true,,3412,481,15,30,37,0,1
1537443202185,38,Del_ContactFrom,200,"Number of samples in transaction : 2, number of failing samples : 0",DeleteContact 2-4,,true,,3412,481,15,30,37,2950,1
1537443206111,26,Add_ContactAction,200,OK,AddContact 1-8,text,true,,2477,1121,15,30,26,0,1
1537443202210,26,Add_ContactAction,200,"Number of samples in transaction : 2, number of failing samples : 0",AddContact 1-8,,true,,2477,1121,15,30,26,2940,1
1537443206496,56,Add_MainPage,200,OK,AddContact 1-12,text,true,,16305,446,15,30,55,0,1
1537443204551,56,Add_MainPage,200,"Number of samples in transaction : 2, number of failing samples : 0",AddContact 1-12,,true,,16305,446,15,30,55,984,1
1537443206497,58,Add_MainPage,200,OK,AddContact 1-13,text,true,,16305,446,15,30,57,0,1
1537443204551,58,Add_MainPage,200,"Number of samples in transaction : 2, number of failing samples : 0",AddContact 1-13,,true,,16305,446,15,30,57,986,1
1537443206696,26,Add_ContactAction,200,OK,AddContact 1-9,text,true,,2477,1127,15,30,26,0,1
1537443202785,26,Add_ContactAction,200,"Number of samples in transaction : 2, number of failing samples : 0",AddContact 1-9,,true,,2477,1127,15,30,26,2951,1
1537443207189,34,Del_MainPage,200,OK,DeleteContact 2-7,text,true,,16405,446,15,30,32,0,1
1537443206204,34,Del_MainPage,200,"Number of samples in transaction : 2, number of failing samples : 0",DeleteContact 2-7,,true,,16405,446,15,30,32,992,1
1537443207297,38,Add_MainPage,200,OK,AddContact 1-14,text,true,,16405,446,15,30,37,0,0
1537443206312,38,Add_MainPage,200,"Number of samples in transaction : 2, number of failing samples : 0",AddContact 1-14,,true,,16405,446,15,30,37,985,0
1537443207527,1855,Add_ContactForm,200,OK,AddContact 1-12,text,true,,3239,474,15,30,1855,0,0
1537443206552,1855,Add_ContactForm,200,"Number of samples in transaction : 2, number of failing samples : 0",AddContact 1-12,,true,,3239,474,15,30,1855,976,0
1537443208312,1072,Add_ContactForm,200,OK,AddContact 1-14,text,true,,3239,474,15,30,1072,0,0
1537443207335,1072,Add_ContactForm,200,"Number of samples in transaction : 2, number of failing samples : 0",AddContact 1-14,,true,,3239,474,15,30,1072,978,0
1537443207619,1767,Add_ContactForm,200,OK,AddContact 1-13,text,true,,3239,474,15,30,1767,0,0
1537443206556,1767,Add_ContactForm,200,"Number of samples in transaction : 2, number of failing samples : 0",AddContact 1-13,,true,,3239,474,15,30,1767,1064,0
1537443207511,1899,Add_ContactAction,200,OK,AddContact 1-10,text,true,,2477,1680,15,30,1899,0,1
1537443203604,1899,Add_ContactAction,200,"Number of samples in transaction : 2, number of failing samples : 0",AddContact 1-10,,true,,2477,1680,15,30,1899,2946,1
1537443207620,1793,Del_ContactFrom,200,OK,DeleteContact 2-5,text,true,,3340,481,15,30,1793,0,0
1537443203615,1793,Del_ContactFrom,200,"Number of samples in transaction : 2, number of failing samples : 0",DeleteContact 2-5,,true,,3340,481,15,30,1793,3045,0
1537443207835,1664,Add_MainPage,200,OK,AddContact 1-1,text,true,,16649,446,15,30,1664,0,1
1537443206804,1664,Add_MainPage,200,"Number of samples in transaction : 2, number of failing samples : 0",AddContact 1-1,,true,,16649,446,15,30,1664,1037,1
1537443208054,1465,Del_ContactFrom,200,OK,DeleteContact 2-6,text,true,,3334,481,15,30,1465,0,0
1537443204108,1465,Del_ContactFrom,200,"Number of samples in transaction : 2, number of failing samples : 0",DeleteContact 2-6,,true,,3334,481,15,30,1465,2985,0
1537443208343,1286,Add_ContactAction,200,OK,AddContact 1-11,text,true,,2477,1295,15,30,1286,0,1
1537443204436,1286,Add_ContactAction,200,"Number of samples in transaction : 2, number of failing samples : 0",AddContact 1-11,,true,,2477,1295,15,30,1286,2946,1
1537443208450,1227,Del_MainPage,200,OK,DeleteContact 2-8,text,true,,16792,446,15,30,1226,0,1
1537443207466,1227,Del_MainPage,200,"Number of samples in transaction : 2, number of failing samples : 0",DeleteContact 2-8,,true,,16792,446,15,30,1226,989,1
1537443208374,1310,Del_Contact,200,OK,DeleteContact 2-2,text,true,,2484,510,15,30,1310,0,0
1537443204442,1310,Del_Contact,200,"Number of samples in transaction : 2, number of failing samples : 0",DeleteContact 2-2,,true,,2484,510,15,30,1310,2971,0
1537443208589,1140,Del_MainPage,200,OK,DeleteContact 2-9,text,true,,16792,446,15,30,1140,0,1
1537443207466,1140,Del_MainPage,200,"Number of samples in transaction : 2, number of failing samples : 0",DeleteContact 2-9,,true,,16792,446,15,30,1140,1140,1
1537443208374,1499,Del_Contact,200,OK,DeleteContact 2-14,text,true,,2484,510,15,30,1499,0,1
1537443204439,1499,Del_Contact,200,"Number of samples in transaction : 2, number of failing samples : 0",DeleteContact 2-14,,true,,2484,510,15,30,1499,2974,1
1537443209005,873,Add_MainPage,200,OK,AddContact 1-15,text,true,,16792,446,15,30,872,0,0
1537443208020,873,Add_MainPage,200,"Number of samples in transaction : 2, number of failing samples : 0",AddContact 1-15,,true,,16792,446,15,30,872,985,0
1537443209035,850,Add_MainPage,200,OK,AddContact 1-2,text,true,,16792,446,15,30,849,0,1
1537443208050,850,Add_MainPage,200,"Number of samples in transaction : 2, number of failing samples : 0",AddContact 1-2,,true,,16792,446,15,30,849,985,1
1537443208912,975,Del_Contact,200,OK,DeleteContact 2-15,text,true,,2483,510,15,30,975,0,0
1537443205964,975,Del_Contact,200,"Number of samples in transaction : 2, number of failing samples : 0",DeleteContact 2-15,,true,,2483,510,15,30,975,2948,0
1537443209129,762,Del_MainPage,200,OK,DeleteContact 2-10,text,true,,16792,446,15,30,761,0,0
1537443208054,762,Del_MainPage,200,"Number of samples in transaction : 2, number of failing samples : 0",DeleteContact 2-10,,true,,16792,446,15,30,761,1077,0
1537443209022,873,Del_Contact,200,OK,DeleteContact 2-1,text,true,,2484,510,15,30,873,0,0
1537443206032,873,Del_Contact,200,"Number of samples in transaction : 2, number of failing samples : 0",DeleteContact 2-1,,true,,2484,510,15,30,873,2990,0
1537443209021,876,Del_Contact,200,OK,DeleteContact 2-3,text,true,,2484,510,15,30,875,0,0
1537443206017,876,Del_Contact,200,"Number of samples in transaction : 2, number of failing samples : 0",DeleteContact 2-3,,true,,2484,510,15,30,875,3004,0
1537443209129,772,Del_Contact,200,OK,DeleteContact 2-4,text,true,,2484,510,15,30,772,0,0
1537443206134,772,Del_Contact,200,"Number of samples in transaction : 2, number of failing samples : 0",DeleteContact 2-4,,true,,2484,510,15,30,772,2995,0
1537443210005,65,Del_MainPage,200,OK,DeleteContact 2-11,text,true,,15864,446,15,30,65,0,1
1537443209022,65,Del_MainPage,200,"Number of samples in transaction : 2, number of failing samples : 0",DeleteContact 2-11,,true,,15864,446,15,30,65,986,1
1537443210024,52,Add_MainPage,200,OK,AddContact 1-3,text,true,,15864,446,15,30,51,0,1
1537443209051,52,Add_MainPage,200,"Number of samples in transaction : 2, number of failing samples : 0",AddContact 1-3,,true,,15864,446,15,30,51,973,1
1537443210159,26,Del_ContactFrom,200,OK,DeleteContact 2-7,text,true,,3370,481,15,30,25,0,1
1537443207230,26,Del_ContactFrom,200,"Number of samples in transaction : 2, number of failing samples : 0",DeleteContact 2-7,,true,,3370,481,15,30,25,2929,1
1537443210468,37,Add_ContactForm,200,OK,AddContact 1-1,text,true,,3240,474,15,30,37,0,0
1537443209505,37,Add_ContactForm,200,"Number of samples in transaction : 2, number of failing samples : 0",AddContact 1-1,,true,,3240,474,15,30,37,964,0
1537443210467,47,Add_MainPage,200,OK,AddContact 1-4,text,true,,15864,446,15,30,46,0,1
1537443209499,47,Add_MainPage,200,"Number of samples in transaction : 2, number of failing samples : 0",AddContact 1-4,,true,,15864,446,15,30,46,968,1
1537443210986,39,Del_MainPage,200,OK,DeleteContact 2-12,text,true,,15864,446,15,30,37,0,1
1537443209635,39,Del_MainPage,200,"Number of samples in transaction : 2, number of failing samples : 0",DeleteContact 2-12,,true,,15864,446,15,30,37,972,1
1537443211217,49,Add_ContactForm,200,OK,AddContact 1-15,text,true,,3239,474,15,30,49,0,0
1537443209878,49,Add_ContactForm,200,"Number of samples in transaction : 2, number of failing samples : 0",AddContact 1-15,,true,,3239,474,15,30,49,958,0
1537443211233,35,Add_ContactForm,200,OK,AddContact 1-2,text,true,,3239,474,15,30,35,0,0
1537443209885,35,Add_ContactForm,200,"Number of samples in transaction : 2, number of failing samples : 0",AddContact 1-2,,true,,3239,474,15,30,35,967,0
1537443211432,27,Add_ContactForm,200,OK,AddContact 1-3,text,true,,3239,474,15,30,27,0,0
1537443210076,27,Add_ContactForm,200,"Number of samples in transaction : 2, number of failing samples : 0",AddContact 1-3,,true,,3239,474,15,30,27,976,0
1537443211879,24,Add_ContactForm,200,OK,AddContact 1-4,text,true,,3239,474,15,30,24,0,0
1537443210895,24,Add_ContactForm,200,"Number of samples in transaction : 2, number of failing samples : 0",AddContact 1-4,,true,,3239,474,15,30,24,984,0
1537443211987,56,Del_MainPage,200,OK,DeleteContact 2-13,text,true,,15864,446,15,30,56,0,1
1537443211001,56,Del_MainPage,200,"Number of samples in transaction : 2, number of failing samples : 0",DeleteContact 2-13,,true,,15864,446,15,30,56,995,1
1537443211988,67,Add_MainPage,200,OK,AddContact 1-5,text,true,,15864,446,15,30,66,0,1
1537443211001,67,Add_MainPage,200,"Number of samples in transaction : 2, number of failing samples : 0",AddContact 1-5,,true,,15864,446,15,30,66,988,1
1537443212679,81,Add_ContactAction,200,OK,AddContact 1-14,text,true,,2477,1583,15,30,81,0,0
1537443209385,81,Add_ContactAction,200,"Number of samples in transaction : 2, number of failing samples : 0",AddContact 1-14,,true,,2477,1583,15,30,81,2913,0
1537443212724,38,Del_Contact,200,OK,DeleteContact 2-5,text,true,,2484,510,15,30,38,0,0
1537443209414,38,Del_Contact,200,"Number of samples in transaction : 2, number of failing samples : 0",DeleteContact 2-5,,true,,2484,510,15,30,38,2929,0
1537443212681,83,Add_ContactAction,200,OK,AddContact 1-13,text,true,,2477,1511,15,30,83,0,0
1537443209387,83,Add_ContactAction,200,"Number of samples in transaction : 2, number of failing samples : 0",AddContact 1-13,,true,,2477,1511,15,30,83,2913,0
1537443212680,85,Add_ContactAction,200,OK,AddContact 1-12,text,true,,2477,1686,15,30,85,0,0
1537443209383,85,Add_ContactAction,200,"Number of samples in transaction : 2, number of failing samples : 0",AddContact 1-12,,true,,2477,1686,15,30,85,2916,0
1537443212817,26,Del_Contact,200,OK,DeleteContact 2-6,text,true,,2484,510,15,30,26,0,1
1537443209519,26,Del_Contact,200,"Number of samples in transaction : 2, number of failing samples : 0",DeleteContact 2-6,,true,,2484,510,15,30,26,2919,1
1537443212987,22,Del_ContactFrom,200,OK,DeleteContact 2-8,text,true,,3290,481,15,30,22,0,0
1537443209682,22,Del_ContactFrom,200,"Number of samples in transaction : 2, number of failing samples : 0",DeleteContact 2-8,,true,,3290,481,15,30,22,2924,0
1537443213033,16,Add_ContactForm,200,OK,AddContact 1-5,text,true,,3239,474,15,30,16,0,0
1537443212056,16,Add_ContactForm,200,"Number of samples in transaction : 2, number of failing samples : 0",AddContact 1-5,,true,,3239,474,15,30,16,977,0
1537443213048,17,Del_ContactFrom,200,OK,DeleteContact 2-9,text,true,,3411,481,15,30,17,0,1
1537443209746,17,Del_ContactFrom,200,"Number of samples in transaction : 2, number of failing samples : 0",DeleteContact 2-9,,true,,3411,481,15,30,17,2921,1
1537443213187,25,Del_ContactFrom,200,OK,DeleteContact 2-10,text,true,,3367,481,15,30,25,0,1
1537443209893,25,Del_ContactFrom,200,"Number of samples in transaction : 2, number of failing samples : 0",DeleteContact 2-10,,true,,3367,481,15,30,25,2913,1
1537443213387,28,Del_ContactFrom,200,OK,DeleteContact 2-11,text,true,,3420,481,15,30,28,0,1
1537443210073,28,Del_ContactFrom,200,"Number of samples in transaction : 2, number of failing samples : 0",DeleteContact 2-11,,true,,3420,481,15,30,28,2933,1
1537443213510,27,Del_Contact,200,OK,DeleteContact 2-7,text,true,,2484,510,15,30,27,0,1
1537443210185,27,Del_Contact,200,"Number of samples in transaction : 2, number of failing samples : 0",DeleteContact 2-7,,true,,2484,510,15,30,27,2944,1
1537443213833,27,Add_ContactAction,200,OK,AddContact 1-1,text,true,,2477,1235,15,30,27,0,1
1537443210887,27,Add_ContactAction,200,"Number of samples in transaction : 2, number of failing samples : 0",AddContact 1-1,,true,,2477,1235,15,30,27,2946,1
1537443213971,29,Del_ContactFrom,200,OK,DeleteContact 2-12,text,true,,3325,481,15,30,29,0,1
1537443211027,29,Del_ContactFrom,200,"Number of samples in transaction : 2, number of failing samples : 0",DeleteContact 2-12,,true,,3325,481,15,30,29,2944,1
1537443214171,81,Add_MainPage,200,OK,AddContact 1-6,text,true,,16160,446,15,30,80,0,1
1537443213187,81,Add_MainPage,200,"Number of samples in transaction : 2, number of failing samples : 0",AddContact 1-6,,true,,16160,446,15,30,80,985,1
1537443214190,66,Add_MainPage,200,OK,AddContact 1-7,text,true,,16160,446,15,30,65,0,0
1537443213206,66,Add_MainPage,200,"Number of samples in transaction : 2, number of failing samples : 0",AddContact 1-7,,true,,16160,446,15,30,65,984,0
1537443214218,54,Add_ContactAction,200,OK,AddContact 1-15,text,true,,2477,1620,15,30,54,0,0
1537443211266,54,Add_ContactAction,200,"Number of samples in transaction : 2, number of failing samples : 0",AddContact 1-15,,true,,2477,1620,15,30,54,2952,0
1537443214218,58,Add_ContactAction,200,OK,AddContact 1-2,text,true,,2477,1535,15,30,58,0,1
1537443211268,58,Add_ContactAction,200,"Number of samples in transaction : 2, number of failing samples : 0",AddContact 1-2,,true,,2477,1535,15,30,58,2950,1
1537443214357,37,Add_MainPage,200,OK,AddContact 1-8,text,true,,16557,446,15,30,36,0,0
1537443213371,37,Add_MainPage,200,"Number of samples in transaction : 2, number of failing samples : 0",AddContact 1-8,,true,,16557,446,15,30,36,986,0
1537443214403,15,Add_ContactAction,200,OK,AddContact 1-3,text,true,,2477,1674,15,30,15,0,0
1537443211460,15,Add_ContactAction,200,"Number of samples in transaction : 2, number of failing samples : 0",AddContact 1-3,,true,,2477,1674,15,30,15,2943,0
1537443214849,28,Add_ContactAction,200,OK,AddContact 1-4,text,true,,2477,1361,15,30,28,0,0
1537443211903,28,Add_ContactAction,200,"Number of samples in transaction : 2, number of failing samples : 0",AddContact 1-4,,true,,2477,1361,15,30,28,2946,0
1537443214942,40,Add_MainPage,200,OK,AddContact 1-9,text,true,,16955,446,15,30,38,0,0
1537443213956,40,Add_MainPage,200,"Number of samples in transaction : 2, number of failing samples : 0",AddContact 1-9,,true,,16955,446,15,30,38,986,0
1537443215005,15,Del_ContactFrom,200,OK,DeleteContact 2-13,text,true,,3291,481,15,30,15,0,0
1537443212052,15,Del_ContactFrom,200,"Number of samples in transaction : 2, number of failing samples : 0",DeleteContact 2-13,,true,,3291,481,15,30,15,2953,0
1537443215234,27,Add_ContactForm,200,OK,AddContact 1-6,text,true,,3239,474,15,30,27,0,0
1537443214253,27,Add_ContactForm,200,"Number of samples in transaction : 2, number of failing samples : 0",AddContact 1-6,,true,,3239,474,15,30,27,981,0
1537443215234,29,Add_ContactForm,200,OK,AddContact 1-7,text,true,,3239,474,15,30,29,0,0
1537443214256,29,Add_ContactForm,200,"Number of samples in transaction : 2, number of failing samples : 0",AddContact 1-7,,true,,3239,474,15,30,29,978,0
1537443215372,24,Add_ContactForm,200,OK,AddContact 1-8,text,true,,3239,474,15,30,23,0,0
1537443214394,24,Add_ContactForm,200,"Number of samples in transaction : 2, number of failing samples : 0",AddContact 1-8,,true,,3239,474,15,30,23,978,0
1537443216307,40,Add_ContactForm,200,OK,AddContact 1-9,text,true,,3239,474,15,30,40,0,0
1537443214982,40,Add_ContactForm,200,"Number of samples in transaction : 2, number of failing samples : 0",AddContact 1-9,,true,,3239,474,15,30,40,976,0
1537443216290,77,Del_MainPage,200,OK,DeleteContact 2-2,text,true,,16955,446,15,30,77,0,1
1537443214956,77,Del_MainPage,200,"Number of samples in transaction : 2, number of failing samples : 0",DeleteContact 2-2,,true,,16955,446,15,30,77,987,1
1537443216306,78,Del_Contact,200,OK,DeleteContact 2-8,text,true,,2484,510,15,30,78,0,0
1537443213009,78,Del_Contact,200,"Number of samples in transaction : 2, number of failing samples : 0",DeleteContact 2-8,,true,,2484,510,15,30,78,2948,0
1537443216354,44,Add_ContactAction,200,OK,AddContact 1-5,text,true,,2477,1301,15,30,44,0,1
1537443213049,44,Add_ContactAction,200,"Number of samples in transaction : 2, number of failing samples : 0",AddContact 1-5,,true,,2477,1301,15,30,44,2956,1
1537443216370,31,Del_Contact,200,OK,DeleteContact 2-9,text,true,,2483,510,15,30,30,0,0
1537443213065,31,Del_Contact,200,"Number of samples in transaction : 2, number of failing samples : 0",DeleteContact 2-9,,true,,2483,510,15,30,30,2956,0
1537443216490,66,Del_MainPage,200,OK,DeleteContact 2-3,text,true,,16765,446,15,30,65,0,1
1537443215156,66,Del_MainPage,200,"Number of samples in transaction : 2, number of failing samples : 0",DeleteContact 2-3,,true,,16765,446,15,30,65,987,1
1537443216475,77,Del_MainPage,200,OK,DeleteContact 2-14,text,true,,16765,446,15,30,77,0,1
1537443215142,77,Del_MainPage,200,"Number of samples in transaction : 2, number of failing samples : 0",DeleteContact 2-14,,true,,16765,446,15,30,77,1002,1
1537443216491,98,Del_MainPage,200,OK,DeleteContact 2-1,text,true,,16765,446,15,30,97,0,0
1537443215156,98,Del_MainPage,200,"Number of samples in transaction : 2, number of failing samples : 0",DeleteContact 2-1,,true,,16765,446,15,30,97,988,0
1537443216492,102,Del_MainPage,200,OK,DeleteContact 2-15,text,true,,16765,446,15,30,102,0,0
1537443215156,102,Del_MainPage,200,"Number of samples in transaction : 2, number of failing samples : 0",DeleteContact 2-15,,true,,16765,446,15,30,102,990,0
1537443216508,109,Del_MainPage,200,OK,DeleteContact 2-4,text,true,,16765,446,15,30,109,0,1
1537443215172,109,Del_MainPage,200,"Number of samples in transaction : 2, number of failing samples : 0",DeleteContact 2-4,,true,,16765,446,15,30,109,990,1
1537443216509,117,Del_Contact,200,OK,DeleteContact 2-10,text,true,,2484,510,15,30,117,0,1
1537443213212,117,Del_Contact,200,"Number of samples in transaction : 2, number of failing samples : 0",DeleteContact 2-10,,true,,2484,510,15,30,117,2949,1
1537443216706,29,Del_Contact,200,OK,DeleteContact 2-11,text,true,,2484,510,15,30,29,0,1
1537443213415,29,Del_Contact,200,"Number of samples in transaction : 2, number of failing samples : 0",DeleteContact 2-11,,true,,2484,510,15,30,29,2943,1
1537443217276,37,Del_Contact,200,OK,DeleteContact 2-12,text,true,,2484,510,15,30,37,0,0
1537443214000,37,Del_Contact,200,"Number of samples in transaction : 2, number of failing samples : 0",DeleteContact 2-12,,true,,2484,510,15,30,37,2927,0
1537443218053,23,Add_MainPage,200,OK,AddContact 1-10,text,true,,16204,446,15,30,22,0,1
1537443216983,23,Add_MainPage,200,"Number of samples in transaction : 2, number of failing samples : 0",AddContact 1-10,,true,,16204,446,15,30,22,1071,1
1537443218183,40,Add_MainPage,200,OK,AddContact 1-11,text,true,,16204,446,15,30,38,0,1
1537443217198,40,Add_MainPage,200,"Number of samples in transaction : 2, number of failing samples : 0",AddContact 1-11,,true,,16204,446,15,30,38,985,1
1537443218291,27,Del_Contact,200,OK,DeleteContact 2-13,text,true,,2484,510,15,30,26,0,1
1537443215020,27,Del_Contact,200,"Number of samples in transaction : 2, number of failing samples : 0",DeleteContact 2-13,,true,,2484,510,15,30,26,2922,1
1537443218521,51,Add_ContactAction,200,OK,AddContact 1-6,text,true,,2477,1193,15,30,51,0,1
1537443215261,51,Add_ContactAction,200,"Number of samples in transaction : 2, number of failing samples : 0",AddContact 1-6,,true,,2477,1193,15,30,51,2911,1
1537443218523,56,Add_ContactAction,200,OK,AddContact 1-7,text,true,,2477,1475,15,30,56,0,0
1537443215263,56,Add_ContactAction,200,"Number of samples in transaction : 2, number of failing samples : 0",AddContact 1-7,,true,,2477,1475,15,30,56,2911,0
1537443218661,28,Add_ContactAction,200,OK,AddContact 1-8,text,true,,2477,1295,15,30,28,0,1
1537443215396,28,Add_ContactAction,200,"Number of samples in transaction : 2, number of failing samples : 0",AddContact 1-8,,true,,2477,1295,15,30,28,2916,1
1537443219029,45,Del_MainPage,200,OK,DeleteContact 2-5,text,true,,16529,446,15,30,44,0,1
1537443218054,45,Del_MainPage,200,"Number of samples in transaction : 2, number of failing samples : 0",DeleteContact 2-5,,true,,16529,446,15,30,44,977,1
1537443219062,28,Add_ContactForm,200,OK,AddContact 1-10,text,true,,3239,474,15,30,28,0,0
1537443218077,28,Add_ContactForm,200,"Number of samples in transaction : 2, number of failing samples : 0",AddContact 1-10,,true,,3239,474,15,30,28,985,0
1537443219061,38,Del_MainPage,200,OK,DeleteContact 2-6,text,true,,16529,446,15,30,37,0,0
1537443218076,38,Del_MainPage,200,"Number of samples in transaction : 2, number of failing samples : 0",DeleteContact 2-6,,true,,16529,446,15,30,37,988,0
1537443219199,25,Add_ContactForm,200,OK,AddContact 1-11,text,true,,3239,474,15,30,25,0,0
1537443218223,25,Add_ContactForm,200,"Number of samples in transaction : 2, number of failing samples : 0",AddContact 1-11,,true,,3239,474,15,30,25,977,0
1537443219261,30,Add_ContactAction,200,OK,AddContact 1-9,text,true,,2477,1403,15,30,30,0,0
1537443216347,30,Add_ContactAction,200,"Number of samples in transaction : 2, number of failing samples : 0",AddContact 1-9,,true,,2477,1403,15,30,30,2914,0
1537443219291,14,Del_ContactFrom,200,OK,DeleteContact 2-2,text,true,,3175,481,15,30,14,0,1
1537443216369,14,Del_ContactFrom,200,"Number of samples in transaction : 2, number of failing samples : 0",DeleteContact 2-2,,true,,3175,481,15,30,14,2922,1
1537443219492,72,Del_ContactFrom,200,OK,DeleteContact 2-14,text,true,,3270,481,15,30,72,0,0
1537443216570,72,Del_ContactFrom,200,"Number of samples in transaction : 2, number of failing samples : 0",DeleteContact 2-14,,true,,3270,481,15,30,72,2922,0
1537443219493,73,Del_ContactFrom,200,OK,DeleteContact 2-3,text,true,,3267,481,15,30,73,0,0
1537443216558,73,Del_ContactFrom,200,"Number of samples in transaction : 2, number of failing samples : 0",DeleteContact 2-3,,true,,3267,481,15,30,73,2936,0
1537443219527,42,Del_ContactFrom,200,OK,DeleteContact 2-15,text,true,,3341,481,15,30,42,0,1
1537443216597,42,Del_ContactFrom,200,"Number of samples in transaction : 2, number of failing samples : 0",DeleteContact 2-15,,true,,3341,481,15,30,42,2930,1
1537443219528,43,Del_ContactFrom,200,OK,DeleteContact 2-1,text,true,,3418,481,15,30,43,0,1
1537443216591,43,Del_ContactFrom,200,"Number of samples in transaction : 2, number of failing samples : 0",DeleteContact 2-1,,true,,3418,481,15,30,43,2937,1
1537443219553,22,Del_ContactFrom,200,OK,DeleteContact 2-4,text,true,,3265,481,15,30,22,0,0
1537443216620,22,Del_ContactFrom,200,"Number of samples in transaction : 2, number of failing samples : 0",DeleteContact 2-4,,true,,3265,481,15,30,22,2934,0
1537443219753,39,Del_MainPage,200,OK,DeleteContact 2-7,text,true,,16689,446,15,30,37,0,1
1537443218768,39,Del_MainPage,200,"Number of samples in transaction : 2, number of failing samples : 0",DeleteContact 2-7,,true,,16689,446,15,30,37,988,1
1537443220952,63,Add_MainPage,200,OK,AddContact 1-14,text,true,,16689,446,15,30,62,0,1
1537443219968,63,Add_MainPage,200,"Number of samples in transaction : 2, number of failing samples : 0",AddContact 1-14,,true,,16689,446,15,30,62,985,1
1537443220953,104,Add_MainPage,200,OK,AddContact 1-12,text,true,,16689,446,15,30,103,0,1
1537443219968,104,Add_MainPage,200,"Number of samples in transaction : 2, number of failing samples : 0",AddContact 1-12,,true,,16689,446,15,30,103,985,1
1537443220954,115,Add_MainPage,200,OK,AddContact 1-13,text,true,,16689,446,15,30,114,0,1
1537443219968,115,Add_MainPage,200,"Number of samples in transaction : 2, number of failing samples : 0",AddContact 1-13,,true,,16689,446,15,30,114,986,1
1537443221867,26,Add_ContactForm,200,OK,AddContact 1-14,text,true,,3239,474,15,30,26,0,0
1537443221016,26,Add_ContactForm,200,"Number of samples in transaction : 2, number of failing samples : 0",AddContact 1-14,,true,,3239,474,15,30,26,984,0
1537443221898,65,Add_ContactForm,200,OK,AddContact 1-12,text,true,,3239,474,15,30,65,0,0
1537443220924,65,Add_ContactForm,200,"Number of samples in transaction : 2, number of failing samples : 0",AddContact 1-12,,true,,3239,474,15,30,65,974,0
1537443221928,38,Add_ContactForm,200,OK,AddContact 1-13,text,true,,3239,474,15,30,38,0,0
1537443220936,38,Add_ContactForm,200,"Number of samples in transaction : 2, number of failing samples : 0",AddContact 1-13,,true,,3239,474,15,30,38,993,0
1537443221898,70,Del_ContactFrom,200,OK,DeleteContact 2-5,text,true,,3419,481,15,30,70,0,1
1537443219076,70,Del_ContactFrom,200,"Number of samples in transaction : 2, number of failing samples : 0",DeleteContact 2-5,,true,,3419,481,15,30,70,2956,1
1537443221899,74,Add_ContactAction,200,OK,AddContact 1-10,text,true,,2477,1409,15,30,74,0,1
1537443219090,74,Add_ContactAction,200,"Number of samples in transaction : 2, number of failing samples : 0",AddContact 1-10,,true,,2477,1409,15,30,74,2942,1
1537443221929,55,Del_ContactFrom,200,OK,DeleteContact 2-6,text,true,,3322,481,15,30,54,0,0
1537443219102,55,Del_ContactFrom,200,"Number of samples in transaction : 2, number of failing samples : 0",DeleteContact 2-6,,true,,3322,481,15,30,54,2960,0
1537443221928,59,Add_MainPage,200,OK,AddContact 1-1,text,true,,16856,446,15,30,58,0,1
1537443220928,59,Add_MainPage,200,"Number of samples in transaction : 2, number of failing samples : 0",AddContact 1-1,,true,,16856,446,15,30,58,1000,1
1537443222036,28,Add_ContactAction,200,OK,AddContact 1-11,text,true,,2477,1668,15,30,28,0,1
1537443219225,28,Add_ContactAction,200,"Number of samples in transaction : 2, number of failing samples : 0",AddContact 1-11,,true,,2477,1668,15,30,28,2944,1
1537443222113,47,Del_Contact,200,OK,DeleteContact 2-2,text,true,,2490,510,15,30,47,0,1
1537443219305,47,Del_Contact,200,"Number of samples in transaction : 2, number of failing samples : 0",DeleteContact 2-2,,true,,2490,510,15,30,47,2942,1
1537443222128,42,Del_MainPage,200,OK,DeleteContact 2-8,text,true,,17081,446,15,30,41,0,1
1537443221144,42,Del_MainPage,200,"Number of samples in transaction : 2, number of failing samples : 0",DeleteContact 2-8,,true,,17081,446,15,30,41,986,1
1537443222147,37,Del_MainPage,200,OK,DeleteContact 2-9,text,true,,17081,446,15,30,36,0,0
1537443221159,37,Del_MainPage,200,"Number of samples in transaction : 2, number of failing samples : 0",DeleteContact 2-9,,true,,17081,446,15,30,36,990,0
1537443222329,120,Add_MainPage,200,OK,AddContact 1-2,text,true,,17081,446,15,30,114,0,1
1537443221343,120,Add_MainPage,200,"Number of samples in transaction : 2, number of failing samples : 0",AddContact 1-2,,true,,17081,446,15,30,114,986,1
1537443222330,122,Add_MainPage,200,OK,AddContact 1-15,text,true,,17081,446,15,30,121,0,1
1537443221343,122,Add_MainPage,200,"Number of samples in transaction : 2, number of failing samples : 0",AddContact 1-15,,true,,17081,446,15,30,121,988,1
1537443222360,96,Del_MainPage,200,OK,DeleteContact 2-10,text,true,,17081,446,15,30,95,0,1
1537443221374,96,Del_MainPage,200,"Number of samples in transaction : 2, number of failing samples : 0",DeleteContact 2-10,,true,,17081,446,15,30,95,992,1
1537443222374,119,Del_Contact,200,OK,DeleteContact 2-14,text,true,,2484,510,15,30,119,0,1
1537443219564,119,Del_Contact,200,"Number of samples in transaction : 2, number of failing samples : 0",DeleteContact 2-14,,true,,2484,510,15,30,119,2944,1
1537443222375,122,Del_Contact,200,OK,DeleteContact 2-3,text,true,,2484,510,15,30,122,0,0
1537443219567,122,Del_Contact,200,"Number of samples in transaction : 2, number of failing samples : 0",DeleteContact 2-3,,true,,2484,510,15,30,122,2941,0
1537443222393,109,Del_Contact,200,OK,DeleteContact 2-1,text,true,,2484,510,15,30,109,0,0
1537443219571,109,Del_Contact,200,"Number of samples in transaction : 2, number of failing samples : 0",DeleteContact 2-1,,true,,2484,510,15,30,109,2956,0
1537443222392,113,Del_Contact,200,OK,DeleteContact 2-15,text,true,,2484,510,15,30,113,0,1
1537443219569,113,Del_Contact,200,"Number of samples in transaction : 2, number of failing samples : 0",DeleteContact 2-15,,true,,2484,510,15,30,113,2956,1
1537443222393,116,Del_Contact,200,OK,DeleteContact 2-4,text,true,,2484,510,15,30,116,0,0
1537443219576,116,Del_Contact,200,"Number of samples in transaction : 2, number of failing samples : 0",DeleteContact 2-4,,true,,2484,510,15,30,116,2951,0
1537443222466,59,Add_MainPage,200,OK,AddContact 1-3,text,true,,16395,446,15,30,58,0,0
1537443221482,59,Add_MainPage,200,"Number of samples in transaction : 2, number of failing samples : 0",AddContact 1-3,,true,,16395,446,15,30,58,984,0
1537443222467,62,Del_MainPage,200,OK,DeleteContact 2-11,text,true,,16395,446,15,30,61,0,0
1537443221482,62,Del_MainPage,200,"Number of samples in transaction : 2, number of failing samples : 0",DeleteContact 2-11,,true,,16395,446,15,30,61,987,0
1537443222606,25,Del_ContactFrom,200,OK,DeleteContact 2-7,text,true,,3383,481,15,30,25,0,1
1537443219795,25,Del_ContactFrom,200,"Number of samples in transaction : 2, number of failing samples : 0",DeleteContact 2-7,,true,,3383,481,15,30,25,2944,1
1537443222913,34,Add_MainPage,200,OK,AddContact 1-4,text,true,,16395,446,15,30,33,0,1
1537443221929,34,Add_MainPage,200,"Number of samples in transaction : 2, number of failing samples : 0",AddContact 1-4,,true,,16395,446,15,30,33,984,1
1537443222959,13,Add_ContactForm,200,OK,AddContact 1-1,text,true,,3239,474,15,30,13,0,0
1537443221987,13,Add_ContactForm,200,"Number of samples in transaction : 2, number of failing samples : 0",AddContact 1-1,,true,,3239,474,15,30,13,972,0
1537443223067,30,Del_MainPage,200,OK,DeleteContact 2-12,text,true,,16395,446,15,30,29,0,0
1537443222082,30,Del_MainPage,200,"Number of samples in transaction : 2, number of failing samples : 0",DeleteContact 2-12,,true,,16395,446,15,30,29,988,0
1537443223421,34,Add_ContactForm,200,OK,AddContact 1-2,text,true,,3239,474,15,30,34,0,0
1537443222449,34,Add_ContactForm,200,"Number of samples in transaction : 2, number of failing samples : 0",AddContact 1-2,,true,,3239,474,15,30,34,972,0
1537443223436,21,Add_ContactForm,200,OK,AddContact 1-15,text,true,,3239,474,15,30,21,0,0
1537443222453,21,Add_ContactForm,200,"Number of samples in transaction : 2, number of failing samples : 0",AddContact 1-15,,true,,3239,474,15,30,21,983,0
1537443223498,22,Add_ContactForm,200,OK,AddContact 1-3,text,true,,3239,474,15,30,22,0,0
1537443222525,22,Add_ContactForm,200,"Number of samples in transaction : 2, number of failing samples : 0",AddContact 1-3,,true,,3239,474,15,30,22,974,0
1537443223929,24,Add_ContactForm,200,OK,AddContact 1-4,text,true,,3239,474,15,30,24,0,0
1537443222947,24,Add_ContactForm,200,"Number of samples in transaction : 2, number of failing samples : 0",AddContact 1-4,,true,,3239,474,15,30,24,983,0
1537443224067,49,Del_MainPage,200,OK,DeleteContact 2-13,text,true,,16395,446,15,30,48,0,1
1537443223085,49,Del_MainPage,200,"Number of samples in transaction : 2, number of failing samples : 0",DeleteContact 2-13,,true,,16395,446,15,30,48,984,1
1537443224086,35,Add_MainPage,200,OK,AddContact 1-5,text,true,,16395,446,15,30,34,0,0
1537443223097,35,Add_MainPage,200,"Number of samples in transaction : 2, number of failing samples : 0",AddContact 1-5,,true,,16395,446,15,30,34,989,0
1537443224837,78,Add_ContactAction,200,OK,AddContact 1-14,text,true,,2477,1589,15,30,77,0,1
1537443221893,78,Add_ContactAction,200,"Number of samples in transaction : 2, number of failing samples : 0",AddContact 1-14,,true,,2477,1589,15,30,77,2944,1
1537443224913,94,Add_ContactAction,200,OK,AddContact 1-12,text,true,,2477,1289,15,30,94,0,1
1537443221963,94,Add_ContactAction,200,"Number of samples in transaction : 2, number of failing samples : 0",AddContact 1-12,,true,,2477,1289,15,30,94,2950,1
1537443224916,100,Del_Contact,200,OK,DeleteContact 2-5,text,true,,2483,510,15,30,99,0,0
1537443221969,100,Del_Contact,200,"Number of samples in transaction : 2, number of failing samples : 0",DeleteContact 2-5,,true,,2483,510,15,30,99,2947,0
1537443224941,76,Del_Contact,200,OK,DeleteContact 2-6,text,true,,2483,510,15,30,76,0,0
1537443221984,76,Del_Contact,200,"Number of samples in transaction : 2, number of failing samples : 0",DeleteContact 2-6,,true,,2483,510,15,30,76,2958,0
1537443224915,105,Add_ContactAction,200,OK,AddContact 1-13,text,true,,2477,1223,15,30,104,0,0
1537443221967,105,Add_ContactAction,200,"Number of samples in transaction : 2, number of failing samples : 0",AddContact 1-13,,true,,2477,1223,15,30,104,2948,0
1537443225099,47,Add_ContactForm,200,OK,AddContact 1-5,text,true,,3239,474,15,30,47,0,0
1537443224121,47,Add_ContactForm,200,"Number of samples in transaction : 2, number of failing samples : 0",AddContact 1-5,,true,,3239,474,15,30,47,978,0
1537443225113,37,Del_ContactFrom,200,OK,DeleteContact 2-8,text,true,,3176,481,15,30,37,0,1
1537443222172,37,Del_ContactFrom,200,"Number of samples in transaction : 2, number of failing samples : 0",DeleteContact 2-8,,true,,3176,481,15,30,37,2941,1
1537443225131,21,Del_ContactFrom,200,OK,DeleteContact 2-9,text,true,,3385,481,15,30,21,0,0
1537443222186,21,Del_ContactFrom,200,"Number of samples in transaction : 2, number of failing samples : 0",DeleteContact 2-9,,true,,3385,481,15,30,21,2945,0
1537443225390,30,Del_ContactFrom,200,OK,DeleteContact 2-10,text,true,,3407,481,15,30,29,0,1
1537443222462,30,Del_ContactFrom,200,"Number of samples in transaction : 2, number of failing samples : 0",DeleteContact 2-10,,true,,3407,481,15,30,29,2928,1
1537443225463,15,Del_ContactFrom,200,OK,DeleteContact 2-11,text,true,,3411,481,15,30,14,0,1
1537443222531,15,Del_ContactFrom,200,"Number of samples in transaction : 2, number of failing samples : 0",DeleteContact 2-11,,true,,3411,481,15,30,14,2932,1
1537443225544,158,Del_Contact,200,OK,DeleteContact 2-7,text,true,,2484,510,15,30,158,0,1
1537443222631,158,Del_Contact,200,"Number of samples in transaction : 2, number of failing samples : 0",DeleteContact 2-7,,true,,2484,510,15,30,158,2913,1
1537443225725,39,Add_ContactAction,200,OK,AddContact 1-1,text,true,,2477,1553,15,30,39,0,1
1537443222972,39,Add_ContactAction,200,"Number of samples in transaction : 2, number of failing samples : 0",AddContact 1-1,,true,,2477,1553,15,30,39,2911,1
1537443225864,23,Del_ContactFrom,200,OK,DeleteContact 2-12,text,true,,3402,481,15,30,23,0,1
1537443223100,23,Del_ContactFrom,200,"Number of samples in transaction : 2, number of failing samples : 0",DeleteContact 2-12,,true,,3402,481,15,30,23,2923,1
1537443226141,55,Add_MainPage,200,OK,AddContact 1-6,text,true,,16500,446,15,30,54,0,0
1537443225313,55,Add_MainPage,200,"Number of samples in transaction : 2, number of failing samples : 0",AddContact 1-6,,true,,16500,446,15,30,54,987,0
1537443226142,58,Add_MainPage,200,OK,AddContact 1-7,text,true,,16500,446,15,30,57,0,0
1537443225314,58,Add_MainPage,200,"Number of samples in transaction : 2, number of failing samples : 0",AddContact 1-7,,true,,16500,446,15,30,57,986,0
1537443226226,46,Add_MainPage,200,OK,AddContact 1-8,text,true,,16500,446,15,30,44,0,0
1537443225406,46,Add_MainPage,200,"Number of samples in transaction : 2, number of failing samples : 0",AddContact 1-8,,true,,16500,446,15,30,44,978,0
1537443226225,49,Add_ContactAction,200,OK,AddContact 1-2,text,true,,2477,1319,15,30,49,0,0
1537443223455,49,Add_ContactAction,200,"Number of samples in transaction : 2, number of failing samples : 0",AddContact 1-2,,true,,2477,1319,15,30,49,2928,0
1537443226226,50,Add_ContactAction,200,OK,AddContact 1-15,text,true,,2477,1277,15,30,50,0,0
1537443223457,50,Add_ContactAction,200,"Number of samples in transaction : 2, number of failing samples : 0",AddContact 1-15,,true,,2477,1277,15,30,50,2927,0
1537443226288,16,Add_ContactAction,200,OK,AddContact 1-3,text,true,,2477,1469,15,30,16,0,0
1537443223521,16,Add_ContactAction,200,"Number of samples in transaction : 2, number of failing samples : 0",AddContact 1-3,,true,,2477,1469,15,30,16,2925,0
1537443226864,33,Add_MainPage,200,OK,AddContact 1-9,text,true,,17203,446,15,30,33,0,0
1537443225865,33,Add_MainPage,200,"Number of samples in transaction : 2, number of failing samples : 0",AddContact 1-9,,true,,17203,446,15,30,33,999,0
1537443226896,14,Del_ContactFrom,200,OK,DeleteContact 2-13,text,true,,3322,481,15,30,14,0,0
1537443224118,14,Del_ContactFrom,200,"Number of samples in transaction : 2, number of failing samples : 0",DeleteContact 2-13,,true,,3322,481,15,30,14,2936,0
1537443226726,203,Add_ContactAction,200,OK,AddContact 1-4,text,true,,2477,1451,15,30,203,0,0
1537443223954,203,Add_ContactAction,200,"Number of samples in transaction : 2, number of failing samples : 0",AddContact 1-4,,true,,2477,1451,15,30,203,2931,0
1537443227187,38,Add_ContactForm,200,OK,AddContact 1-6,text,true,,3239,474,15,30,38,0,0
1537443226197,38,Add_ContactForm,200,"Number of samples in transaction : 2, number of failing samples : 0",AddContact 1-6,,true,,3239,474,15,30,38,991,0
1537443227188,40,Add_ContactForm,200,OK,AddContact 1-7,text,true,,3239,474,15,30,39,0,0
1537443226200,40,Add_ContactForm,200,"Number of samples in transaction : 2, number of failing samples : 0",AddContact 1-7,,true,,3239,474,15,30,39,988,0
1537443227264,16,Add_ContactForm,200,OK,AddContact 1-8,text,true,,3239,474,15,30,16,0,0
1537443226272,16,Add_ContactForm,200,"Number of samples in transaction : 2, number of failing samples : 0",AddContact 1-8,,true,,3239,474,15,30,16,993,0
1537443227880,44,Add_ContactForm,200,OK,AddContact 1-9,text,true,,3239,474,15,30,44,0,0
1537443226897,44,Add_ContactForm,200,"Number of samples in transaction : 2, number of failing samples : 0",AddContact 1-9,,true,,3239,474,15,30,44,984,0
1537443227897,68,Del_MainPage,200,OK,DeleteContact 2-2,text,true,,17203,446,15,30,68,0,1
1537443226910,68,Del_MainPage,200,"Number of samples in transaction : 2, number of failing samples : 0",DeleteContact 2-2,,true,,17203,446,15,30,68,990,1
1537443227925,49,Del_Contact,200,OK,DeleteContact 2-8,text,true,,2490,510,15,30,49,0,1
1537443225150,49,Del_Contact,200,"Number of samples in transaction : 2, number of failing samples : 0",DeleteContact 2-8,,true,,2490,510,15,30,49,2933,1
1537443227926,53,Add_ContactAction,200,OK,AddContact 1-5,text,true,,2477,1337,15,30,53,0,0
1537443225146,53,Add_ContactAction,200,"Number of samples in transaction : 2, number of failing samples : 0",AddContact 1-5,,true,,2477,1337,15,30,53,2938,0
1537443227927,55,Del_Contact,200,OK,DeleteContact 2-9,text,true,,2484,510,15,30,55,0,0
1537443225152,55,Del_Contact,200,"Number of samples in transaction : 2, number of failing samples : 0",DeleteContact 2-9,,true,,2484,510,15,30,55,2933,0
1537443228199,71,Del_MainPage,200,OK,DeleteContact 2-14,text,true,,17156,446,15,30,71,0,1
1537443227222,71,Del_MainPage,200,"Number of samples in transaction : 2, number of failing samples : 0",DeleteContact 2-14,,true,,17156,446,15,30,71,980,1
1537443228201,78,Del_Contact,200,OK,DeleteContact 2-10,text,true,,2484,510,15,30,78,0,1
1537443225420,78,Del_Contact,200,"Number of samples in transaction : 2, number of failing samples : 0",DeleteContact 2-10,,true,,2484,510,15,30,78,2939,1
1537443228228,94,Del_MainPage,200,OK,DeleteContact 2-3,text,true,,16932,446,15,30,93,0,1
1537443227237,94,Del_MainPage,200,"Number of samples in transaction : 2, number of failing samples : 0",DeleteContact 2-3,,true,,16932,446,15,30,93,993,1
1537443228229,98,Del_MainPage,200,OK,DeleteContact 2-1,text,true,,16932,446,15,30,98,0,0
1537443227237,98,Del_MainPage,200,"Number of samples in transaction : 2, number of failing samples : 0",DeleteContact 2-1,,true,,16932,446,15,30,98,995,0
1537443228229,104,Del_MainPage,200,OK,DeleteContact 2-15,text,true,,16932,446,15,30,104,0,0
1537443227237,104,Del_MainPage,200,"Number of samples in transaction : 2, number of failing samples : 0",DeleteContact 2-15,,true,,16932,446,15,30,104,994,0
1537443228229,120,Del_MainPage,200,OK,DeleteContact 2-4,text,true,,16932,446,15,30,120,0,1
1537443227237,120,Del_MainPage,200,"Number of samples in transaction : 2, number of failing samples : 0",DeleteContact 2-4,,true,,16932,446,15,30,120,995,1
1537443228260,95,Del_Contact,200,OK,DeleteContact 2-11,text,true,,2484,510,15,30,95,0,0
1537443225478,95,Del_Contact,200,"Number of samples in transaction : 2, number of failing samples : 0",DeleteContact 2-11,,true,,2484,510,15,30,95,2940,0
1537443228818,26,Del_Contact,200,OK,DeleteContact 2-12,text,true,,2484,510,15,30,26,0,1
1537443225888,26,Del_Contact,200,"Number of samples in transaction : 2, number of failing samples : 0",DeleteContact 2-12,,true,,2484,510,15,30,26,2930,1
1537443229634,39,Add_MainPage,200,OK,AddContact 1-10,text,true,,16471,446,15,30,38,0,0
1537443228649,39,Add_MainPage,200,"Number of samples in transaction : 2, number of failing samples : 0",AddContact 1-10,,true,,16471,446,15,30,38,985,0
1537443229726,35,Add_MainPage,200,OK,AddContact 1-11,text,true,,16471,446,15,30,34,0,1
1537443228741,35,Add_MainPage,200,"Number of samples in transaction : 2, number of failing samples : 0",AddContact 1-11,,true,,16471,446,15,30,34,985,1
1537443229849,26,Del_Contact,200,OK,DeleteContact 2-13,text,true,,2484,510,15,30,26,0,1
1537443226910,26,Del_Contact,200,"Number of samples in transaction : 2, number of failing samples : 0",DeleteContact 2-13,,true,,2484,510,15,30,26,2939,1
1537443230157,15,Add_ContactAction,200,OK,AddContact 1-6,text,true,,2477,1205,15,30,15,0,0
1537443227226,15,Add_ContactAction,200,"Number of samples in transaction : 2, number of failing samples : 0",AddContact 1-6,,true,,2477,1205,15,30,15,2931,0
1537443230173,15,Add_ContactAction,200,OK,AddContact 1-7,text,true,,2477,1229,15,30,15,0,0
1537443227228,15,Add_ContactAction,200,"Number of samples in transaction : 2, number of failing samples : 0",AddContact 1-7,,true,,2477,1229,15,30,15,2945,0
1537443230219,18,Add_ContactAction,200,OK,AddContact 1-8,text,true,,2477,1529,15,30,18,0,0
1537443227281,18,Add_ContactAction,200,"Number of samples in transaction : 2, number of failing samples : 0",AddContact 1-8,,true,,2477,1529,15,30,18,2938,0
1537443230031,24,Add_ContactForm,200,OK,AddContact 1-10,text,true,,3239,474,15,30,24,0,0
1537443229673,24,Add_ContactForm,200,"Number of samples in transaction : 2, number of failing samples : 0",AddContact 1-10,,true,,3239,474,15,30,24,977,0
1537443230124,37,Add_ContactForm,200,OK,AddContact 1-11,text,true,,3239,474,15,30,37,0,0
1537443229761,37,Add_ContactForm,200,"Number of samples in transaction : 2, number of failing samples : 0",AddContact 1-11,,true,,3239,474,15,30,37,981,0
1537443230109,66,Del_MainPage,200,OK,DeleteContact 2-6,text,true,,16770,446,15,30,65,0,2
1537443229745,66,Del_MainPage,200,"Number of samples in transaction : 2, number of failing samples : 0",DeleteContact 2-6,,true,,16770,446,15,30,65,984,2
1537443230109,71,Del_MainPage,200,OK,DeleteContact 2-5,text,true,,16770,446,15,30,70,0,3
1537443229745,71,Del_MainPage,200,"Number of samples in transaction : 2, number of failing samples : 0",DeleteContact 2-5,,true,,16770,446,15,30,70,998,3
1537443230231,30,Add_ContactAction,200,OK,AddContact 1-9,text,true,,2477,1217,15,30,30,0,1
1537443227925,30,Add_ContactAction,200,"Number of samples in transaction : 2, number of failing samples : 0",AddContact 1-9,,true,,2477,1217,15,30,30,2924,1
1537443230278,13,Del_ContactFrom,200,OK,DeleteContact 2-2,text,true,,3354,481,15,30,13,0,1
1537443227968,13,Del_ContactFrom,200,"Number of samples in transaction : 2, number of failing samples : 0",DeleteContact 2-2,,true,,3354,481,15,30,13,2928,1
1537443230583,27,Del_ContactFrom,200,OK,DeleteContact 2-14,text,true,,3302,481,15,30,26,0,1
1537443228273,27,Del_ContactFrom,200,"Number of samples in transaction : 2, number of failing samples : 0",DeleteContact 2-14,,true,,3302,481,15,30,26,2928,1
1537443230631,15,Del_ContactFrom,200,OK,DeleteContact 2-3,text,true,,3364,481,15,30,15,0,1
1537443228324,15,Del_ContactFrom,200,"Number of samples in transaction : 2, number of failing samples : 0",DeleteContact 2-3,,true,,3364,481,15,30,15,2925,1
1537443230647,38,Del_ContactFrom,200,OK,DeleteContact 2-15,text,true,,3175,481,15,30,38,0,0
1537443228335,38,Del_ContactFrom,200,"Number of samples in transaction : 2, number of failing samples : 0",DeleteContact 2-15,,true,,3175,481,15,30,38,2930,0
1537443230648,39,Del_ContactFrom,200,OK,DeleteContact 2-1,text,true,,3338,481,15,30,39,0,0
1537443228330,39,Del_ContactFrom,200,"Number of samples in transaction : 2, number of failing samples : 0",DeleteContact 2-1,,true,,3338,481,15,30,39,2937,0
1537443230668,25,Del_ContactFrom,200,OK,DeleteContact 2-4,text,true,,3383,481,15,30,21,0,0
1537443228352,25,Del_ContactFrom,200,"Number of samples in transaction : 2, number of failing samples : 0",DeleteContact 2-4,,true,,3383,481,15,30,21,2935,0
1537443230801,40,Del_MainPage,200,OK,DeleteContact 2-7,text,true,,16909,446,15,30,38,0,1
1537443230434,40,Del_MainPage,200,"Number of samples in transaction : 2, number of failing samples : 0",DeleteContact 2-7,,true,,16909,446,15,30,38,989,1
1537443231970,44,Add_MainPage,200,OK,AddContact 1-14,text,true,,16909,446,15,30,43,0,1
1537443230986,44,Add_MainPage,200,"Number of samples in transaction : 2, number of failing samples : 0",AddContact 1-14,,true,,16909,446,15,30,43,984,1
1537443232063,52,Add_MainPage,200,OK,AddContact 1-12,text,true,,16909,446,15,30,51,0,0
1537443231077,52,Add_MainPage,200,"Number of samples in transaction : 2, number of failing samples : 0",AddContact 1-12,,true,,16909,446,15,30,51,986,0
1537443232064,54,Add_MainPage,200,OK,AddContact 1-13,text,true,,16909,446,15,30,53,0,0
1537443231077,54,Add_MainPage,200,"Number of samples in transaction : 2, number of failing samples : 0",AddContact 1-13,,true,,16909,446,15,30,53,987,0
1537443232986,85,Add_ContactForm,200,OK,AddContact 1-14,text,true,,3239,474,15,30,85,0,0
1537443232014,85,Add_ContactForm,200,"Number of samples in transaction : 2, number of failing samples : 0",AddContact 1-14,,true,,3239,474,15,30,85,972,0
1537443232988,97,Add_MainPage,200,OK,AddContact 1-1,text,true,,16909,446,15,30,96,0,1
1537443232001,97,Add_MainPage,200,"Number of samples in transaction : 2, number of failing samples : 0",AddContact 1-1,,true,,16909,446,15,30,96,987,1
1537443232987,102,Add_ContactAction,200,OK,AddContact 1-10,text,true,,2477,1133,15,30,101,0,1
1537443230056,102,Add_ContactAction,200,"Number of samples in transaction : 2, number of failing samples : 0",AddContact 1-10,,true,,2477,1133,15,30,101,2931,1
1537443233095,51,Add_ContactForm,200,OK,AddContact 1-12,text,true,,3239,474,15,30,51,0,0
1537443232115,51,Add_ContactForm,200,"Number of samples in transaction : 2, number of failing samples : 0",AddContact 1-12,,true,,3239,474,15,30,51,981,0
1537443233095,53,Add_ContactForm,200,OK,AddContact 1-13,text,true,,3239,474,15,30,53,0,0
1537443232118,53,Add_ContactForm,200,"Number of samples in transaction : 2, number of failing samples : 0",AddContact 1-13,,true,,3239,474,15,30,53,978,0
1537443233132,58,Del_ContactFrom,200,OK,DeleteContact 2-5,text,true,,3324,481,15,30,58,0,0
1537443230196,58,Del_ContactFrom,200,"Number of samples in transaction : 2, number of failing samples : 0",DeleteContact 2-5,,true,,3324,481,15,30,58,2937,0
1537443233120,74,Del_ContactFrom,200,OK,DeleteContact 2-6,text,true,,3296,481,15,30,74,0,1
1537443230177,74,Del_ContactFrom,200,"Number of samples in transaction : 2, number of failing samples : 0",DeleteContact 2-6,,true,,3296,481,15,30,74,2944,1
1537443233094,103,Add_ContactAction,200,OK,AddContact 1-11,text,true,,2477,1644,15,30,103,0,0
1537443230161,103,Add_ContactAction,200,"Number of samples in transaction : 2, number of failing samples : 0",AddContact 1-11,,true,,2477,1644,15,30,103,2934,0
1537443233232,56,Del_MainPage,200,OK,DeleteContact 2-8,text,true,,17230,446,15,30,55,0,0
1537443232248,56,Del_MainPage,200,"Number of samples in transaction : 2, number of failing samples : 0",DeleteContact 2-8,,true,,17230,446,15,30,55,986,0
1537443233218,74,Del_Contact,200,OK,DeleteContact 2-2,text,true,,2483,510,15,30,74,0,1
1537443230291,74,Del_Contact,200,"Number of samples in transaction : 2, number of failing samples : 0",DeleteContact 2-2,,true,,2483,510,15,30,74,2927,1
1537443233237,58,Del_MainPage,200,OK,DeleteContact 2-9,text,true,,17230,446,15,30,57,0,1
1537443232248,58,Del_MainPage,200,"Number of samples in transaction : 2, number of failing samples : 0",DeleteContact 2-9,,true,,17230,446,15,30,57,992,1
1537443233495,112,Add_MainPage,200,OK,AddContact 1-15,text,true,,17072,446,15,30,110,0,0
1537443232510,112,Add_MainPage,200,"Number of samples in transaction : 2, number of failing samples : 0",AddContact 1-15,,true,,17072,446,15,30,110,985,0
1537443233496,115,Add_MainPage,200,OK,AddContact 1-2,text,true,,17072,446,15,30,114,0,0
1537443232510,115,Add_MainPage,200,"Number of samples in transaction : 2, number of failing samples : 0",AddContact 1-2,,true,,17072,446,15,30,114,986,0
1537443233525,89,Add_MainPage,200,OK,AddContact 1-3,text,true,,17072,446,15,30,88,0,0
1537443232540,89,Add_MainPage,200,"Number of samples in transaction : 2, number of failing samples : 0",AddContact 1-3,,true,,17072,446,15,30,88,986,0
1537443233545,73,Del_MainPage,200,OK,DeleteContact 2-10,text,true,,17072,446,15,30,73,0,1
1537443232555,73,Del_MainPage,200,"Number of samples in transaction : 2, number of failing samples : 0",DeleteContact 2-10,,true,,17072,446,15,30,73,992,1
1537443233556,85,Del_Contact,200,OK,DeleteContact 2-14,text,true,,2484,510,15,30,85,0,0
1537443230610,85,Del_Contact,200,"Number of samples in transaction : 2, number of failing samples : 0",DeleteContact 2-14,,true,,2484,510,15,30,85,2946,0
1537443233632,46,Del_Contact,200,OK,DeleteContact 2-15,text,true,,2490,510,15,30,46,0,0
1537443230685,46,Del_Contact,200,"Number of samples in transaction : 2, number of failing samples : 0",DeleteContact 2-15,,true,,2490,510,15,30,46,2947,0
1537443233602,87,Del_MainPage,200,OK,DeleteContact 2-11,text,true,,16952,446,15,30,87,0,0
1537443232621,87,Del_MainPage,200,"Number of samples in transaction : 2, number of failing samples : 0",DeleteContact 2-11,,true,,16952,446,15,30,87,983,0
1537443233587,106,Del_Contact,200,OK,DeleteContact 2-3,text,true,,2484,510,15,30,106,0,1
1537443230646,106,Del_Contact,200,"Number of samples in transaction : 2, number of failing samples : 0",DeleteContact 2-3,,true,,2484,510,15,30,106,2941,1
1537443233633,68,Del_Contact,200,OK,DeleteContact 2-1,text,true,,2484,510,15,30,68,0,0
1537443230688,68,Del_Contact,200,"Number of samples in transaction : 2, number of failing samples : 0",DeleteContact 2-1,,true,,2484,510,15,30,68,2945,0
1537443233650,55,Del_Contact,200,OK,DeleteContact 2-4,text,true,,2483,510,15,30,55,0,0
1537443230694,55,Del_Contact,200,"Number of samples in transaction : 2, number of failing samples : 0",DeleteContact 2-4,,true,,2483,510,15,30,55,2956,0
1537443233775,26,Del_ContactFrom,200,OK,DeleteContact 2-7,text,true,,3353,481,15,30,26,0,0
1537443230845,26,Del_ContactFrom,200,"Number of samples in transaction : 2, number of failing samples : 0",DeleteContact 2-7,,true,,3353,481,15,30,26,2931,0
1537443234064,24,Add_ContactForm,200,OK,AddContact 1-1,text,true,,3239,474,15,30,24,0,0
1537443233085,24,Add_ContactForm,200,"Number of samples in transaction : 2, number of failing samples : 0",AddContact 1-1,,true,,3239,474,15,30,24,979,0
1537443234095,29,Del_MainPage,200,OK,DeleteContact 2-12,text,true,,16390,446,15,30,28,0,0
1537443233120,29,Del_MainPage,200,"Number of samples in transaction : 2, number of failing samples : 0",DeleteContact 2-12,,true,,16390,446,15,30,28,978,0
1537443234141,20,Add_MainPage,200,OK,AddContact 1-4,text,true,,16390,446,15,30,19,0,0
1537443233155,20,Add_MainPage,200,"Number of samples in transaction : 2, number of failing samples : 0",AddContact 1-4,,true,,16390,446,15,30,19,986,0
1537443234583,46,Add_ContactForm,200,OK,AddContact 1-3,text,true,,3239,474,15,30,45,0,0
1537443233615,46,Add_ContactForm,200,"Number of samples in transaction : 2, number of failing samples : 0",AddContact 1-3,,true,,3239,474,15,30,45,968,0
1537443234583,48,Add_ContactForm,200,OK,AddContact 1-15,text,true,,3239,474,15,30,48,0,0
1537443233607,48,Add_ContactForm,200,"Number of samples in transaction : 2, number of failing samples : 0",AddContact 1-15,,true,,3239,474,15,30,48,976,0
1537443234584,49,Add_ContactForm,200,OK,AddContact 1-2,text,true,,3239,474,15,30,49,0,0
1537443233611,49,Add_ContactForm,200,"Number of samples in transaction : 2, number of failing samples : 0",AddContact 1-2,,true,,3239,474,15,30,49,973,0
1537443234495,26,Add_ContactForm,200,OK,AddContact 1-4,text,true,,3239,474,15,30,25,0,0
1537443234161,26,Add_ContactForm,200,"Number of samples in transaction : 2, number of failing samples : 0",AddContact 1-4,,true,,3239,474,15,30,25,982,0
1537443234476,53,Del_MainPage,200,OK,DeleteContact 2-13,text,true,,16390,446,15,30,52,0,1
1537443234141,53,Del_MainPage,200,"Number of samples in transaction : 2, number of failing samples : 0",DeleteContact 2-13,,true,,16390,446,15,30,52,985,1
1537443234539,21,Add_MainPage,200,OK,AddContact 1-5,text,true,,16390,446,15,30,20,0,1
1537443234202,21,Add_MainPage,200,"Number of samples in transaction : 2, number of failing samples : 0",AddContact 1-5,,true,,16390,446,15,30,20,985,1
1537443235370,23,Add_ContactAction,200,OK,AddContact 1-14,text,true,,2477,1385,15,30,23,0,0
1537443233071,23,Add_ContactAction,200,"Number of samples in transaction : 2, number of failing samples : 0",AddContact 1-14,,true,,2477,1385,15,30,23,2947,0
1537443235447,45,Add_ContactAction,200,OK,AddContact 1-12,text,true,,2477,1499,15,30,45,0,0
1537443233147,45,Add_ContactAction,200,"Number of samples in transaction : 2, number of failing samples : 0",AddContact 1-12,,true,,2477,1499,15,30,45,2948,0
1537443235448,65,Add_ContactAction,200,OK,AddContact 1-13,text,true,,2477,1313,15,30,65,0,0
1537443233149,65,Add_ContactAction,200,"Number of samples in transaction : 2, number of failing samples : 0",AddContact 1-13,,true,,2477,1313,15,30,65,2947,0
1537443235492,27,Del_Contact,200,OK,DeleteContact 2-5,text,true,,2484,510,15,30,27,0,1
1537443233191,27,Del_Contact,200,"Number of samples in transaction : 2, number of failing samples : 0",DeleteContact 2-5,,true,,2484,510,15,30,27,2949,1
1537443235493,33,Del_Contact,200,OK,DeleteContact 2-6,text,true,,2484,510,15,30,33,0,0
1537443233195,33,Del_Contact,200,"Number of samples in transaction : 2, number of failing samples : 0",DeleteContact 2-6,,true,,2484,510,15,30,33,2946,0
1537443235539,12,Add_ContactForm,200,OK,AddContact 1-5,text,true,,3239,474,15,30,12,0,0
1537443234560,12,Add_ContactForm,200,"Number of samples in transaction : 2, number of failing samples : 0",AddContact 1-5,,true,,3239,474,15,30,12,980,0
1537443235585,47,Del_ContactFrom,200,OK,DeleteContact 2-8,text,true,,3306,481,15,30,47,0,1
1537443233290,47,Del_ContactFrom,200,"Number of samples in transaction : 2, number of failing samples : 0",DeleteContact 2-8,,true,,3306,481,15,30,47,2943,1
1537443235603,33,Del_ContactFrom,200,OK,DeleteContact 2-9,text,true,,3415,481,15,30,32,0,1
1537443233298,33,Del_ContactFrom,200,"Number of samples in transaction : 2, number of failing samples : 0",DeleteContact 2-9,,true,,3415,481,15,30,32,2953,1
1537443235924,29,Del_ContactFrom,200,OK,DeleteContact 2-10,text,true,,3349,481,15,30,29,0,1
1537443233620,29,Del_ContactFrom,200,"Number of samples in transaction : 2, number of failing samples : 0",DeleteContact 2-10,,true,,3349,481,15,30,29,2952,1
1537443235985,13,Del_ContactFrom,200,OK,DeleteContact 2-11,text,true,,3336,481,15,30,13,0,0
1537443233691,13,Del_ContactFrom,200,"Number of samples in transaction : 2, number of failing samples : 0",DeleteContact 2-11,,true,,3336,481,15,30,13,2942,0
1537443236092,24,Del_Contact,200,OK,DeleteContact 2-7,text,true,,2484,510,15,30,24,0,1
1537443233802,24,Del_Contact,200,"Number of samples in transaction : 2, number of failing samples : 0",DeleteContact 2-7,,true,,2484,510,15,30,24,2939,1
1537443236386,27,Add_ContactAction,200,OK,AddContact 1-1,text,true,,2477,1301,15,30,27,0,1
1537443234088,27,Add_ContactAction,200,"Number of samples in transaction : 2, number of failing samples : 0",AddContact 1-1,,true,,2477,1301,15,30,27,2947,1
1537443236432,15,Del_ContactFrom,200,OK,DeleteContact 2-12,text,true,,3303,481,15,30,15,0,0
1537443234127,15,Del_ContactFrom,200,"Number of samples in transaction : 2, number of failing samples : 0",DeleteContact 2-12,,true,,3303,481,15,30,15,2953,0
1537443236740,55,Add_MainPage,200,OK,AddContact 1-6,text,true,,16618,446,15,30,54,0,1
1537443235755,55,Add_MainPage,200,"Number of samples in transaction : 2, number of failing samples : 0",AddContact 1-6,,true,,16618,446,15,30,54,985,1
1537443236774,32,Add_MainPage,200,OK,AddContact 1-7,text,true,,16618,446,15,30,31,0,1
1537443235785,32,Add_MainPage,200,"Number of samples in transaction : 2, number of failing samples : 0",AddContact 1-7,,true,,16618,446,15,30,31,990,1
1537443236816,20,Add_MainPage,200,OK,AddContact 1-8,text,true,,16618,446,15,30,19,0,1
1537443235831,20,Add_MainPage,200,"Number of samples in transaction : 2, number of failing samples : 0",AddContact 1-8,,true,,16618,446,15,30,19,986,1
1537443236924,63,Add_ContactAction,200,OK,AddContact 1-3,text,true,,2477,1271,15,30,63,0,1
1537443234629,63,Add_ContactAction,200,"Number of samples in transaction : 2, number of failing samples : 0",AddContact 1-3,,true,,2477,1271,15,30,63,2943,1
1537443236925,65,Add_ContactAction,200,OK,AddContact 1-2,text,true,,2477,1235,15,30,65,0,1
1537443234633,65,Add_ContactAction,200,"Number of samples in transaction : 2, number of failing samples : 0",AddContact 1-2,,true,,2477,1235,15,30,65,2940,1
1537443236926,67,Add_ContactAction,200,OK,AddContact 1-15,text,true,,2477,1614,15,30,67,0,1
1537443234631,67,Add_ContactAction,200,"Number of samples in transaction : 2, number of failing samples : 0",AddContact 1-15,,true,,2477,1614,15,30,67,2943,1
1537443237478,23,Del_ContactFrom,200,OK,DeleteContact 2-13,text,true,,3266,481,15,30,23,0,0
1537443234531,23,Del_ContactFrom,200,"Number of samples in transaction : 2, number of failing samples : 0",DeleteContact 2-13,,true,,3266,481,15,30,23,2948,0
1537443237448,57,Add_MainPage,200,OK,AddContact 1-9,text,true,,17109,446,15,30,57,0,1
1537443236463,57,Add_MainPage,200,"Number of samples in transaction : 2, number of failing samples : 0",AddContact 1-9,,true,,17109,446,15,30,57,985,1
1537443237447,60,Add_ContactAction,200,OK,AddContact 1-4,text,true,,2477,1259,15,30,60,0,1
1537443234521,60,Add_ContactAction,200,"Number of samples in transaction : 2, number of failing samples : 0",AddContact 1-4,,true,,2477,1259,15,30,60,2926,1
1537443237770,37,Add_ContactForm,200,OK,AddContact 1-6,text,true,,3239,474,15,30,37,0,0
1537443236795,37,Add_ContactForm,200,"Number of samples in transaction : 2, number of failing samples : 0",AddContact 1-6,,true,,3239,474,15,30,37,975,0
1537443237788,21,Add_ContactForm,200,OK,AddContact 1-7,text,true,,3239,474,15,30,21,0,0
1537443236807,21,Add_ContactForm,200,"Number of samples in transaction : 2, number of failing samples : 0",AddContact 1-7,,true,,3239,474,15,30,21,981,0
1537443237817,12,Add_ContactForm,200,OK,AddContact 1-8,text,true,,3239,474,15,30,12,0,0
1537443236837,12,Add_ContactForm,200,"Number of samples in transaction : 2, number of failing samples : 0",AddContact 1-8,,true,,3239,474,15,30,12,981,0
1537443238478,52,Add_ContactForm,200,OK,AddContact 1-9,text,true,,3239,474,15,30,52,0,0
1537443237505,52,Add_ContactForm,200,"Number of samples in transaction : 2, number of failing samples : 0",AddContact 1-9,,true,,3239,474,15,30,52,973,0
1537443238479,61,Add_ContactAction,200,OK,AddContact 1-5,text,true,,2477,1079,15,30,61,0,1
1537443235552,61,Add_ContactAction,200,"Number of samples in transaction : 2, number of failing samples : 0",AddContact 1-5,,true,,2477,1079,15,30,61,2927,1
1537443238510,34,Del_MainPage,200,OK,DeleteContact 2-2,text,true,,17231,446,15,30,33,0,0
1537443237524,34,Del_MainPage,200,"Number of samples in transaction : 2, number of failing samples : 0",DeleteContact 2-2,,true,,17231,446,15,30,33,988,0
1537443238571,43,Del_Contact,200,OK,DeleteContact 2-8,text,true,,2484,510,15,30,43,0,0
1537443235632,43,Del_Contact,200,"Number of samples in transaction : 2, number of failing samples : 0",DeleteContact 2-8,,true,,2484,510,15,30,43,2939,0
1537443238571,47,Del_Contact,200,OK,DeleteContact 2-9,text,true,,2484,510,15,30,47,0,0
1537443235636,47,Del_Contact,200,"Number of samples in transaction : 2, number of failing samples : 0",DeleteContact 2-9,,true,,2484,510,15,30,47,2935,0
1537443238863,46,Del_MainPage,200,OK,DeleteContact 2-14,text,true,,16957,446,15,30,45,0,1
1537443237878,46,Del_MainPage,200,"Number of samples in transaction : 2, number of failing samples : 0",DeleteContact 2-14,,true,,16957,446,15,30,45,987,1
1537443238882,79,Del_Contact,200,OK,DeleteContact 2-10,text,true,,2484,510,15,30,79,0,0
1537443235953,79,Del_Contact,200,"Number of samples in transaction : 2, number of failing samples : 0",DeleteContact 2-10,,true,,2484,510,15,30,79,2929,0
1537443238911,85,Del_MainPage,200,OK,DeleteContact 2-15,text,true,,16798,446,15,30,84,0,1
1537443237924,85,Del_MainPage,200,"Number of samples in transaction : 2, number of failing samples : 0",DeleteContact 2-15,,true,,16798,446,15,30,84,989,1
1537443238912,89,Del_MainPage,200,OK,DeleteContact 2-3,text,true,,16798,446,15,30,89,0,0
1537443237924,89,Del_MainPage,200,"Number of samples in transaction : 2, number of failing samples : 0",DeleteContact 2-3,,true,,16798,446,15,30,89,990,0
1537443238930,77,Del_MainPage,200,OK,DeleteContact 2-4,text,true,,16798,446,15,30,76,0,0
1537443237937,77,Del_MainPage,200,"Number of samples in transaction : 2, number of failing samples : 0",DeleteContact 2-4,,true,,16798,446,15,30,76,999,0
1537443238930,86,Del_MainPage,200,OK,DeleteContact 2-1,text,true,,16798,446,15,30,86,0,1
1537443237937,86,Del_MainPage,200,"Number of samples in transaction : 2, number of failing samples : 0",DeleteContact 2-1,,true,,16798,446,15,30,86,996,1
1537443238931,96,Del_Contact,200,OK,DeleteContact 2-11,text,true,,2484,510,15,30,95,0,0
1537443235998,96,Del_Contact,200,"Number of samples in transaction : 2, number of failing samples : 0",DeleteContact 2-11,,true,,2484,510,15,30,95,2933,0
1537443239160,25,Del_Contact,200,OK,DeleteContact 2-12,text,true,,2484,510,15,30,25,0,1
1537443236447,25,Del_Contact,200,"Number of samples in transaction : 2, number of failing samples : 0",DeleteContact 2-12,,true,,2484,510,15,30,25,2924,1
1537443240052,40,Add_MainPage,200,OK,AddContact 1-10,text,true,,16499,446,15,30,38,0,1
1537443239067,40,Add_MainPage,200,"Number of samples in transaction : 2, number of failing samples : 0",AddContact 1-10,,true,,16499,446,15,30,38,985,1
1537443240160,33,Add_MainPage,200,OK,AddContact 1-11,text,true,,16499,446,15,30,31,0,1
1537443239175,33,Add_MainPage,200,"Number of samples in transaction : 2, number of failing samples : 0",AddContact 1-11,,true,,16499,446,15,30,31,985,1
1537443240222,15,Del_Contact,200,OK,DeleteContact 2-13,text,true,,2484,510,15,30,15,0,1
1537443237502,15,Del_Contact,200,"Number of samples in transaction : 2, number of failing samples : 0",DeleteContact 2-13,,true,,2484,510,15,30,15,2932,1
1537443240530,56,Add_ContactAction,200,OK,AddContact 1-6,text,true,,2477,1361,15,30,56,0,1
1537443237807,56,Add_ContactAction,200,"Number of samples in transaction : 2, number of failing samples : 0",AddContact 1-6,,true,,2477,1361,15,30,56,2935,1
1537443240532,64,Add_ContactAction,200,OK,AddContact 1-7,text,true,,2477,1355,15,30,64,0,0
1537443237809,64,Add_ContactAction,200,"Number of samples in transaction : 2, number of failing samples : 0",AddContact 1-7,,true,,2477,1355,15,30,64,2934,0
1537443240545,55,Add_ContactAction,200,OK,AddContact 1-8,text,true,,2477,1355,15,30,55,0,1
1537443237830,55,Add_ContactAction,200,"Number of samples in transaction : 2, number of failing samples : 0",AddContact 1-8,,true,,2477,1355,15,30,55,2926,1
1537443241068,24,Add_ContactForm,200,OK,AddContact 1-10,text,true,,3239,474,15,30,24,0,0
1537443240092,24,Add_ContactForm,200,"Number of samples in transaction : 2, number of failing samples : 0",AddContact 1-10,,true,,3239,474,15,30,24,976,0
1537443241176,55,Add_ContactForm,200,OK,AddContact 1-11,text,true,,3239,474,15,30,55,0,0
1537443240193,55,Add_ContactForm,200,"Number of samples in transaction : 2, number of failing samples : 0",AddContact 1-11,,true,,3239,474,15,30,55,983,0
1537443241176,71,Del_MainPage,200,OK,DeleteContact 2-5,text,true,,16873,446,15,30,71,0,1
1537443240192,71,Del_MainPage,200,"Number of samples in transaction : 2, number of failing samples : 0",DeleteContact 2-5,,true,,16873,446,15,30,71,986,1
1537443241211,41,Del_MainPage,200,OK,DeleteContact 2-6,text,true,,16873,446,15,30,40,0,1
1537443240206,41,Del_MainPage,200,"Number of samples in transaction : 2, number of failing samples : 0",DeleteContact 2-6,,true,,16873,446,15,30,40,1008,1
1537443241255,24,Add_ContactAction,200,OK,AddContact 1-9,text,true,,2477,1289,15,30,24,0,0
1537443238530,24,Add_ContactAction,200,"Number of samples in transaction : 2, number of failing samples : 0",AddContact 1-9,,true,,2477,1289,15,30,24,2936,0
1537443241268,15,Del_ContactFrom,200,OK,DeleteContact 2-2,text,true,,3318,481,15,30,15,0,0
1537443238546,15,Del_ContactFrom,200,"Number of samples in transaction : 2, number of failing samples : 0",DeleteContact 2-2,,true,,3318,481,15,30,15,2934,0
1537443241637,25,Del_ContactFrom,200,OK,DeleteContact 2-14,text,true,,3175,481,15,30,25,0,1
1537443238911,25,Del_ContactFrom,200,"Number of samples in transaction : 2, number of failing samples : 0",DeleteContact 2-14,,true,,3175,481,15,30,25,2937,1
1537443241714,14,Del_ContactFrom,200,OK,DeleteContact 2-15,text,true,,3308,481,15,30,14,0,0
1537443238998,14,Del_ContactFrom,200,"Number of samples in transaction : 2, number of failing samples : 0",DeleteContact 2-15,,true,,3308,481,15,30,14,2928,0
1537443241729,45,Del_ContactFrom,200,OK,DeleteContact 2-3,text,true,,3340,481,15,30,45,0,1
1537443239004,45,Del_ContactFrom,200,"Number of samples in transaction : 2, number of failing samples : 0",DeleteContact 2-3,,true,,3340,481,15,30,45,2936,1
1537443241730,51,Del_ContactFrom,200,OK,DeleteContact 2-4,text,true,,3305,481,15,30,51,0,0
1537443239013,51,Del_ContactFrom,200,"Number of samples in transaction : 2, number of failing samples : 0",DeleteContact 2-4,,true,,3305,481,15,30,51,2929,0
1537443241753,40,Del_ContactFrom,200,OK,DeleteContact 2-1,text,true,,3239,481,15,30,40,0,1
1537443239019,40,Del_ContactFrom,200,"Number of samples in transaction : 2, number of failing samples : 0",DeleteContact 2-1,,true,,3239,481,15,30,40,2945,1
1537443241776,29,Del_MainPage,200,OK,DeleteContact 2-7,text,true,,17014,446,15,30,28,0,1
1537443240791,29,Del_MainPage,200,"Number of samples in transaction : 2, number of failing samples : 0",DeleteContact 2-7,,true,,17014,446,15,30,28,987,1
1537443242992,35,Add_MainPage,200,OK,AddContact 1-14,text,true,,17014,446,15,30,34,0,0
1537443242007,35,Add_MainPage,200,"Number of samples in transaction : 2, number of failing samples : 0",AddContact 1-14,,true,,17014,446,15,30,34,985,0
1537443243099,63,Add_MainPage,200,OK,AddContact 1-12,text,true,,17014,446,15,30,61,0,1
1537443242114,63,Add_MainPage,200,"Number of samples in transaction : 2, number of failing samples : 0",AddContact 1-12,,true,,17014,446,15,30,61,985,1
1537443243118,49,Add_MainPage,200,OK,AddContact 1-13,text,true,,17014,446,15,30,48,0,0
1537443242130,49,Add_MainPage,200,"Number of samples in transaction : 2, number of failing samples : 0",AddContact 1-13,,true,,17014,446,15,30,48,988,0
1537443243776,38,Add_ContactForm,200,OK,AddContact 1-14,text,true,,3239,474,15,30,38,0,0
1537443243027,38,Add_ContactForm,200,"Number of samples in transaction : 2, number of failing samples : 0",AddContact 1-14,,true,,3239,474,15,30,38,981,0
1537443243791,38,Add_MainPage,200,OK,AddContact 1-1,text,true,,17014,446,15,30,38,0,1
1537443243038,38,Add_MainPage,200,"Number of samples in transaction : 2, number of failing samples : 0",AddContact 1-1,,true,,17014,446,15,30,38,984,1
1537443243792,41,Add_ContactAction,200,OK,AddContact 1-10,text,true,,2477,1469,15,30,41,0,0
1537443241092,41,Add_ContactAction,200,"Number of samples in transaction : 2, number of failing samples : 0",AddContact 1-10,,true,,2477,1469,15,30,41,2931,0
1537443243915,71,Add_ContactForm,200,OK,AddContact 1-12,text,true,,3239,474,15,30,71,0,0
1537443243162,71,Add_ContactForm,200,"Number of samples in transaction : 2, number of failing samples : 0",AddContact 1-12,,true,,3239,474,15,30,71,984,0
1537443243915,73,Add_ContactForm,200,OK,AddContact 1-13,text,true,,3239,474,15,30,73,0,0
1537443243167,73,Add_ContactForm,200,"Number of samples in transaction : 2, number of failing samples : 0",AddContact 1-13,,true,,3239,474,15,30,73,979,0
1537443243948,46,Del_ContactFrom,200,OK,DeleteContact 2-5,text,true,,3363,481,15,30,46,0,0
1537443241249,46,Del_ContactFrom,200,"Number of samples in transaction : 2, number of failing samples : 0",DeleteContact 2-5,,true,,3363,481,15,30,46,2930,0
1537443243930,74,Add_ContactAction,200,OK,AddContact 1-11,text,true,,2477,1469,15,30,74,0,1
1537443241231,74,Add_ContactAction,200,"Number of samples in transaction : 2, number of failing samples : 0",AddContact 1-11,,true,,2477,1469,15,30,74,2930,1
1537443243967,41,Del_ContactFrom,200,OK,DeleteContact 2-6,text,true,,3347,481,15,30,41,0,1
1537443241255,41,Del_ContactFrom,200,"Number of samples in transaction : 2, number of failing samples : 0",DeleteContact 2-6,,true,,3347,481,15,30,41,2943,1
1537443243993,21,Del_Contact,200,OK,DeleteContact 2-2,text,true,,2484,510,15,30,21,0,0
1537443241284,21,Del_Contact,200,"Number of samples in transaction : 2, number of failing samples : 0",DeleteContact 2-2,,true,,2484,510,15,30,21,2941,0
1537443244038,34,Del_MainPage,200,OK,DeleteContact 2-8,text,true,,17209,446,15,30,33,0,0
1537443243284,34,Del_MainPage,200,"Number of samples in transaction : 2, number of failing samples : 0",DeleteContact 2-8,,true,,17209,446,15,30,33,988,0
1537443244054,32,Del_MainPage,200,OK,DeleteContact 2-9,text,true,,17209,446,15,30,31,0,0
1537443243299,32,Del_MainPage,200,"Number of samples in transaction : 2, number of failing samples : 0",DeleteContact 2-9,,true,,17209,446,15,30,31,989,0
1537443244362,24,Del_Contact,200,OK,DeleteContact 2-14,text,true,,2490,510,15,30,24,0,0
1537443241663,24,Del_Contact,200,"Number of samples in transaction : 2, number of failing samples : 0",DeleteContact 2-14,,true,,2490,510,15,30,24,2930,0
1537443244393,122,Add_MainPage,200,OK,AddContact 1-3,text,true,,17209,446,15,30,121,0,0
1537443243638,122,Add_MainPage,200,"Number of samples in transaction : 2, number of failing samples : 0",AddContact 1-3,,true,,17209,446,15,30,121,987,0
1537443244393,137,Add_MainPage,200,OK,AddContact 1-2,text,true,,17209,446,15,30,136,0,1
1537443243638,137,Add_MainPage,200,"Number of samples in transaction : 2, number of failing samples : 0",AddContact 1-2,,true,,17209,446,15,30,136,986,1
1537443244394,144,Del_MainPage,200,OK,DeleteContact 2-10,text,true,,17209,446,15,30,144,0,0
1537443243638,144,Del_MainPage,200,"Number of samples in transaction : 2, number of failing samples : 0",DeleteContact 2-10,,true,,17209,446,15,30,144,989,0
1537443244394,150,Add_MainPage,200,OK,AddContact 1-15,text,true,,17209,446,15,30,149,0,0
1537443243638,150,Add_MainPage,200,"Number of samples in transaction : 2, number of failing samples : 0",AddContact 1-15,,true,,17209,446,15,30,149,987,0
1537443244430,118,Del_Contact,200,OK,DeleteContact 2-15,text,true,,2484,510,15,30,118,0,0
1537443241729,118,Del_Contact,200,"Number of samples in transaction : 2, number of failing samples : 0",DeleteContact 2-15,,true,,2484,510,15,30,118,2932,0
1537443244516,50,Del_ContactFrom,200,OK,DeleteContact 2-7,text,true,,3254,481,15,30,50,0,1
1537443241808,50,Del_ContactFrom,200,"Number of samples in transaction : 2, number of failing samples : 0",DeleteContact 2-7,,true,,3254,481,15,30,50,2939,1
1537443244458,111,Del_MainPage,200,OK,DeleteContact 2-11,text,true,,17076,446,15,30,111,0,0
1537443243699,111,Del_MainPage,200,"Number of samples in transaction : 2, number of failing samples : 0",DeleteContact 2-11,,true,,17076,446,15,30,111,992,0
1537443244474,179,Del_Contact,200,OK,DeleteContact 2-3,text,true,,2484,510,15,30,179,0,0
1537443241774,179,Del_Contact,200,"Number of samples in transaction : 2, number of failing samples : 0",DeleteContact 2-3,,true,,2484,510,15,30,179,2932,0
1537443244488,172,Del_Contact,200,OK,DeleteContact 2-4,text,true,,2484,510,15,30,172,0,1
1537443241782,172,Del_Contact,200,"Number of samples in transaction : 2, number of failing samples : 0",DeleteContact 2-4,,true,,2484,510,15,30,172,2937,1
1537443244503,162,Del_Contact,200,OK,DeleteContact 2-1,text,true,,2484,510,15,30,162,0,0
1537443241793,162,Del_Contact,200,"Number of samples in transaction : 2, number of failing samples : 0",DeleteContact 2-1,,true,,2484,510,15,30,162,2941,0
1537443244807,105,Add_ContactForm,200,OK,AddContact 1-1,text,true,,3239,474,15,30,105,0,0
1537443243829,105,Add_ContactForm,200,"Number of samples in transaction : 2, number of failing samples : 0",AddContact 1-1,,true,,3239,474,15,30,105,978,0
1537443244854,74,Del_MainPage,200,OK,DeleteContact 2-12,text,true,,16792,446,15,30,73,0,0
1537443243837,74,Del_MainPage,200,"Number of samples in transaction : 2, number of failing samples : 0",DeleteContact 2-12,,true,,16792,446,15,30,73,1019,0
1537443244888,45,Add_MainPage,200,OK,AddContact 1-4,text,true,,16792,446,15,30,44,0,0
1537443243900,45,Add_MainPage,200,"Number of samples in transaction : 2, number of failing samples : 0",AddContact 1-4,,true,,16792,446,15,30,44,989,0
1537443245488,58,Add_ContactForm,200,OK,AddContact 1-3,text,true,,3239,474,15,30,58,0,0
1537443244516,58,Add_ContactForm,200,"Number of samples in transaction : 2, number of failing samples : 0",AddContact 1-3,,true,,3239,474,15,30,58,972,0
1537443245504,44,Add_ContactForm,200,OK,AddContact 1-2,text,true,,3239,474,15,30,44,0,0
1537443244530,44,Add_ContactForm,200,"Number of samples in transaction : 2, number of failing samples : 0",AddContact 1-2,,true,,3239,474,15,30,44,974,0
1537443245504,46,Add_ContactForm,200,OK,AddContact 1-15,text,true,,3239,474,15,30,46,0,0
1537443244544,46,Add_ContactForm,200,"Number of samples in transaction : 2, number of failing samples : 0",AddContact 1-15,,true,,3239,474,15,30,46,960,0
1537443245885,70,Del_MainPage,200,OK,DeleteContact 2-13,text,true,,16792,446,15,30,70,0,1
1537443244905,70,Del_MainPage,200,"Number of samples in transaction : 2, number of failing samples : 0",DeleteContact 2-13,,true,,16792,446,15,30,70,982,1
1537443245919,45,Add_ContactForm,200,OK,AddContact 1-4,text,true,,3239,474,15,30,45,0,0
1537443244934,45,Add_ContactForm,200,"Number of samples in transaction : 2, number of failing samples : 0",AddContact 1-4,,true,,3239,474,15,30,45,985,0
1537443245936,37,Add_MainPage,200,OK,AddContact 1-5,text,true,,16792,446,15,30,36,0,0
1537443244946,37,Add_MainPage,200,"Number of samples in transaction : 2, number of failing samples : 0",AddContact 1-5,,true,,16792,446,15,30,36,990,0
1537443246746,29,Add_ContactAction,200,OK,AddContact 1-14,text,true,,2477,1595,15,30,29,0,1
1537443243815,29,Add_ContactAction,200,"Number of samples in transaction : 2, number of failing samples : 0",AddContact 1-14,,true,,2477,1595,15,30,29,2931,1
1537443246952,35,Add_ContactForm,200,OK,AddContact 1-5,text,true,,3239,474,15,30,35,0,0
1537443245973,35,Add_ContactForm,200,"Number of samples in transaction : 2, number of failing samples : 0",AddContact 1-5,,true,,3239,474,15,30,35,979,0
1537443246916,77,Add_ContactAction,200,OK,AddContact 1-12,text,true,,2477,1427,15,30,77,0,1
1537443243986,77,Add_ContactAction,200,"Number of samples in transaction : 2, number of failing samples : 0",AddContact 1-12,,true,,2477,1427,15,30,77,2930,1
1537443246917,78,Add_ContactAction,200,OK,AddContact 1-13,text,true,,2477,1626,15,30,78,0,1
1537443243988,78,Add_ContactAction,200,"Number of samples in transaction : 2, number of failing samples : 0",AddContact 1-13,,true,,2477,1626,15,30,78,2929,1
1537443246951,50,Del_Contact,200,OK,DeleteContact 2-5,text,true,,2484,510,15,30,50,0,0
1537443243994,50,Del_Contact,200,"Number of samples in transaction : 2, number of failing samples : 0",DeleteContact 2-5,,true,,2484,510,15,30,50,2957,0
1537443246952,52,Del_Contact,200,OK,DeleteContact 2-6,text,true,,2484,510,15,30,52,0,0
1537443244008,52,Del_Contact,200,"Number of samples in transaction : 2, number of failing samples : 0",DeleteContact 2-6,,true,,2484,510,15,30,52,2944,0
1537443247008,27,Del_ContactFrom,200,OK,DeleteContact 2-8,text,true,,3417,481,15,30,27,0,1
1537443244075,27,Del_ContactFrom,200,"Number of samples in transaction : 2, number of failing samples : 0",DeleteContact 2-8,,true,,3417,481,15,30,27,2933,1
1537443247023,16,Del_ContactFrom,200,OK,DeleteContact 2-9,text,true,,3254,481,15,30,16,0,0
1537443244089,16,Del_ContactFrom,200,"Number of samples in transaction : 2, number of failing samples : 0",DeleteContact 2-9,,true,,3254,481,15,30,16,2935,0
1537443247470,25,Del_ContactFrom,200,OK,DeleteContact 2-10,text,true,,3306,481,15,30,25,0,1
1537443244540,25,Del_ContactFrom,200,"Number of samples in transaction : 2, number of failing samples : 0",DeleteContact 2-10,,true,,3306,481,15,30,25,2930,1
1537443247501,51,Del_ContactFrom,200,OK,DeleteContact 2-11,text,true,,3340,481,15,30,51,0,1
1537443244571,51,Del_ContactFrom,200,"Number of samples in transaction : 2, number of failing samples : 0",DeleteContact 2-11,,true,,3340,481,15,30,51,2930,1
1537443247500,55,Del_Contact,200,OK,DeleteContact 2-7,text,true,,2483,510,15,30,55,0,1
1537443244566,55,Del_Contact,200,"Number of samples in transaction : 2, number of failing samples : 0",DeleteContact 2-7,,true,,2483,510,15,30,55,2935,1
1537443247872,26,Del_ContactFrom,200,OK,DeleteContact 2-12,text,true,,3385,481,15,30,26,0,1
1537443244930,26,Del_ContactFrom,200,"Number of samples in transaction : 2, number of failing samples : 0",DeleteContact 2-12,,true,,3385,481,15,30,26,2942,1
1537443247854,83,Add_ContactAction,200,OK,AddContact 1-1,text,true,,2477,1133,15,30,83,0,0
1537443244912,83,Add_ContactAction,200,"Number of samples in transaction : 2, number of failing samples : 0",AddContact 1-1,,true,,2477,1133,15,30,83,2942,0
1537443248178,69,Add_MainPage,200,OK,AddContact 1-6,text,true,,17132,446,15,30,68,0,0
1537443247192,69,Add_MainPage,200,"Number of samples in transaction : 2, number of failing samples : 0",AddContact 1-6,,true,,17132,446,15,30,68,986,0
1537443248192,59,Add_MainPage,200,OK,AddContact 1-8,text,true,,17132,446,15,30,58,0,1
1537443247208,59,Add_MainPage,200,"Number of samples in transaction : 2, number of failing samples : 0",AddContact 1-8,,true,,17132,446,15,30,58,984,1
1537443248197,57,Add_MainPage,200,OK,AddContact 1-7,text,true,,17132,446,15,30,56,0,0
1537443247208,57,Add_MainPage,200,"Number of samples in transaction : 2, number of failing samples : 0",AddContact 1-7,,true,,17132,446,15,30,56,989,0
1537443248738,49,Add_ContactAction,200,OK,AddContact 1-3,text,true,,2477,1361,15,30,49,0,1
1537443245546,49,Add_ContactAction,200,"Number of samples in transaction : 2, number of failing samples : 0",AddContact 1-3,,true,,2477,1361,15,30,49,2956,1
1537443248739,51,Add_ContactAction,200,OK,AddContact 1-15,text,true,,2477,1427,15,30,51,0,1
1537443245550,51,Add_ContactAction,200,"Number of samples in transaction : 2, number of failing samples : 0",AddContact 1-15,,true,,2477,1427,15,30,51,2953,1
1537443248740,54,Add_ContactAction,200,OK,AddContact 1-2,text,true,,2477,1583,15,30,54,0,1
1537443245548,54,Add_ContactAction,200,"Number of samples in transaction : 2, number of failing samples : 0",AddContact 1-2,,true,,2477,1583,15,30,54,2955,1
1537443249108,67,Add_MainPage,200,OK,AddContact 1-9,text,true,,17620,446,15,30,62,0,0
1537443247888,67,Add_MainPage,200,"Number of samples in transaction : 2, number of failing samples : 0",AddContact 1-9,,true,,17620,446,15,30,62,983,0
1537443249142,40,Del_ContactFrom,200,OK,DeleteContact 2-13,text,true,,3406,481,15,30,40,0,1
1537443245957,40,Del_ContactFrom,200,"Number of samples in transaction : 2, number of failing samples : 0",DeleteContact 2-13,,true,,3406,481,15,30,40,2948,1
1537443249155,32,Add_ContactAction,200,OK,AddContact 1-4,text,true,,2477,1577,15,30,32,0,1
1537443245964,32,Add_ContactAction,200,"Number of samples in transaction : 2, number of failing samples : 0",AddContact 1-4,,true,,2477,1577,15,30,32,2954,1
1537443249461,54,Add_ContactForm,200,OK,AddContact 1-6,text,true,,3239,474,15,30,54,0,0
1537443248247,54,Add_ContactForm,200,"Number of samples in transaction : 2, number of failing samples : 0",AddContact 1-6,,true,,3239,474,15,30,54,978,0
1537443249462,56,Add_ContactForm,200,OK,AddContact 1-8,text,true,,3239,474,15,30,55,0,0
1537443248251,56,Add_ContactForm,200,"Number of samples in transaction : 2, number of failing samples : 0",AddContact 1-8,,true,,3239,474,15,30,55,974,0
1537443249496,24,Add_ContactForm,200,OK,AddContact 1-7,text,true,,3239,474,15,30,24,0,0
1537443248254,24,Add_ContactForm,200,"Number of samples in transaction : 2, number of failing samples : 0",AddContact 1-7,,true,,3239,474,15,30,24,1005,0
1537443250153,42,Add_ContactForm,200,OK,AddContact 1-9,text,true,,3239,474,15,30,42,0,0
1537443249175,42,Add_ContactForm,200,"Number of samples in transaction : 2, number of failing samples : 0",AddContact 1-9,,true,,3239,474,15,30,42,979,0
1537443250138,76,Del_MainPage,200,OK,DeleteContact 2-2,text,true,,17846,446,15,30,75,0,1
1537443249156,76,Del_MainPage,200,"Number of samples in transaction : 2, number of failing samples : 0",DeleteContact 2-2,,true,,17846,446,15,30,75,985,1
1537443250170,57,Add_ContactAction,200,OK,AddContact 1-5,text,true,,2477,1331,15,30,57,0,1
1537443246987,57,Add_ContactAction,200,"Number of samples in transaction : 2, number of failing samples : 0",AddContact 1-5,,true,,2477,1331,15,30,57,2946,1
1537443250215,32,Del_Contact,200,OK,DeleteContact 2-8,text,true,,2484,510,15,30,32,0,1
1537443247035,32,Del_Contact,200,"Number of samples in transaction : 2, number of failing samples : 0",DeleteContact 2-8,,true,,2484,510,15,30,32,2943,1
1537443250234,17,Del_Contact,200,OK,DeleteContact 2-9,text,true,,2484,510,15,30,17,0,0
1537443247040,17,Del_Contact,200,"Number of samples in transaction : 2, number of failing samples : 0",DeleteContact 2-9,,true,,2484,510,15,30,17,3059,0
1537443250530,21,Del_MainPage,200,OK,DeleteContact 2-14,text,true,,17674,446,15,30,20,0,1
1537443249523,21,Del_MainPage,200,"Number of samples in transaction : 2, number of failing samples : 0",DeleteContact 2-14,,true,,17674,446,15,30,20,1010,1
1537443250677,54,Del_MainPage,200,OK,DeleteContact 2-15,text,true,,17674,446,15,30,54,0,1
1537443249692,54,Del_MainPage,200,"Number of samples in transaction : 2, number of failing samples : 0",DeleteContact 2-15,,true,,17674,446,15,30,54,987,1
1537443250681,56,Del_Contact,200,OK,DeleteContact 2-10,text,true,,2484,510,15,30,56,0,1
1537443247495,56,Del_Contact,200,"Number of samples in transaction : 2, number of failing samples : 0",DeleteContact 2-10,,true,,2484,510,15,30,56,2949,1
1537443250737,15,Del_Contact,200,OK,DeleteContact 2-11,text,true,,2484,510,15,30,15,0,1
1537443247552,15,Del_Contact,200,"Number of samples in transaction : 2, number of failing samples : 0",DeleteContact 2-11,,true,,2484,510,15,30,15,2949,1
1537443250785,54,Del_MainPage,200,OK,DeleteContact 2-3,text,true,,17374,446,15,30,53,0,0
1537443249800,54,Del_MainPage,200,"Number of samples in transaction : 2, number of failing samples : 0",DeleteContact 2-3,,true,,17374,446,15,30,53,987,0
1537443250785,59,Del_MainPage,200,OK,DeleteContact 2-4,text,true,,17374,446,15,30,59,0,0
1537443249800,59,Del_MainPage,200,"Number of samples in transaction : 2, number of failing samples : 0",DeleteContact 2-4,,true,,17374,446,15,30,59,988,0
1537443250786,64,Del_MainPage,200,OK,DeleteContact 2-1,text,true,,17374,446,15,30,63,0,0
1537443249800,64,Del_MainPage,200,"Number of samples in transaction : 2, number of failing samples : 0",DeleteContact 2-1,,true,,17374,446,15,30,63,988,0
1537443251078,26,Del_Contact,200,OK,DeleteContact 2-12,text,true,,2484,510,15,30,26,0,0
1537443247898,26,Del_Contact,200,"Number of samples in transaction : 2, number of failing samples : 0",DeleteContact 2-12,,true,,2484,510,15,30,26,2943,0
1537443251923,34,Add_MainPage,200,OK,AddContact 1-10,text,true,,17169,446,15,30,33,0,0
1537443250939,34,Add_MainPage,200,"Number of samples in transaction : 2, number of failing samples : 0",AddContact 1-10,,true,,17169,446,15,30,33,984,0
1537443252093,47,Add_MainPage,200,OK,AddContact 1-11,text,true,,17169,446,15,30,46,0,0
1537443251108,47,Add_MainPage,200,"Number of samples in transaction : 2, number of failing samples : 0",AddContact 1-11,,true,,17169,446,15,30,46,985,0
1537443252127,20,Del_Contact,200,OK,DeleteContact 2-13,text,true,,2482,510,15,30,20,0,0
1537443249182,20,Del_Contact,200,"Number of samples in transaction : 2, number of failing samples : 0",DeleteContact 2-13,,true,,2482,510,15,30,20,2946,0
1537443252462,54,Add_ContactAction,200,OK,AddContact 1-6,text,true,,2477,1589,15,30,54,0,1
1537443249516,54,Add_ContactAction,200,"Number of samples in transaction : 2, number of failing samples : 0",AddContact 1-6,,true,,2477,1589,15,30,54,2946,1
1537443252464,56,Add_ContactAction,200,OK,AddContact 1-7,text,true,,2477,1589,15,30,56,0,1
1537443249520,56,Add_ContactAction,200,"Number of samples in transaction : 2, number of failing samples : 0",AddContact 1-7,,true,,2477,1589,15,30,56,2944,1
1537443252463,58,Add_ContactAction,200,OK,AddContact 1-8,text,true,,2477,1397,15,30,58,0,1
1537443249518,58,Add_ContactAction,200,"Number of samples in transaction : 2, number of failing samples : 0",AddContact 1-8,,true,,2477,1397,15,30,58,2946,1
1537443252939,23,Add_ContactForm,200,OK,AddContact 1-10,text,true,,3239,474,15,30,23,0,0
1537443251957,23,Add_ContactForm,200,"Number of samples in transaction : 2, number of failing samples : 0",AddContact 1-10,,true,,3239,474,15,30,23,982,0
1537443253124,70,Add_ContactForm,200,OK,AddContact 1-11,text,true,,3239,474,15,30,70,0,0
1537443252140,70,Add_ContactForm,200,"Number of samples in transaction : 2, number of failing samples : 0",AddContact 1-11,,true,,3239,474,15,30,70,984,0
1537443253125,108,Add_ContactAction,200,OK,AddContact 1-9,text,true,,2477,1229,15,30,108,0,0
1537443250196,108,Add_ContactAction,200,"Number of samples in transaction : 2, number of failing samples : 0",AddContact 1-9,,true,,2477,1229,15,30,108,2929,0
1537443253126,111,Del_MainPage,200,OK,DeleteContact 2-6,text,true,,17561,446,15,30,110,0,0
1537443252139,111,Del_MainPage,200,"Number of samples in transaction : 2, number of failing samples : 0",DeleteContact 2-6,,true,,17561,446,15,30,110,989,0
1537443253154,96,Del_ContactFrom,200,OK,DeleteContact 2-2,text,true,,3344,481,15,30,96,0,1
1537443250217,96,Del_ContactFrom,200,"Number of samples in transaction : 2, number of failing samples : 0",DeleteContact 2-2,,true,,3344,481,15,30,96,2937,1
1537443253126,127,Del_MainPage,200,OK,DeleteContact 2-5,text,true,,17682,446,15,30,126,0,1
1537443252139,127,Del_MainPage,200,"Number of samples in transaction : 2, number of failing samples : 0",DeleteContact 2-5,,true,,17682,446,15,30,126,990,1
1537443253494,24,Del_ContactFrom,200,OK,DeleteContact 2-14,text,true,,3414,481,15,30,24,0,1
1537443250554,24,Del_ContactFrom,200,"Number of samples in transaction : 2, number of failing samples : 0",DeleteContact 2-14,,true,,3414,481,15,30,24,2940,1
1537443253930,40,Del_ContactFrom,200,OK,DeleteContact 2-15,text,true,,3313,481,15,30,40,0,1
1537443250733,40,Del_ContactFrom,200,"Number of samples in transaction : 2, number of failing samples : 0",DeleteContact 2-15,,true,,3313,481,15,30,40,2930,1
1537443253948,32,Del_MainPage,200,OK,DeleteContact 2-7,text,true,,17682,446,15,30,31,0,1
1537443252692,32,Del_MainPage,200,"Number of samples in transaction : 2, number of failing samples : 0",DeleteContact 2-7,,true,,17682,446,15,30,31,990,1
1537443254038,56,Del_ContactFrom,200,OK,DeleteContact 2-3,text,true,,3379,481,15,30,56,0,0
1537443250841,56,Del_ContactFrom,200,"Number of samples in transaction : 2, number of failing samples : 0",DeleteContact 2-3,,true,,3379,481,15,30,56,2929,0
1537443254055,41,Del_ContactFrom,200,OK,DeleteContact 2-4,text,true,,3322,481,15,30,41,0,1
1537443250847,41,Del_ContactFrom,200,"Number of samples in transaction : 2, number of failing samples : 0",DeleteContact 2-4,,true,,3322,481,15,30,41,2941,1
1537443254056,43,Del_ContactFrom,200,OK,DeleteContact 2-1,text,true,,3349,481,15,30,43,0,1
1537443250852,43,Del_ContactFrom,200,"Number of samples in transaction : 2, number of failing samples : 0",DeleteContact 2-1,,true,,3349,481,15,30,43,2936,1
1537443255115,24,Add_MainPage,200,OK,AddContact 1-14,text,true,,17682,446,15,30,23,0,1
1537443254130,24,Add_MainPage,200,"Number of samples in transaction : 2, number of failing samples : 0",AddContact 1-14,,true,,17682,446,15,30,23,985,1
1537443255346,59,Add_MainPage,200,OK,AddContact 1-12,text,true,,17682,446,15,30,58,0,1
1537443254362,59,Add_MainPage,200,"Number of samples in transaction : 2, number of failing samples : 0",AddContact 1-12,,true,,17682,446,15,30,58,985,1
1537443255347,62,Add_MainPage,200,OK,AddContact 1-13,text,true,,17682,446,15,30,61,0,0
1537443254362,62,Add_MainPage,200,"Number of samples in transaction : 2, number of failing samples : 0",AddContact 1-13,,true,,17682,446,15,30,61,985,0
1537443256115,24,Add_ContactForm,200,OK,AddContact 1-14,text,true,,3239,474,15,30,24,0,0
1537443255139,24,Add_ContactForm,200,"Number of samples in transaction : 2, number of failing samples : 0",AddContact 1-14,,true,,3239,474,15,30,24,976,0
1537443256161,16,Add_ContactAction,200,OK,AddContact 1-10,text,true,,2477,1734,15,30,16,0,1
1537443252962,16,Add_ContactAction,200,"Number of samples in transaction : 2, number of failing samples : 0",AddContact 1-10,,true,,2477,1734,15,30,16,2931,1
1537443256270,34,Add_MainPage,200,OK,AddContact 1-1,text,true,,17943,446,15,30,33,0,0
1537443255284,34,Add_MainPage,200,"Number of samples in transaction : 2, number of failing samples : 0",AddContact 1-1,,true,,17943,446,15,30,33,987,0
1537443256377,43,Add_ContactForm,200,OK,AddContact 1-12,text,true,,3239,474,15,30,43,0,0
1537443255406,43,Add_ContactForm,200,"Number of samples in transaction : 2, number of failing samples : 0",AddContact 1-12,,true,,3239,474,15,30,43,971,0
1537443256397,25,Add_ContactForm,200,OK,AddContact 1-13,text,true,,3239,474,15,30,25,0,0
1537443255410,25,Add_ContactForm,200,"Number of samples in transaction : 2, number of failing samples : 0",AddContact 1-13,,true,,3239,474,15,30,25,987,0
1537443256438,44,Del_ContactFrom,200,OK,DeleteContact 2-6,text,true,,3347,481,15,30,44,0,0
1537443253239,44,Del_ContactFrom,200,"Number of samples in transaction : 2, number of failing samples : 0",DeleteContact 2-6,,true,,3347,481,15,30,44,2931,0
1537443256392,94,Del_MainPage,200,OK,DeleteContact 2-8,text,true,,17943,446,15,30,93,0,1
1537443255407,94,Del_MainPage,200,"Number of samples in transaction : 2, number of failing samples : 0",DeleteContact 2-8,,true,,17943,446,15,30,93,987,1
1537443256393,97,Add_ContactAction,200,OK,AddContact 1-11,text,true,,2477,1728,15,30,97,0,1
1537443253194,97,Add_ContactAction,200,"Number of samples in transaction : 2, number of failing samples : 0",AddContact 1-11,,true,,2477,1728,15,30,97,2931,1
1537443256454,41,Del_ContactFrom,200,OK,DeleteContact 2-5,text,true,,3361,481,15,30,41,0,0
1537443253256,41,Del_ContactFrom,200,"Number of samples in transaction : 2, number of failing samples : 0",DeleteContact 2-5,,true,,3361,481,15,30,41,2930,0
1537443256453,46,Del_Contact,200,OK,DeleteContact 2-2,text,true,,2484,510,15,30,46,0,1
1537443253250,46,Del_Contact,200,"Number of samples in transaction : 2, number of failing samples : 0",DeleteContact 2-2,,true,,2484,510,15,30,46,2935,1
1537443256499,21,Del_MainPage,200,OK,DeleteContact 2-9,text,true,,17993,446,15,30,20,0,1
1537443255515,21,Del_MainPage,200,"Number of samples in transaction : 2, number of failing samples : 0",DeleteContact 2-9,,true,,17993,446,15,30,20,987,1
1537443256715,26,Del_Contact,200,OK,DeleteContact 2-14,text,true,,2484,510,15,30,26,0,1
1537443253518,26,Del_Contact,200,"Number of samples in transaction : 2, number of failing samples : 0",DeleteContact 2-14,,true,,2484,510,15,30,26,2929,1
1537443256869,36,Del_MainPage,200,OK,DeleteContact 2-10,text,true,,17689,446,15,30,35,0,1
1537443255884,36,Del_MainPage,200,"Number of samples in transaction : 2, number of failing samples : 0",DeleteContact 2-10,,true,,17689,446,15,30,35,988,1
1537443256900,64,Add_MainPage,200,OK,AddContact 1-3,text,true,,17689,446,15,30,63,0,1
1537443255915,64,Add_MainPage,200,"Number of samples in transaction : 2, number of failing samples : 0",AddContact 1-3,,true,,17689,446,15,30,63,986,1
1537443256901,67,Add_MainPage,200,OK,AddContact 1-15,text,true,,17689,446,15,30,66,0,0
1537443255915,67,Add_MainPage,200,"Number of samples in transaction : 2, number of failing samples : 0",AddContact 1-15,,true,,17689,446,15,30,66,986,0
1537443256902,88,Add_MainPage,200,OK,AddContact 1-2,text,true,,17689,446,15,30,87,0,0
1537443255915,88,Add_MainPage,200,"Number of samples in transaction : 2, number of failing samples : 0",AddContact 1-2,,true,,17689,446,15,30,87,987,0
1537443256903,122,Del_Contact,200,OK,DeleteContact 2-15,text,true,,2484,510,15,30,122,0,0
1537443253971,122,Del_Contact,200,"Number of samples in transaction : 2, number of failing samples : 0",DeleteContact 2-15,,true,,2484,510,15,30,122,2932,0
1537443256915,112,Del_ContactFrom,200,OK,DeleteContact 2-7,text,true,,3349,481,15,30,112,0,0
1537443253982,112,Del_ContactFrom,200,"Number of samples in transaction : 2, number of failing samples : 0",DeleteContact 2-7,,true,,3349,481,15,30,112,2933,0
1537443256903,128,Del_MainPage,200,OK,DeleteContact 2-11,text,true,,17560,446,15,30,127,0,0
1537443255915,128,Del_MainPage,200,"Number of samples in transaction : 2, number of failing samples : 0",DeleteContact 2-11,,true,,17560,446,15,30,127,991,0
1537443257045,63,Del_Contact,200,OK,DeleteContact 2-3,text,true,,2484,510,15,30,63,0,0
1537443254095,63,Del_Contact,200,"Number of samples in transaction : 2, number of failing samples : 0",DeleteContact 2-3,,true,,2484,510,15,30,63,2950,0
1537443257039,72,Del_Contact,200,OK,DeleteContact 2-1,text,true,,2484,510,15,30,72,0,1
1537443254099,72,Del_Contact,200,"Number of samples in transaction : 2, number of failing samples : 0",DeleteContact 2-1,,true,,2484,510,15,30,72,2940,1
1537443257040,73,Del_Contact,200,OK,DeleteContact 2-4,text,true,,2483,510,15,30,73,0,0
1537443254097,73,Del_Contact,200,"Number of samples in transaction : 2, number of failing samples : 0",DeleteContact 2-4,,true,,2483,510,15,30,73,2943,0
1537443257238,39,Del_MainPage,200,OK,DeleteContact 2-12,text,true,,17062,446,15,30,37,0,1
1537443256253,39,Del_MainPage,200,"Number of samples in transaction : 2, number of failing samples : 0",DeleteContact 2-12,,true,,17062,446,15,30,37,987,1
1537443257280,26,Add_ContactForm,200,OK,AddContact 1-1,text,true,,3239,474,15,30,26,0,0
1537443256305,26,Add_ContactForm,200,"Number of samples in transaction : 2, number of failing samples : 0",AddContact 1-1,,true,,3239,474,15,30,26,976,0
1537443257294,24,Add_MainPage,200,OK,AddContact 1-4,text,true,,17062,446,15,30,23,0,0
1537443256316,24,Add_MainPage,200,"Number of samples in transaction : 2, number of failing samples : 0",AddContact 1-4,,true,,17062,446,15,30,23,978,0
1537443257947,51,Add_ContactForm,200,OK,AddContact 1-3,text,true,,3239,474,15,30,51,0,0
1537443256965,51,Add_ContactForm,200,"Number of samples in transaction : 2, number of failing samples : 0",AddContact 1-3,,true,,3239,474,15,30,51,982,0
1537443257948,52,Add_ContactForm,200,OK,AddContact 1-15,text,true,,3239,474,15,30,52,0,0
1537443256968,52,Add_ContactForm,200,"Number of samples in transaction : 2, number of failing samples : 0",AddContact 1-15,,true,,3239,474,15,30,52,980,0
1537443257961,41,Add_ContactForm,200,OK,AddContact 1-2,text,true,,3239,474,15,30,41,0,0
1537443256990,41,Add_ContactForm,200,"Number of samples in transaction : 2, number of failing samples : 0",AddContact 1-2,,true,,3239,474,15,30,41,971,0
1537443258285,28,Add_ContactForm,200,OK,AddContact 1-4,text,true,,3239,474,15,30,28,0,0
1537443257318,28,Add_ContactForm,200,"Number of samples in transaction : 2, number of failing samples : 0",AddContact 1-4,,true,,3239,474,15,30,28,967,0
1537443258285,52,Del_MainPage,200,OK,DeleteContact 2-13,text,true,,17062,446,15,30,51,0,1
1537443257305,52,Del_MainPage,200,"Number of samples in transaction : 2, number of failing samples : 0",DeleteContact 2-13,,true,,17062,446,15,30,51,983,1
1537443258329,30,Add_MainPage,200,OK,AddContact 1-5,text,true,,17062,446,15,30,29,0,1
1537443257331,30,Add_MainPage,200,"Number of samples in transaction : 2, number of failing samples : 0",AddContact 1-5,,true,,17062,446,15,30,29,999,1
1537443259844,34,Add_ContactAction,200,OK,AddContact 1-14,text,true,,2477,1541,15,30,34,0,1
1537443256139,34,Add_ContactAction,200,"Number of samples in transaction : 2, number of failing samples : 0",AddContact 1-14,,true,,2477,1541,15,30,34,2931,1
1537443260106,146,Add_ContactForm,200,OK,AddContact 1-5,text,true,,3239,474,15,30,145,0,0
1537443258360,146,Add_ContactForm,200,"Number of samples in transaction : 2, number of failing samples : 0",AddContact 1-5,,true,,3239,474,15,30,145,972,0
1537443260121,145,Add_ContactAction,200,OK,AddContact 1-12,text,true,,2477,1181,15,30,145,0,1
1537443256420,145,Add_ContactAction,200,"Number of samples in transaction : 2, number of failing samples : 0",AddContact 1-12,,true,,2477,1181,15,30,145,2928,1
1537443260198,73,Del_ContactFrom,200,OK,DeleteContact 2-8,text,true,,3273,481,15,30,73,0,0
1537443256488,73,Del_ContactFrom,200,"Number of samples in transaction : 2, number of failing samples : 0",DeleteContact 2-8,,true,,3273,481,15,30,73,2937,0
1537443260228,47,Del_ContactFrom,200,OK,DeleteContact 2-9,text,true,,3333,481,15,30,47,0,0
1537443256523,47,Del_ContactFrom,200,"Number of samples in transaction : 2, number of failing samples : 0",DeleteContact 2-9,,true,,3333,481,15,30,47,2931,0
1537443260198,79,Del_Contact,200,OK,DeleteContact 2-5,text,true,,2483,510,15,30,79,0,5
1537443256495,79,Del_Contact,200,"Number of samples in transaction : 2, number of failing samples : 0",DeleteContact 2-5,,true,,2483,510,15,30,79,2929,5
1537443260171,108,Add_ContactAction,200,OK,AddContact 1-13,text,true,,2477,1139,15,30,108,0,1
1537443256422,108,Add_ContactAction,200,"Number of samples in transaction : 2, number of failing samples : 0",AddContact 1-13,,true,,2477,1139,15,30,108,2975,1
1537443260189,92,Del_Contact,200,OK,DeleteContact 2-6,text,true,,2484,510,15,30,92,0,0
1537443256482,92,Del_Contact,200,"Number of samples in transaction : 2, number of failing samples : 0",DeleteContact 2-6,,true,,2484,510,15,30,92,2934,0
1537443260614,26,Del_ContactFrom,200,OK,DeleteContact 2-10,text,true,,3175,481,15,30,26,0,2
1537443256908,26,Del_ContactFrom,200,"Number of samples in transaction : 2, number of failing samples : 0",DeleteContact 2-10,,true,,3175,481,15,30,26,2933,2
1537443260736,38,Del_Contact,200,OK,DeleteContact 2-7,text,true,,2490,510,15,30,38,0,1
1537443257027,38,Del_Contact,200,"Number of samples in transaction : 2, number of failing samples : 0",DeleteContact 2-7,,true,,2490,510,15,30,38,2935,1
1537443260738,39,Del_ContactFrom,200,OK,DeleteContact 2-11,text,true,,3362,481,15,30,39,0,0
1537443257034,39,Del_ContactFrom,200,"Number of samples in transaction : 2, number of failing samples : 0",DeleteContact 2-11,,true,,3362,481,15,30,39,2930,0
1537443260982,24,Del_ContactFrom,200,OK,DeleteContact 2-12,text,true,,3344,481,15,30,23,0,1
1537443257279,24,Del_ContactFrom,200,"Number of samples in transaction : 2, number of failing samples : 0",DeleteContact 2-12,,true,,3344,481,15,30,23,2935,1
1537443261014,17,Add_ContactAction,200,OK,AddContact 1-1,text,true,,2477,1259,15,30,17,0,0
1537443257307,17,Add_ContactAction,200,"Number of samples in transaction : 2, number of failing samples : 0",AddContact 1-1,,true,,2477,1259,15,30,17,2934,0
1537443261383,50,Add_MainPage,200,OK,AddContact 1-6,text,true,,17243,446,15,30,48,0,0
1537443260398,50,Add_MainPage,200,"Number of samples in transaction : 2, number of failing samples : 0",AddContact 1-6,,true,,17243,446,15,30,48,985,0
1537443261384,71,Add_MainPage,200,OK,AddContact 1-8,text,true,,17243,446,15,30,70,0,0
1537443260399,71,Add_MainPage,200,"Number of samples in transaction : 2, number of failing samples : 0",AddContact 1-8,,true,,17243,446,15,30,70,985,0
1537443261384,83,Add_MainPage,200,OK,AddContact 1-7,text,true,,17243,446,15,30,82,0,1
1537443260399,83,Add_MainPage,200,"Number of samples in transaction : 2, number of failing samples : 0",AddContact 1-7,,true,,17243,446,15,30,82,985,1
1537443261706,66,Add_ContactAction,200,OK,AddContact 1-3,text,true,,2477,1235,15,30,66,0,0
1537443257998,66,Add_ContactAction,200,"Number of samples in transaction : 2, number of failing samples : 0",AddContact 1-3,,true,,2477,1235,15,30,66,2934,0
1537443261708,75,Add_ContactAction,200,OK,AddContact 1-2,text,true,,2477,1151,15,30,75,0,7
1537443258002,75,Add_ContactAction,200,"Number of samples in transaction : 2, number of failing samples : 0",AddContact 1-2,,true,,2477,1151,15,30,75,2932,7
1537443261707,89,Add_ContactAction,200,OK,AddContact 1-15,text,true,,2477,1475,15,30,89,0,1
1537443258000,89,Add_ContactAction,200,"Number of samples in transaction : 2, number of failing samples : 0",AddContact 1-15,,true,,2477,1475,15,30,89,2933,1
1537443262014,26,Add_ContactAction,200,OK,AddContact 1-4,text,true,,2477,1511,15,30,26,0,0
1537443258313,26,Add_ContactAction,200,"Number of samples in transaction : 2, number of failing samples : 0",AddContact 1-4,,true,,2477,1511,15,30,26,2927,0
1537443262044,20,Del_ContactFrom,200,OK,DeleteContact 2-13,text,true,,3374,481,15,30,20,0,1
1537443258340,20,Del_ContactFrom,200,"Number of samples in transaction : 2, number of failing samples : 0",DeleteContact 2-13,,true,,3374,481,15,30,20,2931,1
1537443262091,38,Add_MainPage,200,OK,AddContact 1-9,text,true,,17866,446,15,30,37,0,1
1537443261106,38,Add_MainPage,200,"Number of samples in transaction : 2, number of failing samples : 0",AddContact 1-9,,true,,17866,446,15,30,37,985,1
1537443262414,53,Add_ContactForm,200,OK,AddContact 1-6,text,true,,3239,474,15,30,53,0,0
1537443261433,53,Add_ContactForm,200,"Number of samples in transaction : 2, number of failing samples : 0",AddContact 1-6,,true,,3239,474,15,30,53,981,0
1537443262428,40,Add_ContactForm,200,OK,AddContact 1-8,text,true,,3239,474,15,30,40,0,0
1537443261455,40,Add_ContactForm,200,"Number of samples in transaction : 2, number of failing samples : 0",AddContact 1-8,,true,,3239,474,15,30,40,975,0
1537443262450,21,Add_ContactForm,200,OK,AddContact 1-7,text,true,,3239,474,15,30,21,0,0
1537443261467,21,Add_ContactForm,200,"Number of samples in transaction : 2, number of failing samples : 0",AddContact 1-7,,true,,3239,474,15,30,21,984,0
1537443263106,46,Add_ContactForm,200,OK,AddContact 1-9,text,true,,3239,474,15,30,46,0,0
1537443262129,46,Add_ContactForm,200,"Number of samples in transaction : 2, number of failing samples : 0",AddContact 1-9,,true,,3239,474,15,30,46,977,0
1537443263124,40,Del_MainPage,200,OK,DeleteContact 2-2,text,true,,17866,446,15,30,39,0,1
1537443262137,40,Del_MainPage,200,"Number of samples in transaction : 2, number of failing samples : 0",DeleteContact 2-2,,true,,17866,446,15,30,39,990,1
1537443263184,16,Add_ContactAction,200,OK,AddContact 1-5,text,true,,2477,1367,15,30,16,0,0
1537443260252,16,Add_ContactAction,200,"Number of samples in transaction : 2, number of failing samples : 0",AddContact 1-5,,true,,2477,1367,15,30,16,2932,0
1537443263198,16,Del_Contact,200,OK,DeleteContact 2-8,text,true,,2484,510,15,30,16,0,1
1537443260272,16,Del_Contact,200,"Number of samples in transaction : 2, number of failing samples : 0",DeleteContact 2-8,,true,,2484,510,15,30,16,2926,1
1537443263217,56,Del_Contact,200,OK,DeleteContact 2-9,text,true,,2484,510,15,30,56,0,1
1537443260275,56,Del_Contact,200,"Number of samples in transaction : 2, number of failing samples : 0",DeleteContact 2-9,,true,,2484,510,15,30,56,2942,1
1537443263368,34,Del_MainPage,200,OK,DeleteContact 2-14,text,true,,17735,446,15,30,33,0,1
1537443262383,34,Del_MainPage,200,"Number of samples in transaction : 2, number of failing samples : 0",DeleteContact 2-14,,true,,17735,446,15,30,33,987,1
1537443263568,24,Del_Contact,200,OK,DeleteContact 2-10,text,true,,2489,510,15,30,24,0,1
1537443260641,24,Del_Contact,200,"Number of samples in transaction : 2, number of failing samples : 0",DeleteContact 2-10,,true,,2489,510,15,30,24,2927,1
1537443263660,35,Del_MainPage,200,OK,DeleteContact 2-15,text,true,,17735,446,15,30,34,0,1
1537443262676,35,Del_MainPage,200,"Number of samples in transaction : 2, number of failing samples : 0",DeleteContact 2-15,,true,,17735,446,15,30,34,986,1
1537443263707,16,Del_Contact,200,OK,DeleteContact 2-11,text,true,,2484,510,15,30,16,0,1
1537443260777,16,Del_Contact,200,"Number of samples in transaction : 2, number of failing samples : 0",DeleteContact 2-11,,true,,2484,510,15,30,16,2931,1
1537443263752,33,Del_MainPage,200,OK,DeleteContact 2-3,text,true,,17579,446,15,30,33,0,1
1537443262767,33,Del_MainPage,200,"Number of samples in transaction : 2, number of failing samples : 0",DeleteContact 2-3,,true,,17579,446,15,30,33,987,1
1537443263753,56,Del_MainPage,200,OK,DeleteContact 2-1,text,true,,17579,446,15,30,56,0,0
1537443262767,56,Del_MainPage,200,"Number of samples in transaction : 2, number of failing samples : 0",DeleteContact 2-1,,true,,17579,446,15,30,56,989,0
1537443263754,71,Del_MainPage,200,OK,DeleteContact 2-4,text,true,,17579,446,15,30,70,0,0
1537443262767,71,Del_MainPage,200,"Number of samples in transaction : 2, number of failing samples : 0",DeleteContact 2-4,,true,,17579,446,15,30,70,990,0
1537443263937,31,Del_Contact,200,OK,DeleteContact 2-12,text,true,,2484,510,15,30,31,0,1
1537443261012,31,Del_Contact,200,"Number of samples in transaction : 2, number of failing samples : 0",DeleteContact 2-12,,true,,2484,510,15,30,31,2925,1
1537443265558,36,Add_MainPage,200,OK,AddContact 1-10,text,true,,17424,446,15,30,35,0,1
1537443263795,36,Add_MainPage,200,"Number of samples in transaction : 2, number of failing samples : 0",AddContact 1-10,,true,,17424,446,15,30,35,989,1
1537443265788,36,Del_Contact,200,OK,DeleteContact 2-13,text,true,,2484,510,15,30,36,0,1
1537443262065,36,Del_Contact,200,"Number of samples in transaction : 2, number of failing samples : 0",DeleteContact 2-13,,true,,2484,510,15,30,36,2950,1
1537443265866,21,Add_MainPage,200,OK,AddContact 1-11,text,true,,17246,446,15,30,20,0,0
1537443264107,21,Add_MainPage,200,"Number of samples in transaction : 2, number of failing samples : 0",AddContact 1-11,,true,,17246,446,15,30,20,985,0
1537443266189,121,Add_ContactAction,200,OK,AddContact 1-6,text,true,,2477,1349,15,30,121,0,1
1537443262467,121,Add_ContactAction,200,"Number of samples in transaction : 2, number of failing samples : 0",AddContact 1-6,,true,,2477,1349,15,30,121,2948,1
1537443266191,177,Add_ContactAction,200,OK,AddContact 1-8,text,true,,2477,1523,15,30,177,0,1
1537443262470,177,Add_ContactAction,200,"Number of samples in transaction : 2, number of failing samples : 0",AddContact 1-8,,true,,2477,1523,15,30,177,2947,1
1537443266192,179,Add_ContactAction,200,OK,AddContact 1-7,text,true,,2477,1343,15,30,179,0,1
1537443262472,179,Add_ContactAction,200,"Number of samples in transaction : 2, number of failing samples : 0",AddContact 1-7,,true,,2477,1343,15,30,179,2946,1
1537443266573,24,Add_ContactForm,200,OK,AddContact 1-10,text,true,,3239,474,15,30,24,0,0
1537443265594,24,Add_ContactForm,200,"Number of samples in transaction : 2, number of failing samples : 0",AddContact 1-10,,true,,3239,474,15,30,24,980,0
1537443266866,46,Add_ContactForm,200,OK,AddContact 1-11,text,true,,3239,474,15,30,46,0,0
1537443265887,46,Add_ContactForm,200,"Number of samples in transaction : 2, number of failing samples : 0",AddContact 1-11,,true,,3239,474,15,30,46,979,0
1537443266895,22,Del_ContactFrom,200,OK,DeleteContact 2-2,text,true,,3357,481,15,30,22,0,0
1537443263167,22,Del_ContactFrom,200,"Number of samples in transaction : 2, number of failing samples : 0",DeleteContact 2-2,,true,,3357,481,15,30,22,2954,0
1537443266866,54,Add_ContactAction,200,OK,AddContact 1-9,text,true,,2477,1109,15,30,54,0,1
1537443263152,54,Add_ContactAction,200,"Number of samples in transaction : 2, number of failing samples : 0",AddContact 1-9,,true,,2477,1109,15,30,54,2940,1
1537443266928,22,Del_MainPage,200,OK,DeleteContact 2-5,text,true,,17863,446,15,30,21,0,0
1537443265942,22,Del_MainPage,200,"Number of samples in transaction : 2, number of failing samples : 0",DeleteContact 2-5,,true,,17863,446,15,30,21,993,0
1537443266928,57,Del_MainPage,200,OK,DeleteContact 2-6,text,true,,17863,446,15,30,56,0,1
1537443265942,57,Del_MainPage,200,"Number of samples in transaction : 2, number of failing samples : 0",DeleteContact 2-6,,true,,17863,446,15,30,56,988,1
1537443267127,25,Del_ContactFrom,200,OK,DeleteContact 2-14,text,true,,3393,481,15,30,25,0,1
1537443263404,25,Del_ContactFrom,200,"Number of samples in transaction : 2, number of failing samples : 0",DeleteContact 2-14,,true,,3393,481,15,30,25,2949,1
1537443267421,43,Del_ContactFrom,200,OK,DeleteContact 2-15,text,true,,3279,481,15,30,43,0,0
1537443263697,43,Del_ContactFrom,200,"Number of samples in transaction : 2, number of failing samples : 0",DeleteContact 2-15,,true,,3279,481,15,30,43,2950,0
1537443267420,48,Del_MainPage,200,OK,DeleteContact 2-7,text,true,,17863,446,15,30,47,0,1
1537443266435,48,Del_MainPage,200,"Number of samples in transaction : 2, number of failing samples : 0",DeleteContact 2-7,,true,,17863,446,15,30,47,987,1
1537443267512,26,Del_ContactFrom,200,OK,DeleteContact 2-3,text,true,,3332,481,15,30,26,0,0
1537443263787,26,Del_ContactFrom,200,"Number of samples in transaction : 2, number of failing samples : 0",DeleteContact 2-3,,true,,3332,481,15,30,26,2951,0
1537443267544,26,Del_ContactFrom,200,OK,DeleteContact 2-1,text,true,,3309,481,15,30,26,0,0
1537443263812,26,Del_ContactFrom,200,"Number of samples in transaction : 2, number of failing samples : 0",DeleteContact 2-1,,true,,3309,481,15,30,26,2958,0
1537443267553,19,Del_ContactFrom,200,OK,DeleteContact 2-4,text,true,,3375,481,15,30,19,0,1
1537443263828,19,Del_ContactFrom,200,"Number of samples in transaction : 2, number of failing samples : 0",DeleteContact 2-4,,true,,3375,481,15,30,19,2951,1
1537443268496,41,Add_MainPage,200,OK,AddContact 1-14,text,true,,17863,446,15,30,39,0,1
1537443267511,41,Add_MainPage,200,"Number of samples in transaction : 2, number of failing samples : 0",AddContact 1-14,,true,,17863,446,15,30,39,986,1
1537443268866,55,Add_MainPage,200,OK,AddContact 1-12,text,true,,17863,446,15,30,54,0,1
1537443267881,55,Add_MainPage,200,"Number of samples in transaction : 2, number of failing samples : 0",AddContact 1-12,,true,,17863,446,15,30,54,986,1
1537443268887,38,Add_MainPage,200,OK,AddContact 1-13,text,true,,17863,446,15,30,37,0,1
1537443267897,38,Add_MainPage,200,"Number of samples in transaction : 2, number of failing samples : 0",AddContact 1-13,,true,,17863,446,15,30,37,990,1
1537443269513,47,Add_ContactForm,200,OK,AddContact 1-14,text,true,,3239,474,15,30,47,0,0
1537443268538,47,Add_ContactForm,200,"Number of samples in transaction : 2, number of failing samples : 0",AddContact 1-14,,true,,3239,474,15,30,47,975,0
1537443269533,32,Add_ContactAction,200,OK,AddContact 1-10,text,true,,2477,1271,15,30,32,0,7
1537443266598,32,Add_ContactAction,200,"Number of samples in transaction : 2, number of failing samples : 0",AddContact 1-10,,true,,2477,1271,15,30,32,2935,7
1537443269635,35,Add_MainPage,200,OK,AddContact 1-1,text,true,,17983,446,15,30,34,0,1
1537443268654,35,Add_MainPage,200,"Number of samples in transaction : 2, number of failing samples : 0",AddContact 1-1,,true,,17983,446,15,30,34,981,1
1537443269836,104,Add_ContactAction,200,OK,AddContact 1-11,text,true,,2477,1481,15,30,104,0,1
1537443266912,104,Add_ContactAction,200,"Number of samples in transaction : 2, number of failing samples : 0",AddContact 1-11,,true,,2477,1481,15,30,104,2924,1
1537443269837,106,Del_Contact,200,OK,DeleteContact 2-2,text,true,,2484,510,15,30,106,0,0
1537443266917,106,Del_Contact,200,"Number of samples in transaction : 2, number of failing samples : 0",DeleteContact 2-2,,true,,2484,510,15,30,106,2920,0
1537443269897,59,Add_ContactForm,200,OK,AddContact 1-12,text,true,,3239,474,15,30,59,0,0
1537443268922,59,Add_ContactForm,200,"Number of samples in transaction : 2, number of failing samples : 0",AddContact 1-12,,true,,3239,474,15,30,59,976,0
1537443269882,77,Del_ContactFrom,200,OK,DeleteContact 2-5,text,true,,3338,481,15,30,76,0,0
1537443266958,77,Del_ContactFrom,200,"Number of samples in transaction : 2, number of failing samples : 0",DeleteContact 2-5,,true,,3338,481,15,30,76,2924,0
1537443269866,105,Del_MainPage,200,OK,DeleteContact 2-8,text,true,,17997,446,15,30,104,0,1
1537443268881,105,Del_MainPage,200,"Number of samples in transaction : 2, number of failing samples : 0",DeleteContact 2-8,,true,,17997,446,15,30,104,988,1
1537443269898,78,Add_ContactForm,200,OK,AddContact 1-13,text,true,,3239,474,15,30,78,0,0
1537443268925,78,Add_ContactForm,200,"Number of samples in transaction : 2, number of failing samples : 0",AddContact 1-13,,true,,3239,474,15,30,78,973,0
1537443269897,84,Del_ContactFrom,200,OK,DeleteContact 2-6,text,true,,3310,481,15,30,83,0,1
1537443266987,84,Del_ContactFrom,200,"Number of samples in transaction : 2, number of failing samples : 0",DeleteContact 2-6,,true,,3310,481,15,30,83,2910,1
1537443269916,77,Del_MainPage,200,OK,DeleteContact 2-9,text,true,,17997,446,15,30,76,0,0
1537443268928,77,Del_MainPage,200,"Number of samples in transaction : 2, number of failing samples : 0",DeleteContact 2-9,,true,,17997,446,15,30,76,991,0
1537443270302,28,Del_Contact,200,OK,DeleteContact 2-14,text,true,,2484,510,15,30,28,0,1
1537443267152,28,Del_Contact,200,"Number of samples in transaction : 2, number of failing samples : 0",DeleteContact 2-14,,true,,2484,510,15,30,28,2915,1
1537443270471,38,Del_MainPage,200,OK,DeleteContact 2-10,text,true,,17781,446,15,30,37,0,0
1537443269251,38,Del_MainPage,200,"Number of samples in transaction : 2, number of failing samples : 0",DeleteContact 2-10,,true,,17781,446,15,30,37,988,0
1537443270626,102,Del_ContactFrom,200,OK,DeleteContact 2-7,text,true,,3326,481,15,30,102,0,0
1537443267470,102,Del_ContactFrom,200,"Number of samples in transaction : 2, number of failing samples : 0",DeleteContact 2-7,,true,,3326,481,15,30,102,2922,0
1537443270610,148,Del_Contact,200,OK,DeleteContact 2-15,text,true,,2482,510,15,30,148,0,1
1537443267464,148,Del_Contact,200,"Number of samples in transaction : 2, number of failing samples : 0",DeleteContact 2-15,,true,,2482,510,15,30,148,2911,1
1537443270611,152,Del_MainPage,200,OK,DeleteContact 2-11,text,true,,17781,446,15,30,151,0,1
1537443269389,152,Del_MainPage,200,"Number of samples in transaction : 2, number of failing samples : 0",DeleteContact 2-11,,true,,17781,446,15,30,151,989,1
1537443270624,145,Add_MainPage,200,OK,AddContact 1-3,text,true,,17781,446,15,30,144,0,1
1537443269405,145,Add_MainPage,200,"Number of samples in transaction : 2, number of failing samples : 0",AddContact 1-3,,true,,17781,446,15,30,144,984,1
1537443270625,147,Add_MainPage,200,OK,AddContact 1-2,text,true,,17781,446,15,30,146,0,1
1537443269405,147,Add_MainPage,200,"Number of samples in transaction : 2, number of failing samples : 0",AddContact 1-2,,true,,17781,446,15,30,146,986,1
1537443270640,136,Add_MainPage,200,OK,AddContact 1-15,text,true,,17781,446,15,30,135,0,1
1537443269421,136,Add_MainPage,200,"Number of samples in transaction : 2, number of failing samples : 0",AddContact 1-15,,true,,17781,446,15,30,135,985,1
1537443270686,123,Del_Contact,200,OK,DeleteContact 2-3,text,true,,2484,510,15,30,123,0,1
1537443267538,123,Del_Contact,200,"Number of samples in transaction : 2, number of failing samples : 0",DeleteContact 2-3,,true,,2484,510,15,30,123,2913,1
1537443270736,80,Del_Contact,200,OK,DeleteContact 2-4,text,true,,2484,510,15,30,80,0,0
1537443267572,80,Del_Contact,200,"Number of samples in transaction : 2, number of failing samples : 0",DeleteContact 2-4,,true,,2484,510,15,30,80,2944,0
1537443270737,96,Del_Contact,200,OK,DeleteContact 2-1,text,true,,2484,510,15,30,95,0,0
1537443267570,96,Del_Contact,200,"Number of samples in transaction : 2, number of failing samples : 0",DeleteContact 2-1,,true,,2484,510,15,30,95,2932,0
1537443270856,33,Del_MainPage,200,OK,DeleteContact 2-12,text,true,,17211,446,15,30,32,0,0
1537443269635,33,Del_MainPage,200,"Number of samples in transaction : 2, number of failing samples : 0",DeleteContact 2-12,,true,,17211,446,15,30,32,988,0
1537443270888,19,Add_ContactForm,200,OK,AddContact 1-1,text,true,,3239,474,15,30,19,0,0
1537443269670,19,Add_ContactForm,200,"Number of samples in transaction : 2, number of failing samples : 0",AddContact 1-1,,true,,3239,474,15,30,19,983,0
1537443270876,40,Add_MainPage,200,OK,AddContact 1-4,text,true,,17211,446,15,30,39,0,0
1537443269653,40,Add_MainPage,200,"Number of samples in transaction : 2, number of failing samples : 0",AddContact 1-4,,true,,17211,446,15,30,39,988,0
1537443271733,67,Add_ContactForm,200,OK,AddContact 1-3,text,true,,3239,474,15,30,67,0,0
1537443270769,67,Add_ContactForm,200,"Number of samples in transaction : 2, number of failing samples : 0",AddContact 1-3,,true,,3239,474,15,30,67,964,0
1537443271733,70,Add_ContactForm,200,OK,AddContact 1-2,text,true,,3239,474,15,30,70,0,0
1537443270773,70,Add_ContactForm,200,"Number of samples in transaction : 2, number of failing samples : 0",AddContact 1-2,,true,,3239,474,15,30,70,960,0
1537443271734,73,Add_ContactForm,200,OK,AddContact 1-15,text,true,,3239,474,15,30,73,0,0
1537443270777,73,Add_ContactForm,200,"Number of samples in transaction : 2, number of failing samples : 0",AddContact 1-15,,true,,3239,474,15,30,73,957,0
1537443271871,24,Add_ContactForm,200,OK,AddContact 1-4,text,true,,3239,474,15,30,24,0,0
1537443270916,24,Add_ContactForm,200,"Number of samples in transaction : 2, number of failing samples : 0",AddContact 1-4,,true,,3239,474,15,30,24,956,0
1537443271902,31,Del_MainPage,200,OK,DeleteContact 2-13,text,true,,17211,446,15,30,30,0,1
1537443270936,31,Del_MainPage,200,"Number of samples in transaction : 2, number of failing samples : 0",DeleteContact 2-13,,true,,17211,446,15,30,30,968,1
1537443272026,34,Add_MainPage,200,OK,AddContact 1-5,text,true,,17211,446,15,30,33,0,0
1537443271040,34,Add_MainPage,200,"Number of samples in transaction : 2, number of failing samples : 0",AddContact 1-5,,true,,17211,446,15,30,33,986,0
1537443272717,28,Add_ContactAction,200,OK,AddContact 1-14,text,true,,2477,1277,15,30,28,0,1
1537443269560,28,Add_ContactAction,200,"Number of samples in transaction : 2, number of failing samples : 0",AddContact 1-14,,true,,2477,1277,15,30,28,2922,1
1537443273041,22,Add_ContactForm,200,OK,AddContact 1-5,text,true,,3239,474,15,30,22,0,0
1537443272060,22,Add_ContactForm,200,"Number of samples in transaction : 2, number of failing samples : 0",AddContact 1-5,,true,,3239,474,15,30,22,981,0
1537443273103,30,Add_ContactAction,200,OK,AddContact 1-12,text,true,,2477,1559,15,30,29,0,0
1537443269957,30,Add_ContactAction,200,"Number of samples in transaction : 2, number of failing samples : 0",AddContact 1-12,,true,,2477,1559,15,30,29,2911,0
1537443273117,61,Del_Contact,200,OK,DeleteContact 2-5,text,true,,2484,510,15,30,61,0,1
1537443269968,61,Del_Contact,200,"Number of samples in transaction : 2, number of failing samples : 0",DeleteContact 2-5,,true,,2484,510,15,30,61,2914,1
1537443273134,53,Del_ContactFrom,200,OK,DeleteContact 2-8,text,true,,3382,481,15,30,53,0,0
1537443269974,53,Del_ContactFrom,200,"Number of samples in transaction : 2, number of failing samples : 0",DeleteContact 2-8,,true,,3382,481,15,30,53,2925,0
1537443273148,43,Del_ContactFrom,200,OK,DeleteContact 2-9,text,true,,3419,481,15,30,43,0,1
1537443269996,43,Del_ContactFrom,200,"Number of samples in transaction : 2, number of failing samples : 0",DeleteContact 2-9,,true,,3419,481,15,30,43,2918,1
1537443273137,57,Add_ContactAction,200,OK,AddContact 1-13,text,true,,2477,1427,15,30,57,0,0
1537443269976,57,Add_ContactAction,200,"Number of samples in transaction : 2, number of failing samples : 0",AddContact 1-13,,true,,2477,1427,15,30,57,2927,0
1537443273136,60,Del_Contact,200,OK,DeleteContact 2-6,text,true,,2484,510,15,30,60,0,1
1537443269981,60,Del_Contact,200,"Number of samples in transaction : 2, number of failing samples : 0",DeleteContact 2-6,,true,,2484,510,15,30,60,2920,1
1537443273426,23,Del_ContactFrom,200,OK,DeleteContact 2-10,text,true,,3279,481,15,30,23,0,0
1537443270512,23,Del_ContactFrom,200,"Number of samples in transaction : 2, number of failing samples : 0",DeleteContact 2-10,,true,,3279,481,15,30,23,2914,0
1537443273641,27,Del_Contact,200,OK,DeleteContact 2-7,text,true,,2484,510,15,30,27,0,1
1537443270729,27,Del_Contact,200,"Number of samples in transaction : 2, number of failing samples : 0",DeleteContact 2-7,,true,,2484,510,15,30,27,2913,1
1537443273687,26,Del_ContactFrom,200,OK,DeleteContact 2-11,text,true,,3369,481,15,30,26,0,1
1537443270765,26,Del_ContactFrom,200,"Number of samples in transaction : 2, number of failing samples : 0",DeleteContact 2-11,,true,,3369,481,15,30,26,2922,1
1537443273826,42,Del_ContactFrom,200,OK,DeleteContact 2-12,text,true,,3325,481,15,30,42,0,1
1537443270891,42,Del_ContactFrom,200,"Number of samples in transaction : 2, number of failing samples : 0",DeleteContact 2-12,,true,,3325,481,15,30,42,2935,1
1537443273845,27,Add_ContactAction,200,OK,AddContact 1-1,text,true,,2477,1493,15,30,27,0,1
1537443270907,27,Add_ContactAction,200,"Number of samples in transaction : 2, number of failing samples : 0",AddContact 1-1,,true,,2477,1493,15,30,27,2938,1
1537443274349,45,Add_MainPage,200,OK,AddContact 1-6,text,true,,17512,446,15,30,44,0,1
1537443273364,45,Add_MainPage,200,"Number of samples in transaction : 2, number of failing samples : 0",AddContact 1-6,,true,,17512,446,15,30,44,985,1
1537443274411,31,Add_MainPage,200,OK,AddContact 1-8,text,true,,17512,446,15,30,30,0,0
1537443273426,31,Add_MainPage,200,"Number of samples in transaction : 2, number of failing samples : 0",AddContact 1-8,,true,,17512,446,15,30,30,985,0
1537443274411,43,Add_MainPage,200,OK,AddContact 1-7,text,true,,17512,446,15,30,42,0,1
1537443273427,43,Add_MainPage,200,"Number of samples in transaction : 2, number of failing samples : 0",AddContact 1-7,,true,,17512,446,15,30,42,984,1
1537443274734,67,Add_ContactAction,200,OK,AddContact 1-3,text,true,,2477,1608,15,30,67,0,1
1537443271800,67,Add_ContactAction,200,"Number of samples in transaction : 2, number of failing samples : 0",AddContact 1-3,,true,,2477,1608,15,30,67,2934,1
1537443274736,68,Add_ContactAction,200,OK,AddContact 1-15,text,true,,2477,1127,15,30,68,0,0
1537443271807,68,Add_ContactAction,200,"Number of samples in transaction : 2, number of failing samples : 0",AddContact 1-15,,true,,2477,1127,15,30,68,2929,0
1537443274735,72,Add_ContactAction,200,OK,AddContact 1-2,text,true,,2477,1463,15,30,72,0,1
1537443271803,72,Add_ContactAction,200,"Number of samples in transaction : 2, number of failing samples : 0",AddContact 1-2,,true,,2477,1463,15,30,72,2932,1
1537443274826,16,Add_ContactAction,200,OK,AddContact 1-4,text,true,,2477,1427,15,30,16,0,0
1537443271896,16,Add_ContactAction,200,"Number of samples in transaction : 2, number of failing samples : 0",AddContact 1-4,,true,,2477,1427,15,30,16,2930,0
1537443274872,14,Del_ContactFrom,200,OK,DeleteContact 2-13,text,true,,3348,481,15,30,14,0,0
1537443271935,14,Del_ContactFrom,200,"Number of samples in transaction : 2, number of failing samples : 0",DeleteContact 2-13,,true,,3348,481,15,30,14,2937,0
1537443274965,27,Add_MainPage,200,OK,AddContact 1-9,text,true,,18144,446,15,30,26,0,0
1537443273980,27,Add_MainPage,200,"Number of samples in transaction : 2, number of failing samples : 0",AddContact 1-9,,true,,18144,446,15,30,26,985,0
1537443275595,24,Add_ContactForm,200,OK,AddContact 1-6,text,true,,3239,474,15,30,24,0,0
1537443274394,24,Add_ContactForm,200,"Number of samples in transaction : 2, number of failing samples : 0",AddContact 1-6,,true,,3239,474,15,30,24,971,0
1537443275656,37,Add_ContactForm,200,OK,AddContact 1-8,text,true,,3239,474,15,30,36,0,0
1537443274442,37,Add_ContactForm,200,"Number of samples in transaction : 2, number of failing samples : 0",AddContact 1-8,,true,,3239,474,15,30,36,984,0
1537443275656,38,Add_ContactForm,200,OK,AddContact 1-7,text,true,,3239,474,15,30,38,0,0
1537443274454,38,Add_ContactForm,200,"Number of samples in transaction : 2, number of failing samples : 0",AddContact 1-7,,true,,3239,474,15,30,38,973,0
1537443276195,34,Add_ContactForm,200,OK,AddContact 1-9,text,true,,3239,474,15,30,34,0,0
1537443274992,34,Add_ContactForm,200,"Number of samples in transaction : 2, number of failing samples : 0",AddContact 1-9,,true,,3239,474,15,30,34,974,0
1537443276212,23,Add_ContactAction,200,OK,AddContact 1-5,text,true,,2477,1295,15,30,23,0,1
1537443273063,23,Add_ContactAction,200,"Number of samples in transaction : 2, number of failing samples : 0",AddContact 1-5,,true,,2477,1295,15,30,23,2919,1
1537443276272,36,Del_MainPage,200,OK,DeleteContact 2-2,text,true,,18287,446,15,30,34,0,0
1537443275057,36,Del_MainPage,200,"Number of samples in transaction : 2, number of failing samples : 0",DeleteContact 2-2,,true,,18287,446,15,30,34,987,0
1537443276334,43,Del_Contact,200,OK,DeleteContact 2-8,text,true,,2484,510,15,30,43,0,0
1537443273187,43,Del_Contact,200,"Number of samples in transaction : 2, number of failing samples : 0",DeleteContact 2-8,,true,,2484,510,15,30,43,2917,0
1537443276335,46,Del_Contact,200,OK,DeleteContact 2-9,text,true,,2484,510,15,30,46,0,0
1537443273192,46,Del_Contact,200,"Number of samples in transaction : 2, number of failing samples : 0",DeleteContact 2-9,,true,,2484,510,15,30,46,2913,0
1537443276411,24,Del_MainPage,200,OK,DeleteContact 2-14,text,true,,17888,446,15,30,23,0,0
1537443275425,24,Del_MainPage,200,"Number of samples in transaction : 2, number of failing samples : 0",DeleteContact 2-14,,true,,17888,446,15,30,23,988,0
1537443276594,28,Del_Contact,200,OK,DeleteContact 2-10,text,true,,2484,510,15,30,28,0,1
1537443273449,28,Del_Contact,200,"Number of samples in transaction : 2, number of failing samples : 0",DeleteContact 2-10,,true,,2484,510,15,30,28,2916,1
1537443276842,46,Del_MainPage,200,OK,DeleteContact 2-15,text,true,,17776,446,15,30,45,0,0
1537443275856,46,Del_MainPage,200,"Number of samples in transaction : 2, number of failing samples : 0",DeleteContact 2-15,,true,,17776,446,15,30,45,988,0
1537443276859,35,Del_Contact,200,OK,DeleteContact 2-11,text,true,,2484,510,15,30,34,0,1
1537443273713,35,Del_Contact,200,"Number of samples in transaction : 2, number of failing samples : 0",DeleteContact 2-11,,true,,2484,510,15,30,34,2917,1
1537443276903,22,Del_MainPage,200,OK,DeleteContact 2-3,text,true,,17583,446,15,30,21,0,1
1537443275918,22,Del_MainPage,200,"Number of samples in transaction : 2, number of failing samples : 0",DeleteContact 2-3,,true,,17583,446,15,30,21,988,1
1537443276921,35,Del_MainPage,200,OK,DeleteContact 2-1,text,true,,17583,446,15,30,35,0,0
1537443275933,35,Del_MainPage,200,"Number of samples in transaction : 2, number of failing samples : 0",DeleteContact 2-1,,true,,17583,446,15,30,35,1025,0
1537443276922,83,Del_MainPage,200,OK,DeleteContact 2-4,text,true,,17583,446,15,30,82,0,0
1537443275933,83,Del_MainPage,200,"Number of samples in transaction : 2, number of failing samples : 0",DeleteContact 2-4,,true,,17583,446,15,30,82,996,0
1537443277026,15,Del_Contact,200,OK,DeleteContact 2-12,text,true,,2484,510,15,30,15,0,1
1537443273868,15,Del_Contact,200,"Number of samples in transaction : 2, number of failing samples : 0",DeleteContact 2-12,,true,,2484,510,15,30,15,2928,1
1537443277850,40,Add_MainPage,200,OK,AddContact 1-10,text,true,,17446,446,15,30,38,0,0
1537443276860,40,Add_MainPage,200,"Number of samples in transaction : 2, number of failing samples : 0",AddContact 1-10,,true,,17446,446,15,30,38,991,0
1537443278041,26,Del_Contact,200,OK,DeleteContact 2-13,text,true,,2484,510,15,30,26,0,1
1537443274886,26,Del_Contact,200,"Number of samples in transaction : 2, number of failing samples : 0",DeleteContact 2-13,,true,,2484,510,15,30,26,2926,1
1537443278196,21,Add_MainPage,200,OK,AddContact 1-11,text,true,,17276,446,15,30,20,0,0
1537443277210,21,Add_MainPage,200,"Number of samples in transaction : 2, number of failing samples : 0",AddContact 1-11,,true,,17276,446,15,30,20,986,0
1537443278549,30,Add_ContactAction,200,OK,AddContact 1-6,text,true,,2477,1373,15,30,30,0,1
1537443275619,30,Add_ContactAction,200,"Number of samples in transaction : 2, number of failing samples : 0",AddContact 1-6,,true,,2477,1373,15,30,30,2930,1
1537443278626,48,Add_ContactAction,200,OK,AddContact 1-8,text,true,,2477,1385,15,30,48,0,1
1537443275693,48,Add_ContactAction,200,"Number of samples in transaction : 2, number of failing samples : 0",AddContact 1-8,,true,,2477,1385,15,30,48,2933,1
1537443278628,49,Add_ContactAction,200,OK,AddContact 1-7,text,true,,2477,1319,15,30,49,0,0
1537443275695,49,Add_ContactAction,200,"Number of samples in transaction : 2, number of failing samples : 0",AddContact 1-7,,true,,2477,1319,15,30,49,2933,0
1537443278872,24,Add_ContactForm,200,OK,AddContact 1-10,text,true,,3239,474,15,30,24,0,0
1537443277891,24,Add_ContactForm,200,"Number of samples in transaction : 2, number of failing samples : 0",AddContact 1-10,,true,,3239,474,15,30,24,982,0
1537443279165,28,Add_ContactAction,200,OK,AddContact 1-9,text,true,,2477,1301,15,30,27,0,1
1537443276230,28,Add_ContactAction,200,"Number of samples in transaction : 2, number of failing samples : 0",AddContact 1-9,,true,,2477,1301,15,30,27,2935,1
1537443279196,14,Add_ContactForm,200,OK,AddContact 1-11,text,true,,3239,474,15,30,14,0,0
1537443278217,14,Add_ContactForm,200,"Number of samples in transaction : 2, number of failing samples : 0",AddContact 1-11,,true,,3239,474,15,30,14,979,0
1537443279242,13,Del_ContactFrom,200,OK,DeleteContact 2-2,text,true,,3333,481,15,30,13,0,0
1537443276310,13,Del_ContactFrom,200,"Number of samples in transaction : 2, number of failing samples : 0",DeleteContact 2-2,,true,,3333,481,15,30,13,2932,0
1537443279273,28,Del_MainPage,200,OK,DeleteContact 2-5,text,true,,17877,446,15,30,26,0,0
1537443278287,28,Del_MainPage,200,"Number of samples in transaction : 2, number of failing samples : 0",DeleteContact 2-5,,true,,17877,446,15,30,26,989,0
1537443279304,25,Del_MainPage,200,OK,DeleteContact 2-6,text,true,,17877,446,15,30,24,0,1
1537443278318,25,Del_MainPage,200,"Number of samples in transaction : 2, number of failing samples : 0",DeleteContact 2-6,,true,,17877,446,15,30,24,988,1
1537443279364,13,Del_ContactFrom,200,OK,DeleteContact 2-14,text,true,,3276,481,15,30,13,0,1
1537443276437,13,Del_ContactFrom,200,"Number of samples in transaction : 2, number of failing samples : 0",DeleteContact 2-14,,true,,3276,481,15,30,13,2928,1
1537443279765,34,Del_MainPage,200,OK,DeleteContact 2-7,text,true,,17877,446,15,30,33,0,0
1537443278780,34,Del_MainPage,200,"Number of samples in transaction : 2, number of failing samples : 0",DeleteContact 2-7,,true,,17877,446,15,30,33,988,0
1537443279827,14,Del_ContactFrom,200,OK,DeleteContact 2-15,text,true,,3413,481,15,30,14,0,0
1537443276890,14,Del_ContactFrom,200,"Number of samples in transaction : 2, number of failing samples : 0",DeleteContact 2-15,,true,,3413,481,15,30,14,2937,0
1537443279858,13,Del_ContactFrom,200,OK,DeleteContact 2-3,text,true,,3390,481,15,30,13,0,0
1537443276928,13,Del_ContactFrom,200,"Number of samples in transaction : 2, number of failing samples : 0",DeleteContact 2-3,,true,,3390,481,15,30,13,2930,0
1537443279919,29,Del_ContactFrom,200,OK,DeleteContact 2-1,text,true,,3327,481,15,30,29,0,0
1537443276993,29,Del_ContactFrom,200,"Number of samples in transaction : 2, number of failing samples : 0",DeleteContact 2-1,,true,,3327,481,15,30,29,2926,0
1537443279949,28,Del_ContactFrom,200,OK,DeleteContact 2-4,text,true,,3274,481,15,30,28,0,1
1537443277012,28,Del_ContactFrom,200,"Number of samples in transaction : 2, number of failing samples : 0",DeleteContact 2-4,,true,,3274,481,15,30,28,2937,1
1537443280511,41,Add_MainPage,200,OK,AddContact 1-14,text,true,,17877,446,15,30,39,0,0
1537443279796,41,Add_MainPage,200,"Number of samples in transaction : 2, number of failing samples : 0",AddContact 1-14,,true,,17877,446,15,30,39,985,0
1537443280895,22,Add_MainPage,200,OK,AddContact 1-12,text,true,,17877,446,15,30,21,0,1
1537443280180,22,Add_MainPage,200,"Number of samples in transaction : 2, number of failing samples : 0",AddContact 1-12,,true,,17877,446,15,30,21,985,1
1537443280972,33,Add_MainPage,200,OK,AddContact 1-13,text,true,,17877,446,15,30,32,0,1
1537443279987,33,Add_MainPage,200,"Number of samples in transaction : 2, number of failing samples : 0",AddContact 1-13,,true,,17877,446,15,30,32,986,1
1537443281527,16,Add_ContactForm,200,OK,AddContact 1-14,text,true,,3239,474,15,30,16,0,0
1537443280552,16,Add_ContactForm,200,"Number of samples in transaction : 2, number of failing samples : 0",AddContact 1-14,,true,,3239,474,15,30,16,975,0
1537443281557,16,Add_ContactAction,200,OK,AddContact 1-10,text,true,,2477,1626,15,30,16,0,1
1537443278897,16,Add_ContactAction,200,"Number of samples in transaction : 2, number of failing samples : 0",AddContact 1-10,,true,,2477,1626,15,30,16,2930,1
1537443281649,41,Add_MainPage,200,OK,AddContact 1-1,text,true,,18103,446,15,30,40,0,1
1537443280665,41,Add_MainPage,200,"Number of samples in transaction : 2, number of failing samples : 0",AddContact 1-1,,true,,18103,446,15,30,40,985,1
1537443281864,26,Add_ContactAction,200,OK,AddContact 1-11,text,true,,2477,1235,15,30,25,0,1
1537443279210,26,Add_ContactAction,200,"Number of samples in transaction : 2, number of failing samples : 0",AddContact 1-11,,true,,2477,1235,15,30,25,2924,1
1537443281896,14,Add_ContactForm,200,OK,AddContact 1-12,text,true,,3239,474,15,30,14,0,0
1537443280917,14,Add_ContactForm,200,"Number of samples in transaction : 2, number of failing samples : 0",AddContact 1-12,,true,,3239,474,15,30,14,979,0
1537443281911,15,Del_Contact,200,OK,DeleteContact 2-2,text,true,,2484,510,15,30,15,0,0
1537443279255,15,Del_Contact,200,"Number of samples in transaction : 2, number of failing samples : 0",DeleteContact 2-2,,true,,2484,510,15,30,15,2927,0
1537443282006,44,Add_ContactForm,200,OK,AddContact 1-13,text,true,,3239,474,15,30,44,0,0
1537443281006,44,Add_ContactForm,200,"Number of samples in transaction : 2, number of failing samples : 0",AddContact 1-13,,true,,3239,474,15,30,44,1000,0
1537443281973,85,Del_ContactFrom,200,OK,DeleteContact 2-5,text,true,,3262,481,15,30,85,0,0
1537443279304,85,Del_ContactFrom,200,"Number of samples in transaction : 2, number of failing samples : 0",DeleteContact 2-5,,true,,3262,481,15,30,85,2939,0
1537443281972,90,Del_MainPage,200,OK,DeleteContact 2-8,text,true,,18090,446,15,30,88,0,0
1537443280987,90,Del_MainPage,200,"Number of samples in transaction : 2, number of failing samples : 0",DeleteContact 2-8,,true,,18090,446,15,30,88,987,0
1537443282005,68,Del_ContactFrom,200,OK,DeleteContact 2-6,text,true,,3375,481,15,30,68,0,0
1537443279331,68,Del_ContactFrom,200,"Number of samples in transaction : 2, number of failing samples : 0",DeleteContact 2-6,,true,,3375,481,15,30,68,2944,0
1537443282005,78,Del_MainPage,200,OK,DeleteContact 2-9,text,true,,18090,446,15,30,77,0,1
1537443281004,78,Del_MainPage,200,"Number of samples in transaction : 2, number of failing samples : 0",DeleteContact 2-9,,true,,18090,446,15,30,77,1003,1
1537443282034,58,Del_Contact,200,OK,DeleteContact 2-14,text,true,,2484,510,15,30,58,0,1
1537443279378,58,Del_Contact,200,"Number of samples in transaction : 2, number of failing samples : 0",DeleteContact 2-14,,true,,2484,510,15,30,58,2926,1
1537443282219,33,Del_MainPage,200,OK,DeleteContact 2-10,text,true,,17986,446,15,30,32,0,1
1537443281233,33,Del_MainPage,200,"Number of samples in transaction : 2, number of failing samples : 0",DeleteContact 2-10,,true,,17986,446,15,30,32,989,1
1537443282465,26,Del_ContactFrom,200,OK,DeleteContact 2-7,text,true,,3390,481,15,30,26,0,1
1537443279802,26,Del_ContactFrom,200,"Number of samples in transaction : 2, number of failing samples : 0",DeleteContact 2-7,,true,,3390,481,15,30,26,2933,1
1537443282497,45,Del_MainPage,200,OK,DeleteContact 2-11,text,true,,17986,446,15,30,45,0,1
1537443281511,45,Del_MainPage,200,"Number of samples in transaction : 2, number of failing samples : 0",DeleteContact 2-11,,true,,17986,446,15,30,45,989,1
1537443282496,52,Del_Contact,200,OK,DeleteContact 2-15,text,true,,2484,510,15,30,52,0,1
1537443279841,52,Del_Contact,200,"Number of samples in transaction : 2, number of failing samples : 0",DeleteContact 2-15,,true,,2484,510,15,30,52,2926,1
1537443282529,24,Del_Contact,200,OK,DeleteContact 2-3,text,true,,2484,510,15,30,24,0,0
1537443279871,24,Del_Contact,200,"Number of samples in transaction : 2, number of failing samples : 0",DeleteContact 2-3,,true,,2484,510,15,30,24,2928,0
1537443282671,30,Add_ContactForm,200,OK,AddContact 1-1,text,true,,3239,474,15,30,30,0,0
1537443281691,30,Add_ContactForm,200,"Number of samples in transaction : 2, number of failing samples : 0",AddContact 1-1,,true,,3239,474,15,30,30,980,0
1537443282587,147,Add_MainPage,200,OK,AddContact 1-3,text,true,,17562,446,15,30,146,0,1
1537443281603,147,Add_MainPage,200,"Number of samples in transaction : 2, number of failing samples : 0",AddContact 1-3,,true,,17562,446,15,30,146,984,1
1537443282588,150,Add_MainPage,200,OK,AddContact 1-2,text,true,,17562,446,15,30,149,0,0
1537443281603,150,Add_MainPage,200,"Number of samples in transaction : 2, number of failing samples : 0",AddContact 1-2,,true,,17562,446,15,30,149,985,0
1537443282588,154,Add_MainPage,200,OK,AddContact 1-15,text,true,,17562,446,15,30,153,0,1
1537443281603,154,Add_MainPage,200,"Number of samples in transaction : 2, number of failing samples : 0",AddContact 1-15,,true,,17562,446,15,30,153,985,1
1537443282636,110,Add_MainPage,200,OK,AddContact 1-4,text,true,,17562,446,15,30,110,0,0
1537443281650,110,Add_MainPage,200,"Number of samples in transaction : 2, number of failing samples : 0",AddContact 1-4,,true,,17562,446,15,30,110,986,0
1537443282654,96,Del_MainPage,200,OK,DeleteContact 2-12,text,true,,17562,446,15,30,95,0,0
1537443281675,96,Del_MainPage,200,"Number of samples in transaction : 2, number of failing samples : 0",DeleteContact 2-12,,true,,17562,446,15,30,95,981,0
1537443282622,134,Del_Contact,200,OK,DeleteContact 2-1,text,true,,2484,510,15,30,134,0,0
1537443279948,134,Del_Contact,200,"Number of samples in transaction : 2, number of failing samples : 0",DeleteContact 2-1,,true,,2484,510,15,30,134,2944,0
1537443282635,124,Del_Contact,200,OK,DeleteContact 2-4,text,true,,2484,510,15,30,124,0,1
1537443279977,124,Del_Contact,200,"Number of samples in transaction : 2, number of failing samples : 0",DeleteContact 2-4,,true,,2484,510,15,30,124,2928,1
1537443283665,33,Del_MainPage,200,OK,DeleteContact 2-13,text,true,,17306,446,15,30,32,0,1
1537443282680,33,Del_MainPage,200,"Number of samples in transaction : 2, number of failing samples : 0",DeleteContact 2-13,,true,,17306,446,15,30,32,988,1
1537443283712,55,Add_ContactForm,200,OK,AddContact 1-3,text,true,,3239,474,15,30,55,0,0
1537443282735,55,Add_ContactForm,200,"Number of samples in transaction : 2, number of failing samples : 0",AddContact 1-3,,true,,3239,474,15,30,55,977,0
1537443283712,57,Add_ContactForm,200,OK,AddContact 1-2,text,true,,3239,474,15,30,57,0,0
1537443282738,57,Add_ContactForm,200,"Number of samples in transaction : 2, number of failing samples : 0",AddContact 1-2,,true,,3239,474,15,30,57,975,0
1537443283727,44,Add_ContactForm,200,OK,AddContact 1-15,text,true,,3239,474,15,30,44,0,0
1537443282742,44,Add_ContactForm,200,"Number of samples in transaction : 2, number of failing samples : 0",AddContact 1-15,,true,,3239,474,15,30,44,986,0
1537443283737,36,Add_ContactForm,200,OK,AddContact 1-4,text,true,,3239,474,15,30,36,0,0
1537443282746,36,Add_ContactForm,200,"Number of samples in transaction : 2, number of failing samples : 0",AddContact 1-4,,true,,3239,474,15,30,36,992,0
1537443283789,24,Add_MainPage,200,OK,AddContact 1-5,text,true,,17306,446,15,30,23,0,1
1537443282803,24,Add_MainPage,200,"Number of samples in transaction : 2, number of failing samples : 0",AddContact 1-5,,true,,17306,446,15,30,23,986,1
1537443284481,28,Add_ContactAction,200,OK,AddContact 1-14,text,true,,2477,1589,15,30,28,0,1
1537443281543,28,Add_ContactAction,200,"Number of samples in transaction : 2, number of failing samples : 0",AddContact 1-14,,true,,2477,1589,15,30,28,2938,1
1537443284803,24,Add_ContactForm,200,OK,AddContact 1-5,text,true,,3239,474,15,30,24,0,0
1537443283813,24,Add_ContactForm,200,"Number of samples in transaction : 2, number of failing samples : 0",AddContact 1-5,,true,,3239,474,15,30,24,991,0
1537443284850,34,Add_ContactAction,200,OK,AddContact 1-12,text,true,,2477,1481,15,30,33,0,1
1537443281910,34,Add_ContactAction,200,"Number of samples in transaction : 2, number of failing samples : 0",AddContact 1-12,,true,,2477,1481,15,30,33,2940,1
1537443284690,104,Del_ContactFrom,200,OK,DeleteContact 2-8,text,true,,3373,481,15,30,104,0,1
1537443282064,104,Del_ContactFrom,200,"Number of samples in transaction : 2, number of failing samples : 0",DeleteContact 2-8,,true,,3373,481,15,30,104,2925,1
1537443284745,53,Del_ContactFrom,200,OK,DeleteContact 2-9,text,true,,3283,481,15,30,53,0,1
1537443282085,53,Del_ContactFrom,200,"Number of samples in transaction : 2, number of failing samples : 0",DeleteContact 2-9,,true,,3283,481,15,30,53,2959,1
1537443284691,114,Add_ContactAction,200,OK,AddContact 1-13,text,true,,2477,1583,15,30,114,0,1
1537443282050,114,Add_ContactAction,200,"Number of samples in transaction : 2, number of failing samples : 0",AddContact 1-13,,true,,2477,1583,15,30,114,2940,1
1537443284692,124,Del_Contact,200,OK,DeleteContact 2-5,text,true,,2482,510,15,30,123,0,0
1537443282058,124,Del_Contact,200,"Number of samples in transaction : 2, number of failing samples : 0",DeleteContact 2-5,,true,,2482,510,15,30,123,2933,0
1537443284728,91,Del_Contact,200,OK,DeleteContact 2-6,text,true,,2484,510,15,30,91,0,1
1537443282073,91,Del_Contact,200,"Number of samples in transaction : 2, number of failing samples : 0",DeleteContact 2-6,,true,,2484,510,15,30,91,2954,1
1537443284889,26,Del_ContactFrom,200,OK,DeleteContact 2-10,text,true,,3381,481,15,30,26,0,1
1537443282255,26,Del_ContactFrom,200,"Number of samples in transaction : 2, number of failing samples : 0",DeleteContact 2-10,,true,,3381,481,15,30,26,2933,1
1537443285120,24,Del_Contact,200,OK,DeleteContact 2-7,text,true,,2490,510,15,30,24,0,1
1537443282491,24,Del_Contact,200,"Number of samples in transaction : 2, number of failing samples : 0",DeleteContact 2-7,,true,,2490,510,15,30,24,2928,1
1537443285183,25,Del_ContactFrom,200,OK,DeleteContact 2-11,text,true,,3310,481,15,30,25,0,0
1537443282545,25,Del_ContactFrom,200,"Number of samples in transaction : 2, number of failing samples : 0",DeleteContact 2-11,,true,,3310,481,15,30,25,2937,0
1537443285336,27,Add_ContactAction,200,OK,AddContact 1-1,text,true,,2477,1517,15,30,27,0,1
1537443282701,27,Add_ContactAction,200,"Number of samples in transaction : 2, number of failing samples : 0",AddContact 1-1,,true,,2477,1517,15,30,27,2935,1
1537443285382,13,Del_ContactFrom,200,OK,DeleteContact 2-12,text,true,,3313,481,15,30,13,0,0
1537443282752,13,Del_ContactFrom,200,"Number of samples in transaction : 2, number of failing samples : 0",DeleteContact 2-12,,true,,3313,481,15,30,13,2929,0
1537443285829,41,Add_MainPage,200,OK,AddContact 1-6,text,true,,17798,446,15,30,39,0,1
1537443284843,41,Add_MainPage,200,"Number of samples in transaction : 2, number of failing samples : 0",AddContact 1-6,,true,,17798,446,15,30,39,986,1
1537443285936,54,Add_MainPage,200,OK,AddContact 1-8,text,true,,17798,446,15,30,53,0,0
1537443284950,54,Add_MainPage,200,"Number of samples in transaction : 2, number of failing samples : 0",AddContact 1-8,,true,,17798,446,15,30,53,986,0
1537443285937,57,Add_MainPage,200,OK,AddContact 1-7,text,true,,17798,446,15,30,56,0,0
1537443284950,57,Add_MainPage,200,"Number of samples in transaction : 2, number of failing samples : 0",AddContact 1-7,,true,,17798,446,15,30,56,987,0
1537443286337,26,Del_ContactFrom,200,OK,DeleteContact 2-13,text,true,,3283,481,15,30,25,0,1
1537443283701,26,Del_ContactFrom,200,"Number of samples in transaction : 2, number of failing samples : 0",DeleteContact 2-13,,true,,3283,481,15,30,25,2935,1
1537443286444,43,Add_MainPage,200,OK,AddContact 1-9,text,true,,17798,446,15,30,43,0,1
1537443285458,43,Add_MainPage,200,"Number of samples in transaction : 2, number of failing samples : 0",AddContact 1-9,,true,,17798,446,15,30,43,986,1
1537443286398,92,Add_ContactAction,200,OK,AddContact 1-3,text,true,,2477,1674,15,30,92,0,1
1537443283767,92,Add_ContactAction,200,"Number of samples in transaction : 2, number of failing samples : 0",AddContact 1-3,,true,,2477,1674,15,30,92,2930,1
1537443286399,94,Add_ContactAction,200,OK,AddContact 1-2,text,true,,2477,1547,15,30,94,0,1
1537443283770,94,Add_ContactAction,200,"Number of samples in transaction : 2, number of failing samples : 0",AddContact 1-2,,true,,2477,1547,15,30,94,2928,1
1537443286435,60,Add_ContactAction,200,OK,AddContact 1-4,text,true,,2477,1559,15,30,60,0,0
1537443283774,60,Add_ContactAction,200,"Number of samples in transaction : 2, number of failing samples : 0",AddContact 1-4,,true,,2477,1559,15,30,60,2960,0
1537443286400,96,Add_ContactAction,200,OK,AddContact 1-15,text,true,,2477,1157,15,30,96,0,1
1537443283772,96,Add_ContactAction,200,"Number of samples in transaction : 2, number of failing samples : 0",AddContact 1-15,,true,,2477,1157,15,30,96,2927,1
1537443286844,25,Add_ContactForm,200,OK,AddContact 1-6,text,true,,3239,474,15,30,25,0,0
1537443285870,25,Add_ContactForm,200,"Number of samples in transaction : 2, number of failing samples : 0",AddContact 1-6,,true,,3239,474,15,30,25,974,0
1537443286968,49,Add_ContactForm,200,OK,AddContact 1-8,text,true,,3239,474,15,30,48,0,0
1537443285990,49,Add_ContactForm,200,"Number of samples in transaction : 2, number of failing samples : 0",AddContact 1-8,,true,,3239,474,15,30,48,978,0
1537443286968,52,Add_ContactForm,200,OK,AddContact 1-7,text,true,,3239,474,15,30,52,0,0
1537443285994,52,Add_ContactForm,200,"Number of samples in transaction : 2, number of failing samples : 0",AddContact 1-7,,true,,3239,474,15,30,52,974,0
1537443287447,31,Add_ContactForm,200,OK,AddContact 1-9,text,true,,3239,474,15,30,31,0,0
1537443286487,31,Add_ContactForm,200,"Number of samples in transaction : 2, number of failing samples : 0",AddContact 1-9,,true,,3239,474,15,30,31,960,0
1537443287446,37,Add_ContactAction,200,OK,AddContact 1-5,text,true,,2477,1523,15,30,37,0,1
1537443284828,37,Add_ContactAction,200,"Number of samples in transaction : 2, number of failing samples : 0",AddContact 1-5,,true,,2477,1523,15,30,37,2917,1
1537443287491,23,Del_MainPage,200,OK,DeleteContact 2-2,text,true,,18812,446,15,30,22,0,0
1537443286522,23,Del_MainPage,200,"Number of samples in transaction : 2, number of failing samples : 0",DeleteContact 2-2,,true,,18812,446,15,30,22,976,0
1537443287659,43,Del_MainPage,200,OK,DeleteContact 2-14,text,true,,18812,446,15,30,42,0,1
1537443286675,43,Del_MainPage,200,"Number of samples in transaction : 2, number of failing samples : 0",DeleteContact 2-14,,true,,18812,446,15,30,42,987,1
1537443287721,14,Del_Contact,200,OK,DeleteContact 2-8,text,true,,2484,510,15,30,14,0,1
1537443284794,14,Del_Contact,200,"Number of samples in transaction : 2, number of failing samples : 0",DeleteContact 2-8,,true,,2484,510,15,30,14,2928,1
1537443287736,15,Del_Contact,200,OK,DeleteContact 2-9,text,true,,2484,510,15,30,15,0,1
1537443284798,15,Del_Contact,200,"Number of samples in transaction : 2, number of failing samples : 0",DeleteContact 2-9,,true,,2484,510,15,30,15,2938,1
1537443287845,26,Del_Contact,200,OK,DeleteContact 2-10,text,true,,2485,510,15,30,26,0,0
1537443284915,26,Del_Contact,200,"Number of samples in transaction : 2, number of failing samples : 0",DeleteContact 2-10,,true,,2485,510,15,30,26,2931,0
1537443288122,84,Del_MainPage,200,OK,DeleteContact 2-3,text,true,,18299,446,15,30,84,0,1
1537443287137,84,Del_MainPage,200,"Number of samples in transaction : 2, number of failing samples : 0",DeleteContact 2-3,,true,,18299,446,15,30,84,988,1
1537443288123,89,Del_MainPage,200,OK,DeleteContact 2-15,text,true,,18299,446,15,30,89,0,0
1537443287137,89,Del_MainPage,200,"Number of samples in transaction : 2, number of failing samples : 0",DeleteContact 2-15,,true,,18299,446,15,30,89,989,0
1537443288159,59,Del_Contact,200,OK,DeleteContact 2-11,text,true,,2484,510,15,30,59,0,1
1537443285208,59,Del_Contact,200,"Number of samples in transaction : 2, number of failing samples : 0",DeleteContact 2-11,,true,,2484,510,15,30,59,2951,1
1537443288322,78,Del_MainPage,200,OK,DeleteContact 2-1,text,true,,18142,446,15,30,77,0,1
1537443287337,78,Del_MainPage,200,"Number of samples in transaction : 2, number of failing samples : 0",DeleteContact 2-1,,true,,18142,446,15,30,77,987,1
1537443288357,50,Del_MainPage,200,OK,DeleteContact 2-4,text,true,,18142,446,15,30,49,0,1
1537443287352,50,Del_MainPage,200,"Number of samples in transaction : 2, number of failing samples : 0",DeleteContact 2-4,,true,,18142,446,15,30,49,1007,1
1537443288323,88,Del_Contact,200,OK,DeleteContact 2-12,text,true,,2484,510,15,30,88,0,0
1537443285396,88,Del_Contact,200,"Number of samples in transaction : 2, number of failing samples : 0",DeleteContact 2-12,,true,,2484,510,15,30,88,2927,0
1537443289091,34,Add_MainPage,200,OK,AddContact 1-10,text,true,,18005,446,15,30,33,0,1
1537443288106,34,Add_MainPage,200,"Number of samples in transaction : 2, number of failing samples : 0",AddContact 1-10,,true,,18005,446,15,30,33,986,1
1537443289276,23,Del_Contact,200,OK,DeleteContact 2-13,text,true,,2490,510,15,30,23,0,0
1537443286363,23,Del_Contact,200,"Number of samples in transaction : 2, number of failing samples : 0",DeleteContact 2-13,,true,,2490,510,15,30,23,2914,0
1537443289415,21,Add_MainPage,200,OK,AddContact 1-11,text,true,,18005,446,15,30,19,0,0
1537443288429,21,Add_MainPage,200,"Number of samples in transaction : 2, number of failing samples : 0",AddContact 1-11,,true,,18005,446,15,30,19,986,0
1537443289900,29,Add_ContactAction,200,OK,AddContact 1-6,text,true,,2477,1644,15,30,29,0,1
1537443286869,29,Add_ContactAction,200,"Number of samples in transaction : 2, number of failing samples : 0",AddContact 1-6,,true,,2477,1644,15,30,29,2929,1
1537443290055,38,Add_ContactAction,200,OK,AddContact 1-8,text,true,,2477,1265,15,30,38,0,0
1537443287017,38,Add_ContactAction,200,"Number of samples in transaction : 2, number of failing samples : 0",AddContact 1-8,,true,,2477,1265,15,30,38,2936,0
1537443290056,41,Add_ContactAction,200,OK,AddContact 1-7,text,true,,2477,1427,15,30,41,0,0
1537443287020,41,Add_ContactAction,200,"Number of samples in transaction : 2, number of failing samples : 0",AddContact 1-7,,true,,2477,1427,15,30,41,2934,0
1537443290209,23,Add_ContactForm,200,OK,AddContact 1-10,text,true,,3239,474,15,30,23,0,0
1537443289126,23,Add_ContactForm,200,"Number of samples in transaction : 2, number of failing samples : 0",AddContact 1-10,,true,,3239,474,15,30,23,982,0
1537443290517,39,Add_ContactForm,200,OK,AddContact 1-11,text,true,,3239,474,15,30,39,0,0
1537443289436,39,Add_ContactForm,200,"Number of samples in transaction : 2, number of failing samples : 0",AddContact 1-11,,true,,3239,474,15,30,39,979,0
1537443290517,44,Add_ContactAction,200,OK,AddContact 1-9,text,true,,2477,1728,15,30,44,0,1
1537443287478,44,Add_ContactAction,200,"Number of samples in transaction : 2, number of failing samples : 0",AddContact 1-9,,true,,2477,1728,15,30,44,2937,1
1537443290562,14,Del_ContactFrom,200,OK,DeleteContact 2-2,text,true,,3371,481,15,30,14,0,1
1537443287521,14,Del_ContactFrom,200,"Number of samples in transaction : 2, number of failing samples : 0",DeleteContact 2-2,,true,,3371,481,15,30,14,2939,1
1537443290732,30,Del_ContactFrom,200,OK,DeleteContact 2-14,text,true,,3341,481,15,30,29,0,0
1537443287705,30,Del_ContactFrom,200,"Number of samples in transaction : 2, number of failing samples : 0",DeleteContact 2-14,,true,,3341,481,15,30,29,2925,0
1537443290778,30,Del_MainPage,200,OK,DeleteContact 2-5,text,true,,18788,446,15,30,30,0,0
1537443289793,30,Del_MainPage,200,"Number of samples in transaction : 2, number of failing samples : 0",DeleteContact 2-5,,true,,18788,446,15,30,30,987,0
1537443290779,44,Del_MainPage,200,OK,DeleteContact 2-6,text,true,,18788,446,15,30,43,0,0
1537443289793,44,Del_MainPage,200,"Number of samples in transaction : 2, number of failing samples : 0",DeleteContact 2-6,,true,,18788,446,15,30,43,988,0
1537443291101,40,Del_MainPage,200,OK,DeleteContact 2-7,text,true,,18788,446,15,30,39,0,1
1537443290116,40,Del_MainPage,200,"Number of samples in transaction : 2, number of failing samples : 0",DeleteContact 2-7,,true,,18788,446,15,30,39,988,1
1537443291225,46,Del_ContactFrom,200,OK,DeleteContact 2-3,text,true,,3371,481,15,30,46,0,0
1537443288209,46,Del_ContactFrom,200,"Number of samples in transaction : 2, number of failing samples : 0",DeleteContact 2-3,,true,,3371,481,15,30,46,2915,0
1537443291253,21,Del_ContactFrom,200,OK,DeleteContact 2-15,text,true,,3349,481,15,30,20,0,0
1537443288215,21,Del_ContactFrom,200,"Number of samples in transaction : 2, number of failing samples : 0",DeleteContact 2-15,,true,,3349,481,15,30,20,2936,0
1537443291424,130,Del_ContactFrom,200,OK,DeleteContact 2-1,text,true,,3378,481,15,30,130,0,107
1537443288402,130,Del_ContactFrom,200,"Number of samples in transaction : 2, number of failing samples : 0",DeleteContact 2-1,,true,,3378,481,15,30,130,2921,107
1537443291478,78,Del_ContactFrom,200,OK,DeleteContact 2-4,text,true,,3332,481,15,30,78,0,54
1537443288409,78,Del_ContactFrom,200,"Number of samples in transaction : 2, number of failing samples : 0",DeleteContact 2-4,,true,,3332,481,15,30,78,2968,54
1537443292117,37,Add_MainPage,200,OK,AddContact 1-14,text,true,,18788,446,15,30,36,0,0
1537443291131,37,Add_MainPage,200,"Number of samples in transaction : 2, number of failing samples : 0",AddContact 1-14,,true,,18788,446,15,30,36,986,0
1537443292502,33,Add_MainPage,200,OK,AddContact 1-12,text,true,,18788,446,15,30,32,0,0
1537443291531,33,Add_MainPage,200,"Number of samples in transaction : 2, number of failing samples : 0",AddContact 1-12,,true,,18788,446,15,30,32,971,0
1537443292717,30,Add_MainPage,200,OK,AddContact 1-13,text,true,,18788,446,15,30,29,0,1
1537443291732,30,Add_MainPage,200,"Number of samples in transaction : 2, number of failing samples : 0",AddContact 1-13,,true,,18788,446,15,30,29,986,1
1537443293133,22,Add_ContactForm,200,OK,AddContact 1-14,text,true,,3239,474,15,30,22,0,0
1537443292154,22,Add_ContactForm,200,"Number of samples in transaction : 2, number of failing samples : 0",AddContact 1-14,,true,,3239,474,15,30,22,979,0
1537443293163,20,Add_ContactAction,200,OK,AddContact 1-10,text,true,,2477,1403,15,30,20,0,1
1537443290233,20,Add_ContactAction,200,"Number of samples in transaction : 2, number of failing samples : 0",AddContact 1-10,,true,,2477,1403,15,30,20,2930,1
1537443293271,35,Add_MainPage,200,OK,AddContact 1-1,text,true,,18975,446,15,30,34,0,1
1537443292286,35,Add_MainPage,200,"Number of samples in transaction : 2, number of failing samples : 0",AddContact 1-1,,true,,18975,446,15,30,34,985,1
1537443293487,25,Add_ContactAction,200,OK,AddContact 1-11,text,true,,2477,1265,15,30,25,0,0
1537443290556,25,Add_ContactAction,200,"Number of samples in transaction : 2, number of failing samples : 0",AddContact 1-11,,true,,2477,1265,15,30,25,2931,0
1537443293517,26,Add_ContactForm,200,OK,AddContact 1-12,text,true,,3239,474,15,30,26,0,0
1537443292535,26,Add_ContactForm,200,"Number of samples in transaction : 2, number of failing samples : 0",AddContact 1-12,,true,,3239,474,15,30,26,982,0
1537443293517,30,Del_Contact,200,OK,DeleteContact 2-2,text,true,,2484,510,15,30,30,0,1
1537443290576,30,Del_Contact,200,"Number of samples in transaction : 2, number of failing samples : 0",DeleteContact 2-2,,true,,2484,510,15,30,30,2941,1
1537443293687,101,Del_Contact,200,OK,DeleteContact 2-14,text,true,,2484,510,15,30,101,0,1
1537443290762,101,Del_Contact,200,"Number of samples in transaction : 2, number of failing samples : 0",DeleteContact 2-14,,true,,2484,510,15,30,101,2925,1
1537443293701,92,Del_MainPage,200,OK,DeleteContact 2-8,text,true,,18931,446,15,30,91,0,1
1537443292717,92,Del_MainPage,200,"Number of samples in transaction : 2, number of failing samples : 0",DeleteContact 2-8,,true,,18931,446,15,30,91,986,1
1537443293732,69,Add_ContactForm,200,OK,AddContact 1-13,text,true,,3239,474,15,30,69,0,0
1537443292748,69,Add_ContactForm,200,"Number of samples in transaction : 2, number of failing samples : 0",AddContact 1-13,,true,,3239,474,15,30,69,984,0
1537443293748,64,Del_ContactFrom,200,OK,DeleteContact 2-5,text,true,,3298,481,15,30,64,0,11
1537443290811,64,Del_ContactFrom,200,"Number of samples in transaction : 2, number of failing samples : 0",DeleteContact 2-5,,true,,3298,481,15,30,64,2937,11
1537443293768,46,Del_ContactFrom,200,OK,DeleteContact 2-6,text,true,,3309,481,15,30,46,0,1
1537443290825,46,Del_ContactFrom,200,"Number of samples in transaction : 2, number of failing samples : 0",DeleteContact 2-6,,true,,3309,481,15,30,46,2943,1
1537443293717,101,Del_MainPage,200,OK,DeleteContact 2-9,text,true,,18771,446,15,30,100,0,0
1537443292734,101,Del_MainPage,200,"Number of samples in transaction : 2, number of failing samples : 0",DeleteContact 2-9,,true,,18771,446,15,30,100,985,0
1537443293841,21,Del_MainPage,200,OK,DeleteContact 2-10,text,true,,18771,446,15,30,20,0,0
1537443292855,21,Del_MainPage,200,"Number of samples in transaction : 2, number of failing samples : 0",DeleteContact 2-10,,true,,18771,446,15,30,20,989,0
1537443294071,31,Del_ContactFrom,200,OK,DeleteContact 2-7,text,true,,3298,481,15,30,30,0,1
1537443291144,31,Del_ContactFrom,200,"Number of samples in transaction : 2, number of failing samples : 0",DeleteContact 2-7,,true,,3298,481,15,30,30,2927,1
1537443294210,41,Del_Contact,200,OK,DeleteContact 2-3,text,true,,2491,510,15,30,41,0,0
1537443291272,41,Del_Contact,200,"Number of samples in transaction : 2, number of failing samples : 0",DeleteContact 2-3,,true,,2491,510,15,30,41,2938,0
1537443294194,68,Del_MainPage,200,OK,DeleteContact 2-11,text,true,,18771,446,15,30,68,0,1
1537443293209,68,Del_MainPage,200,"Number of samples in transaction : 2, number of failing samples : 0",DeleteContact 2-11,,true,,18771,446,15,30,68,988,1
1537443294211,58,Del_Contact,200,OK,DeleteContact 2-15,text,true,,2484,510,15,30,58,0,0
1537443291274,58,Del_Contact,200,"Number of samples in transaction : 2, number of failing samples : 0",DeleteContact 2-15,,true,,2484,510,15,30,58,2937,0
1537443294286,13,Add_ContactForm,200,OK,AddContact 1-1,text,true,,3239,474,15,30,13,0,0
1537443293306,13,Add_ContactForm,200,"Number of samples in transaction : 2, number of failing samples : 0",AddContact 1-1,,true,,3239,474,15,30,13,980,0
1537443294379,132,Del_MainPage,200,OK,DeleteContact 2-12,text,true,,18592,446,15,30,131,0,0
1537443293393,132,Del_MainPage,200,"Number of samples in transaction : 2, number of failing samples : 0",DeleteContact 2-12,,true,,18592,446,15,30,131,992,0
1537443294394,127,Add_MainPage,200,OK,AddContact 1-3,text,true,,18592,446,15,30,126,0,1
1537443293410,127,Add_MainPage,200,"Number of samples in transaction : 2, number of failing samples : 0",AddContact 1-3,,true,,18592,446,15,30,126,984,1
1537443294410,115,Add_MainPage,200,OK,AddContact 1-2,text,true,,18592,446,15,30,114,0,0
1537443293424,115,Add_MainPage,200,"Number of samples in transaction : 2, number of failing samples : 0",AddContact 1-2,,true,,18592,446,15,30,114,986,0
1537443294425,103,Add_MainPage,200,OK,AddContact 1-15,text,true,,18592,446,15,30,102,0,0
1537443293440,103,Add_MainPage,200,"Number of samples in transaction : 2, number of failing samples : 0",AddContact 1-15,,true,,18592,446,15,30,102,986,0
1537443294429,103,Add_MainPage,200,OK,AddContact 1-4,text,true,,18592,446,15,30,103,0,0
1537443293440,103,Add_MainPage,200,"Number of samples in transaction : 2, number of failing samples : 0",AddContact 1-4,,true,,18592,446,15,30,103,989,0
1537443294599,51,Del_Contact,200,OK,DeleteContact 2-1,text,true,,2484,510,15,30,51,0,0
1537443291555,51,Del_Contact,200,"Number of samples in transaction : 2, number of failing samples : 0",DeleteContact 2-1,,true,,2484,510,15,30,51,2935,0
1537443294599,54,Del_Contact,200,OK,DeleteContact 2-4,text,true,,2484,510,15,30,54,0,1
1537443291557,54,Del_Contact,200,"Number of samples in transaction : 2, number of failing samples : 0",DeleteContact 2-4,,true,,2484,510,15,30,54,2934,1
1537443295381,38,Del_MainPage,200,OK,DeleteContact 2-13,text,true,,18247,446,15,30,37,0,0
1537443294286,38,Del_MainPage,200,"Number of samples in transaction : 2, number of failing samples : 0",DeleteContact 2-13,,true,,18247,446,15,30,37,988,0
1537443295519,42,Add_MainPage,200,OK,AddContact 1-5,text,true,,18247,446,15,30,38,0,17
1537443294429,42,Add_MainPage,200,"Number of samples in transaction : 2, number of failing samples : 0",AddContact 1-5,,true,,18247,446,15,30,38,981,17
1537443295611,71,Add_ContactForm,200,OK,AddContact 1-3,text,true,,3239,474,15,30,70,0,0
1537443294630,71,Add_ContactForm,200,"Number of samples in transaction : 2, number of failing samples : 0",AddContact 1-3,,true,,3239,474,15,30,70,981,0
1537443295612,72,Add_ContactForm,200,OK,AddContact 1-4,text,true,,3239,474,15,30,72,0,0
1537443294641,72,Add_ContactForm,200,"Number of samples in transaction : 2, number of failing samples : 0",AddContact 1-4,,true,,3239,474,15,30,72,971,0
1537443295612,73,Add_ContactForm,200,OK,AddContact 1-2,text,true,,3239,474,15,30,73,0,0
1537443294634,73,Add_ContactForm,200,"Number of samples in transaction : 2, number of failing samples : 0",AddContact 1-2,,true,,3239,474,15,30,73,979,0
1537443295612,75,Add_ContactForm,200,OK,AddContact 1-15,text,true,,3239,474,15,30,75,0,0
1537443294638,75,Add_ContactForm,200,"Number of samples in transaction : 2, number of failing samples : 0",AddContact 1-15,,true,,3239,474,15,30,75,975,0
1537443296212,18,Add_ContactAction,200,OK,AddContact 1-14,text,true,,2477,1505,15,30,18,0,0
1537443293155,18,Add_ContactAction,200,"Number of samples in transaction : 2, number of failing samples : 0",AddContact 1-14,,true,,2477,1505,15,30,18,2948,0
1537443296535,24,Add_ContactForm,200,OK,AddContact 1-5,text,true,,3239,474,15,30,24,0,0
1537443295561,24,Add_ContactForm,200,"Number of samples in transaction : 2, number of failing samples : 0",AddContact 1-5,,true,,3239,474,15,30,24,974,0
1537443296595,27,Add_ContactAction,200,OK,AddContact 1-12,text,true,,2477,1463,15,30,27,0,1
1537443293543,27,Add_ContactAction,200,"Number of samples in transaction : 2, number of failing samples : 0",AddContact 1-12,,true,,2477,1463,15,30,27,2944,1
1537443296858,91,Del_ContactFrom,200,OK,DeleteContact 2-8,text,true,,3322,481,15,30,90,0,1
1537443293795,91,Del_ContactFrom,200,"Number of samples in transaction : 2, number of failing samples : 0",DeleteContact 2-8,,true,,3322,481,15,30,90,2954,1
1537443296898,54,Del_ContactFrom,200,OK,DeleteContact 2-9,text,true,,3410,481,15,30,54,0,0
1537443293820,54,Del_ContactFrom,200,"Number of samples in transaction : 2, number of failing samples : 0",DeleteContact 2-9,,true,,3410,481,15,30,54,2969,0
1537443296926,29,Del_ContactFrom,200,OK,DeleteContact 2-10,text,true,,3390,481,15,30,28,0,1
1537443293865,29,Del_ContactFrom,200,"Number of samples in transaction : 2, number of failing samples : 0",DeleteContact 2-10,,true,,3390,481,15,30,28,2952,1
1537443296862,96,Add_ContactAction,200,OK,AddContact 1-13,text,true,,2477,1668,15,30,96,0,1
1537443293801,96,Add_ContactAction,200,"Number of samples in transaction : 2, number of failing samples : 0",AddContact 1-13,,true,,2477,1668,15,30,96,2952,1
1537443296897,62,Del_Contact,200,OK,DeleteContact 2-6,text,true,,2484,510,15,30,62,0,0
1537443293814,62,Del_Contact,200,"Number of samples in transaction : 2, number of failing samples : 0",DeleteContact 2-6,,true,,2484,510,15,30,62,2974,0
1537443296896,66,Del_Contact,200,OK,DeleteContact 2-5,text,true,,2484,510,15,30,66,0,1
1537443293812,66,Del_Contact,200,"Number of samples in transaction : 2, number of failing samples : 0",DeleteContact 2-5,,true,,2484,510,15,30,66,2975,1
1537443297150,43,Del_Contact,200,OK,DeleteContact 2-7,text,true,,2484,510,15,30,43,0,1
1537443294102,43,Del_Contact,200,"Number of samples in transaction : 2, number of failing samples : 0",DeleteContact 2-7,,true,,2484,510,15,30,43,2939,1
1537443297319,24,Del_ContactFrom,200,OK,DeleteContact 2-11,text,true,,3320,481,15,30,24,0,1
1537443294265,24,Del_ContactFrom,200,"Number of samples in transaction : 2, number of failing samples : 0",DeleteContact 2-11,,true,,3320,481,15,30,24,2945,1
1537443297351,21,Add_ContactAction,200,OK,AddContact 1-1,text,true,,2477,1595,15,30,21,0,1
1537443294299,21,Add_ContactAction,200,"Number of samples in transaction : 2, number of failing samples : 0",AddContact 1-1,,true,,2477,1595,15,30,21,2943,1
1537443297581,24,Del_ContactFrom,200,OK,DeleteContact 2-12,text,true,,3334,481,15,30,24,0,1
1537443294626,24,Del_ContactFrom,200,"Number of samples in transaction : 2, number of failing samples : 0",DeleteContact 2-12,,true,,3334,481,15,30,24,2955,1
1537443297874,35,Add_MainPage,200,OK,AddContact 1-6,text,true,,18669,446,15,30,34,0,1
1537443296888,35,Add_MainPage,200,"Number of samples in transaction : 2, number of failing samples : 0",AddContact 1-6,,true,,18669,446,15,30,34,986,1
1537443298042,58,Add_MainPage,200,OK,AddContact 1-8,text,true,,18669,446,15,30,57,0,1
1537443297058,58,Add_MainPage,200,"Number of samples in transaction : 2, number of failing samples : 0",AddContact 1-8,,true,,18669,446,15,30,57,985,1
1537443298043,72,Add_MainPage,200,OK,AddContact 1-7,text,true,,18669,446,15,30,71,0,1
1537443297058,72,Add_MainPage,200,"Number of samples in transaction : 2, number of failing samples : 0",AddContact 1-7,,true,,18669,446,15,30,71,985,1
1537443298366,30,Del_ContactFrom,200,OK,DeleteContact 2-13,text,true,,3423,481,15,30,30,0,1
1537443295421,30,Del_ContactFrom,200,"Number of samples in transaction : 2, number of failing samples : 0",DeleteContact 2-13,,true,,3423,481,15,30,30,2945,1
1537443298504,21,Add_MainPage,200,OK,AddContact 1-9,text,true,,18669,446,15,30,20,0,1
1537443297519,21,Add_MainPage,200,"Number of samples in transaction : 2, number of failing samples : 0",AddContact 1-9,,true,,18669,446,15,30,20,986,1
1537443298628,84,Add_ContactAction,200,OK,AddContact 1-3,text,true,,2477,1559,15,30,84,0,1
1537443295682,84,Add_ContactAction,200,"Number of samples in transaction : 2, number of failing samples : 0",AddContact 1-3,,true,,2477,1559,15,30,84,2947,1
1537443298642,74,Add_ContactAction,200,OK,AddContact 1-15,text,true,,2477,1223,15,30,74,0,1
1537443295688,74,Add_ContactAction,200,"Number of samples in transaction : 2, number of failing samples : 0",AddContact 1-15,,true,,2477,1223,15,30,74,2954,1
1537443298638,82,Add_ContactAction,200,OK,AddContact 1-4,text,true,,2477,1620,15,30,82,0,1
1537443295684,82,Add_ContactAction,200,"Number of samples in transaction : 2, number of failing samples : 0",AddContact 1-4,,true,,2477,1620,15,30,82,2955,1
1537443298637,87,Add_ContactAction,200,OK,AddContact 1-2,text,true,,2477,1121,15,30,86,0,0
1537443295686,87,Add_ContactAction,200,"Number of samples in transaction : 2, number of failing samples : 0",AddContact 1-2,,true,,2477,1121,15,30,86,2951,0
1537443298889,28,Add_ContactForm,200,OK,AddContact 1-6,text,true,,3239,474,15,30,28,0,0
1537443297909,28,Add_ContactForm,200,"Number of samples in transaction : 2, number of failing samples : 0",AddContact 1-6,,true,,3239,474,15,30,28,981,0
1537443299074,37,Add_ContactForm,200,OK,AddContact 1-8,text,true,,3239,474,15,30,37,0,0
1537443298101,37,Add_ContactForm,200,"Number of samples in transaction : 2, number of failing samples : 0",AddContact 1-8,,true,,3239,474,15,30,37,973,0
1537443299089,24,Add_ContactForm,200,OK,AddContact 1-7,text,true,,3239,474,15,30,24,0,0
1537443298115,24,Add_ContactForm,200,"Number of samples in transaction : 2, number of failing samples : 0",AddContact 1-7,,true,,3239,474,15,30,24,974,0
1537443299609,22,Add_ContactForm,200,OK,AddContact 1-9,text,true,,3239,474,15,30,22,0,0
1537443298526,22,Add_ContactForm,200,"Number of samples in transaction : 2, number of failing samples : 0",AddContact 1-9,,true,,3239,474,15,30,22,981,0
1537443299591,44,Add_ContactAction,200,OK,AddContact 1-5,text,true,,2477,1547,15,30,44,0,1
1537443296559,44,Add_ContactAction,200,"Number of samples in transaction : 2, number of failing samples : 0",AddContact 1-5,,true,,2477,1547,15,30,44,2930,1
1537443299638,22,Del_MainPage,200,OK,DeleteContact 2-2,text,true,,19567,446,15,30,21,0,0
1537443298551,22,Del_MainPage,200,"Number of samples in transaction : 2, number of failing samples : 0",DeleteContact 2-2,,true,,19567,446,15,30,21,987,0
1537443299884,34,Del_MainPage,200,OK,DeleteContact 2-14,text,true,,19567,446,15,30,33,0,0
1537443298796,34,Del_MainPage,200,"Number of samples in transaction : 2, number of failing samples : 0",DeleteContact 2-14,,true,,19567,446,15,30,33,990,0
1537443299976,55,Del_Contact,200,OK,DeleteContact 2-8,text,true,,2484,510,15,30,55,0,1
1537443296949,55,Del_Contact,200,"Number of samples in transaction : 2, number of failing samples : 0",DeleteContact 2-8,,true,,2484,510,15,30,55,2926,1
1537443299995,40,Del_Contact,200,OK,DeleteContact 2-10,text,true,,2484,510,15,30,40,0,0
1537443296955,40,Del_Contact,200,"Number of samples in transaction : 2, number of failing samples : 0",DeleteContact 2-10,,true,,2484,510,15,30,40,2938,0
1537443299994,50,Del_Contact,200,OK,DeleteContact 2-9,text,true,,2484,510,15,30,49,0,1
1537443296952,50,Del_Contact,200,"Number of samples in transaction : 2, number of failing samples : 0",DeleteContact 2-9,,true,,2484,510,15,30,49,2940,1
1537443300346,75,Del_MainPage,200,OK,DeleteContact 2-3,text,true,,18954,446,15,30,75,0,0
1537443299258,75,Del_MainPage,200,"Number of samples in transaction : 2, number of failing samples : 0",DeleteContact 2-3,,true,,18954,446,15,30,75,989,0
1537443300360,67,Del_MainPage,200,OK,DeleteContact 2-15,text,true,,18954,446,15,30,67,0,1
1537443299274,67,Del_MainPage,200,"Number of samples in transaction : 2, number of failing samples : 0",DeleteContact 2-15,,true,,18954,446,15,30,67,987,1
1537443300376,57,Del_Contact,200,OK,DeleteContact 2-11,text,true,,2484,510,15,30,57,0,1
1537443297343,57,Del_Contact,200,"Number of samples in transaction : 2, number of failing samples : 0",DeleteContact 2-11,,true,,2484,510,15,30,57,2931,1
1537443300637,44,Del_Contact,200,OK,DeleteContact 2-12,text,true,,2484,510,15,30,44,0,1
1537443297605,44,Del_Contact,200,"Number of samples in transaction : 2, number of failing samples : 0",DeleteContact 2-12,,true,,2484,510,15,30,44,2931,1
1537443300638,63,Del_MainPage,200,OK,DeleteContact 2-4,text,true,,18696,446,15,30,62,0,1
1537443299656,63,Del_MainPage,200,"Number of samples in transaction : 2, number of failing samples : 0",DeleteContact 2-4,,true,,18696,446,15,30,62,984,1
1537443300639,67,Del_MainPage,200,OK,DeleteContact 2-1,text,true,,18696,446,15,30,66,0,0
1537443299656,67,Del_MainPage,200,"Number of samples in transaction : 2, number of failing samples : 0",DeleteContact 2-1,,true,,18696,446,15,30,66,986,0
1537443301238,41,Add_MainPage,200,OK,AddContact 1-10,text,true,,18696,446,15,30,39,0,1
1537443300253,41,Add_MainPage,200,"Number of samples in transaction : 2, number of failing samples : 0",AddContact 1-10,,true,,18696,446,15,30,39,985,1
1537443301422,30,Del_Contact,200,OK,DeleteContact 2-13,text,true,,2484,510,15,30,30,0,1
1537443298396,30,Del_Contact,200,"Number of samples in transaction : 2, number of failing samples : 0",DeleteContact 2-13,,true,,2484,510,15,30,30,2924,1
1537443301561,38,Add_MainPage,200,OK,AddContact 1-11,text,true,,18468,446,15,30,23,0,0
1537443300576,38,Add_MainPage,200,"Number of samples in transaction : 2, number of failing samples : 0",AddContact 1-11,,true,,18468,446,15,30,23,985,0
1537443301961,42,Add_ContactAction,200,OK,AddContact 1-6,text,true,,2477,1373,15,30,42,0,21
1537443298918,42,Add_ContactAction,200,"Number of samples in transaction : 2, number of failing samples : 0",AddContact 1-6,,true,,2477,1373,15,30,42,2941,21
1537443302161,47,Add_ContactAction,200,OK,AddContact 1-8,text,true,,2477,1091,15,30,47,0,1
1537443299111,47,Add_ContactAction,200,"Number of samples in transaction : 2, number of failing samples : 0",AddContact 1-8,,true,,2477,1091,15,30,47,2948,1
1537443302163,49,Add_ContactAction,200,OK,AddContact 1-7,text,true,,2477,1541,15,30,48,0,0
1537443299113,49,Add_ContactAction,200,"Number of samples in transaction : 2, number of failing samples : 0",AddContact 1-7,,true,,2477,1541,15,30,48,2948,0
1537443302253,24,Add_ContactForm,200,OK,AddContact 1-10,text,true,,3239,474,15,30,24,0,0
1537443301279,24,Add_ContactForm,200,"Number of samples in transaction : 2, number of failing samples : 0",AddContact 1-10,,true,,3239,474,15,30,24,974,0
1537443302577,48,Add_ContactForm,200,OK,AddContact 1-11,text,true,,3239,474,15,30,48,0,0
1537443301599,48,Add_ContactForm,200,"Number of samples in transaction : 2, number of failing samples : 0",AddContact 1-11,,true,,3239,474,15,30,48,978,0
1537443302577,53,Add_ContactAction,200,OK,AddContact 1-9,text,true,,2477,1253,15,30,53,0,1
1537443299631,53,Add_ContactAction,200,"Number of samples in transaction : 2, number of failing samples : 0",AddContact 1-9,,true,,2477,1253,15,30,53,2946,1
1537443302611,22,Del_ContactFrom,200,OK,DeleteContact 2-2,text,true,,3322,481,15,30,22,0,0
1537443299662,22,Del_ContactFrom,200,"Number of samples in transaction : 2, number of failing samples : 0",DeleteContact 2-2,,true,,3322,481,15,30,22,2949,0
1537443302854,24,Del_ContactFrom,200,OK,DeleteContact 2-14,text,true,,3393,481,15,30,24,0,0
1537443299922,24,Del_ContactFrom,200,"Number of samples in transaction : 2, number of failing samples : 0",DeleteContact 2-14,,true,,3393,481,15,30,24,2933,0
1537443302962,54,Del_MainPage,200,OK,DeleteContact 2-6,text,true,,18984,446,15,30,54,0,1
1537443301983,54,Del_MainPage,200,"Number of samples in transaction : 2, number of failing samples : 0",DeleteContact 2-6,,true,,18984,446,15,30,54,982,1
1537443302963,59,Del_MainPage,200,OK,DeleteContact 2-5,text,true,,18984,446,15,30,58,0,1
1537443301983,59,Del_MainPage,200,"Number of samples in transaction : 2, number of failing samples : 0",DeleteContact 2-5,,true,,18984,446,15,30,58,983,1
1537443303176,35,Del_MainPage,200,OK,DeleteContact 2-7,text,true,,18984,446,15,30,34,0,1
1537443302197,35,Del_MainPage,200,"Number of samples in transaction : 2, number of failing samples : 0",DeleteContact 2-7,,true,,18984,446,15,30,34,982,1
1537443303362,47,Del_ContactFrom,200,OK,DeleteContact 2-3,text,true,,3404,481,15,30,47,0,0
1537443300424,47,Del_ContactFrom,200,"Number of samples in transaction : 2, number of failing samples : 0",DeleteContact 2-3,,true,,3404,481,15,30,47,2938,0
1537443303363,48,Del_ContactFrom,200,OK,DeleteContact 2-15,text,true,,3375,481,15,30,48,0,0
1537443300430,48,Del_ContactFrom,200,"Number of samples in transaction : 2, number of failing samples : 0",DeleteContact 2-15,,true,,3375,481,15,30,48,2934,0
1537443303639,42,Del_ContactFrom,200,OK,DeleteContact 2-4,text,true,,3375,481,15,30,42,0,1
1537443300703,42,Del_ContactFrom,200,"Number of samples in transaction : 2, number of failing samples : 0",DeleteContact 2-4,,true,,3375,481,15,30,42,2936,1
1537443303640,43,Del_ContactFrom,200,OK,DeleteContact 2-1,text,true,,3381,481,15,30,43,0,0
1537443300709,43,Del_ContactFrom,200,"Number of samples in transaction : 2, number of failing samples : 0",DeleteContact 2-1,,true,,3381,481,15,30,43,2931,0
1537443304177,86,Add_MainPage,200,OK,AddContact 1-14,text,true,,18984,446,15,30,80,0,0
1537443303192,86,Add_MainPage,200,"Number of samples in transaction : 2, number of failing samples : 0",AddContact 1-14,,true,,18984,446,15,30,80,985,0
1537443304669,37,Add_MainPage,200,OK,AddContact 1-12,text,true,,18984,446,15,30,36,0,1
1537443303577,37,Add_MainPage,200,"Number of samples in transaction : 2, number of failing samples : 0",AddContact 1-12,,true,,18984,446,15,30,36,985,1
1537443304992,35,Add_MainPage,200,OK,AddContact 1-13,text,true,,18984,446,15,30,34,0,1
1537443303900,35,Add_MainPage,200,"Number of samples in transaction : 2, number of failing samples : 0",AddContact 1-13,,true,,18984,446,15,30,34,986,1
1537443305315,29,Add_ContactAction,200,OK,AddContact 1-10,text,true,,2477,1698,15,30,29,0,1
1537443302277,29,Add_ContactAction,200,"Number of samples in transaction : 2, number of failing samples : 0",AddContact 1-10,,true,,2477,1698,15,30,29,2931,1
1537443305346,12,Add_ContactForm,200,OK,AddContact 1-14,text,true,,3239,474,15,30,12,0,0
1537443304263,12,Add_ContactForm,200,"Number of samples in transaction : 2, number of failing samples : 0",AddContact 1-14,,true,,3239,474,15,30,12,976,0
1537443305408,35,Add_MainPage,200,OK,AddContact 1-1,text,true,,19239,446,15,30,34,0,1
1537443304315,35,Add_MainPage,200,"Number of samples in transaction : 2, number of failing samples : 0",AddContact 1-1,,true,,19239,446,15,30,34,986,1
1537443305685,60,Add_ContactForm,200,OK,AddContact 1-12,text,true,,3239,474,15,30,60,0,0
1537443304706,60,Add_ContactForm,200,"Number of samples in transaction : 2, number of failing samples : 0",AddContact 1-12,,true,,3239,474,15,30,60,979,0
1537443305670,83,Add_ContactAction,200,OK,AddContact 1-11,text,true,,2477,1577,15,30,83,0,3
1537443302625,83,Add_ContactAction,200,"Number of samples in transaction : 2, number of failing samples : 0",AddContact 1-11,,true,,2477,1577,15,30,83,2938,3
1537443305673,92,Del_Contact,200,OK,DeleteContact 2-2,text,true,,2484,510,15,30,92,0,1
1537443302633,92,Del_Contact,200,"Number of samples in transaction : 2, number of failing samples : 0",DeleteContact 2-2,,true,,2484,510,15,30,92,2933,1
1537443305931,27,Del_Contact,200,OK,DeleteContact 2-14,text,true,,2483,510,15,30,26,0,1
1537443302879,27,Del_Contact,200,"Number of samples in transaction : 2, number of failing samples : 0",DeleteContact 2-14,,true,,2483,510,15,30,26,2945,1
1537443306007,75,Add_ContactForm,200,OK,AddContact 1-13,text,true,,3239,474,15,30,75,0,0
1537443305028,75,Add_ContactForm,200,"Number of samples in transaction : 2, number of failing samples : 0",AddContact 1-13,,true,,3239,474,15,30,75,979,0
1537443306023,79,Del_MainPage,200,OK,DeleteContact 2-8,text,true,,19106,446,15,30,78,0,0
1537443305039,79,Del_MainPage,200,"Number of samples in transaction : 2, number of failing samples : 0",DeleteContact 2-8,,true,,19106,446,15,30,78,987,0
1537443306069,59,Del_ContactFrom,200,OK,DeleteContact 2-6,text,true,,3381,481,15,30,59,0,0
1537443303019,59,Del_ContactFrom,200,"Number of samples in transaction : 2, number of failing samples : 0",DeleteContact 2-6,,true,,3381,481,15,30,59,2943,0
1537443306090,40,Del_ContactFrom,200,OK,DeleteContact 2-5,text,true,,3349,481,15,30,40,0,0
1537443303025,40,Del_ContactFrom,200,"Number of samples in transaction : 2, number of failing samples : 0",DeleteContact 2-5,,true,,3349,481,15,30,40,2958,0
1537443306027,107,Del_MainPage,200,OK,DeleteContact 2-10,text,true,,19106,446,15,30,106,0,1
1537443305039,107,Del_MainPage,200,"Number of samples in transaction : 2, number of failing samples : 0",DeleteContact 2-10,,true,,19106,446,15,30,106,990,1
1537443306045,95,Del_MainPage,200,OK,DeleteContact 2-9,text,true,,19106,446,15,30,94,0,0
1537443305053,95,Del_MainPage,200,"Number of samples in transaction : 2, number of failing samples : 0",DeleteContact 2-9,,true,,19106,446,15,30,94,994,0
1537443306269,31,Del_ContactFrom,200,OK,DeleteContact 2-7,text,true,,3345,481,15,30,31,0,1
1537443303214,31,Del_ContactFrom,200,"Number of samples in transaction : 2, number of failing samples : 0",DeleteContact 2-7,,true,,3345,481,15,30,31,2948,1
1537443306423,45,Add_ContactForm,200,OK,AddContact 1-1,text,true,,3239,474,15,30,45,0,0
1537443305443,45,Add_ContactForm,200,"Number of samples in transaction : 2, number of failing samples : 0",AddContact 1-1,,true,,3239,474,15,30,45,980,0
1537443306424,74,Del_MainPage,200,OK,DeleteContact 2-11,text,true,,19106,446,15,30,73,0,0
1537443305439,74,Del_MainPage,200,"Number of samples in transaction : 2, number of failing samples : 0",DeleteContact 2-11,,true,,19106,446,15,30,73,987,0
1537443306469,39,Del_Contact,200,OK,DeleteContact 2-15,text,true,,2484,510,15,30,39,0,1
1537443303412,39,Del_Contact,200,"Number of samples in transaction : 2, number of failing samples : 0",DeleteContact 2-15,,true,,2484,510,15,30,39,2950,1
1537443306469,42,Del_Contact,200,OK,DeleteContact 2-3,text,true,,2484,510,15,30,42,0,0
1537443303409,42,Del_Contact,200,"Number of samples in transaction : 2, number of failing samples : 0",DeleteContact 2-3,,true,,2484,510,15,30,42,2954,0
1537443306685,32,Del_MainPage,200,OK,DeleteContact 2-12,text,true,,18735,446,15,30,31,0,0
1537443305710,32,Del_MainPage,200,"Number of samples in transaction : 2, number of failing samples : 0",DeleteContact 2-12,,true,,18735,446,15,30,31,978,0
1537443306731,70,Del_Contact,200,OK,DeleteContact 2-4,text,true,,2490,510,15,30,70,0,1
1537443303681,70,Del_Contact,200,"Number of samples in transaction : 2, number of failing samples : 0",DeleteContact 2-4,,true,,2490,510,15,30,70,2943,1
1537443306746,88,Add_MainPage,200,OK,AddContact 1-3,text,true,,18735,446,15,30,87,0,1
1537443305762,88,Add_MainPage,200,"Number of samples in transaction : 2, number of failing samples : 0",AddContact 1-3,,true,,18735,446,15,30,87,984,1
1537443306732,104,Del_Contact,200,OK,DeleteContact 2-1,text,true,,2484,510,15,30,104,0,0
1537443303683,104,Del_Contact,200,"Number of samples in transaction : 2, number of failing samples : 0",DeleteContact 2-1,,true,,2484,510,15,30,104,2942,0
1537443306747,93,Add_MainPage,200,OK,AddContact 1-15,text,true,,18735,446,15,30,92,0,0
1537443305762,93,Add_MainPage,200,"Number of samples in transaction : 2, number of failing samples : 0",AddContact 1-15,,true,,18735,446,15,30,92,985,0
1537443306762,86,Add_MainPage,200,OK,AddContact 1-2,text,true,,18735,446,15,30,85,0,0
1537443305777,86,Add_MainPage,200,"Number of samples in transaction : 2, number of failing samples : 0",AddContact 1-2,,true,,18735,446,15,30,85,985,0
1537443306771,81,Add_MainPage,200,OK,AddContact 1-4,text,true,,18735,446,15,30,80,0,0
1537443305777,81,Add_MainPage,200,"Number of samples in transaction : 2, number of failing samples : 0",AddContact 1-4,,true,,18735,446,15,30,80,994,0
1537443307439,38,Del_MainPage,200,OK,DeleteContact 2-13,text,true,,18541,446,15,30,37,0,0
1537443306458,38,Del_MainPage,200,"Number of samples in transaction : 2, number of failing samples : 0",DeleteContact 2-13,,true,,18541,446,15,30,37,992,0
1537443307577,23,Add_MainPage,200,OK,AddContact 1-5,text,true,,18541,446,15,30,22,0,0
1537443306592,23,Add_MainPage,200,"Number of samples in transaction : 2, number of failing samples : 0",AddContact 1-5,,true,,18541,446,15,30,22,986,0
1537443307809,64,Add_ContactForm,200,OK,AddContact 1-3,text,true,,3239,474,15,30,64,0,0
1537443306834,64,Add_ContactForm,200,"Number of samples in transaction : 2, number of failing samples : 0",AddContact 1-3,,true,,3239,474,15,30,64,975,0
1537443307824,51,Add_ContactForm,200,OK,AddContact 1-15,text,true,,3239,474,15,30,50,0,0
1537443306840,51,Add_ContactForm,200,"Number of samples in transaction : 2, number of failing samples : 0",AddContact 1-15,,true,,3239,474,15,30,50,984,0
1537443307824,52,Add_ContactForm,200,OK,AddContact 1-2,text,true,,3239,474,15,30,52,0,0
1537443306848,52,Add_ContactForm,200,"Number of samples in transaction : 2, number of failing samples : 0",AddContact 1-2,,true,,3239,474,15,30,52,977,0
1537443307827,51,Add_ContactForm,200,OK,AddContact 1-4,text,true,,3239,474,15,30,51,0,0
1537443306852,51,Add_ContactForm,200,"Number of samples in transaction : 2, number of failing samples : 0",AddContact 1-4,,true,,3239,474,15,30,51,979,0
1537443308285,35,Add_ContactAction,200,OK,AddContact 1-14,text,true,,2477,1313,15,30,35,0,1
1537443305358,35,Add_ContactAction,200,"Number of samples in transaction : 2, number of failing samples : 0",AddContact 1-14,,true,,2477,1313,15,30,35,2927,1
1537443308577,22,Add_ContactForm,200,OK,AddContact 1-5,text,true,,3239,474,15,30,22,0,0
1537443307601,22,Add_ContactForm,200,"Number of samples in transaction : 2, number of failing samples : 0",AddContact 1-5,,true,,3239,474,15,30,22,977,0
1537443308670,28,Add_ContactAction,200,OK,AddContact 1-12,text,true,,2477,1704,15,30,27,0,1
1537443305745,28,Add_ContactAction,200,"Number of samples in transaction : 2, number of failing samples : 0",AddContact 1-12,,true,,2477,1704,15,30,27,2925,1
1537443309008,27,Add_ContactAction,200,OK,AddContact 1-13,text,true,,2477,1103,15,30,27,0,1
1537443306082,27,Add_ContactAction,200,"Number of samples in transaction : 2, number of failing samples : 0",AddContact 1-13,,true,,2477,1103,15,30,27,2926,1
1537443309039,70,Del_ContactFrom,200,OK,DeleteContact 2-8,text,true,,3397,481,15,30,70,0,1
1537443306105,70,Del_ContactFrom,200,"Number of samples in transaction : 2, number of failing samples : 0",DeleteContact 2-8,,true,,3397,481,15,30,70,2935,1
1537443309073,39,Del_ContactFrom,200,OK,DeleteContact 2-10,text,true,,3274,481,15,30,39,0,0
1537443306136,39,Del_ContactFrom,200,"Number of samples in transaction : 2, number of failing samples : 0",DeleteContact 2-10,,true,,3274,481,15,30,39,2937,0
1537443309073,41,Del_ContactFrom,200,OK,DeleteContact 2-9,text,true,,3319,481,15,30,41,0,0
1537443306142,41,Del_ContactFrom,200,"Number of samples in transaction : 2, number of failing samples : 0",DeleteContact 2-9,,true,,3319,481,15,30,41,2931,0
1537443309057,61,Del_Contact,200,OK,DeleteContact 2-6,text,true,,2483,510,15,30,61,0,1
1537443306128,61,Del_Contact,200,"Number of samples in transaction : 2, number of failing samples : 0",DeleteContact 2-6,,true,,2483,510,15,30,61,2929,1
1537443309072,49,Del_Contact,200,OK,DeleteContact 2-5,text,true,,2484,510,15,30,49,0,1
1537443306130,49,Del_Contact,200,"Number of samples in transaction : 2, number of failing samples : 0",DeleteContact 2-5,,true,,2484,510,15,30,49,2942,1
1537443309239,34,Del_Contact,200,OK,DeleteContact 2-7,text,true,,2484,510,15,30,33,0,1
1537443306300,34,Del_Contact,200,"Number of samples in transaction : 2, number of failing samples : 0",DeleteContact 2-7,,true,,2484,510,15,30,33,2939,1
1537443309393,27,Add_ContactAction,200,OK,AddContact 1-1,text,true,,2477,1475,15,30,27,0,1
1537443306468,27,Add_ContactAction,200,"Number of samples in transaction : 2, number of failing samples : 0",AddContact 1-1,,true,,2477,1475,15,30,27,2925,1
1537443309423,13,Del_ContactFrom,200,OK,DeleteContact 2-11,text,true,,3369,481,15,30,13,0,1
1537443306500,13,Del_ContactFrom,200,"Number of samples in transaction : 2, number of failing samples : 0",DeleteContact 2-11,,true,,3369,481,15,30,13,2924,1
1537443309288,26,Del_ContactFrom,200,OK,DeleteContact 2-12,text,true,,3324,481,15,30,26,0,1
1537443306720,26,Del_ContactFrom,200,"Number of samples in transaction : 2, number of failing samples : 0",DeleteContact 2-12,,true,,3324,481,15,30,26,2934,1
1537443309567,32,Add_MainPage,200,OK,AddContact 1-6,text,true,,18658,446,15,30,31,0,0
1537443308962,32,Add_MainPage,200,"Number of samples in transaction : 2, number of failing samples : 0",AddContact 1-6,,true,,18658,446,15,30,31,971,0
1537443309781,59,Add_MainPage,200,OK,AddContact 1-8,text,true,,18658,446,15,30,58,0,1
1537443309178,59,Add_MainPage,200,"Number of samples in transaction : 2, number of failing samples : 0",AddContact 1-8,,true,,18658,446,15,30,58,969,1
1537443309782,62,Add_MainPage,200,OK,AddContact 1-7,text,true,,18658,446,15,30,61,0,1
1537443309178,62,Add_MainPage,200,"Number of samples in transaction : 2, number of failing samples : 0",AddContact 1-7,,true,,18658,446,15,30,61,970,1
1537443310042,13,Del_ContactFrom,200,OK,DeleteContact 2-13,text,true,,3280,481,15,30,13,0,0
1537443307488,13,Del_ContactFrom,200,"Number of samples in transaction : 2, number of failing samples : 0",DeleteContact 2-13,,true,,3280,481,15,30,13,2920,0
1537443310197,24,Add_MainPage,200,OK,AddContact 1-9,text,true,,18658,446,15,30,23,0,0
1537443309227,24,Add_MainPage,200,"Number of samples in transaction : 2, number of failing samples : 0",AddContact 1-9,,true,,18658,446,15,30,23,970,0
1537443310428,67,Add_ContactAction,200,OK,AddContact 1-3,text,true,,2477,1205,15,30,67,0,0
1537443307873,67,Add_ContactAction,200,"Number of samples in transaction : 2, number of failing samples : 0",AddContact 1-3,,true,,2477,1205,15,30,67,2921,0
1537443310429,82,Add_ContactAction,200,OK,AddContact 1-15,text,true,,2477,1674,15,30,82,0,0
1537443307875,82,Add_ContactAction,200,"Number of samples in transaction : 2, number of failing samples : 0",AddContact 1-15,,true,,2477,1674,15,30,82,2920,0
1537443310430,85,Add_ContactAction,200,OK,AddContact 1-4,text,true,,2477,1217,15,30,85,0,1
1537443307882,85,Add_ContactAction,200,"Number of samples in transaction : 2, number of failing samples : 0",AddContact 1-4,,true,,2477,1217,15,30,85,2914,1
1537443310430,87,Add_ContactAction,200,OK,AddContact 1-2,text,true,,2477,1211,15,30,87,0,0
1537443307877,87,Add_ContactAction,200,"Number of samples in transaction : 2, number of failing samples : 0",AddContact 1-2,,true,,2477,1211,15,30,87,2919,0
1537443310566,25,Add_ContactForm,200,OK,AddContact 1-6,text,true,,3239,474,15,30,25,0,0
1537443309599,25,Add_ContactForm,200,"Number of samples in transaction : 2, number of failing samples : 0",AddContact 1-6,,true,,3239,474,15,30,25,968,0
1537443310797,48,Add_ContactForm,200,OK,AddContact 1-8,text,true,,3239,474,15,30,48,0,0
1537443309840,48,Add_ContactForm,200,"Number of samples in transaction : 2, number of failing samples : 0",AddContact 1-8,,true,,3239,474,15,30,48,957,0
1537443310815,41,Add_ContactForm,200,OK,AddContact 1-7,text,true,,3239,474,15,30,41,0,0
1537443309844,41,Add_ContactForm,200,"Number of samples in transaction : 2, number of failing samples : 0",AddContact 1-7,,true,,3239,474,15,30,41,971,0
1537443311151,43,Add_ContactAction,200,OK,AddContact 1-5,text,true,,2477,1337,15,30,43,0,5
1537443308600,43,Add_ContactAction,200,"Number of samples in transaction : 2, number of failing samples : 0",AddContact 1-5,,true,,2477,1337,15,30,43,2917,5
1537443311181,17,Add_ContactForm,200,OK,AddContact 1-9,text,true,,3239,474,15,30,17,0,0
1537443310221,17,Add_ContactForm,200,"Number of samples in transaction : 2, number of failing samples : 0",AddContact 1-9,,true,,3239,474,15,30,17,960,0
1537443311258,43,Del_MainPage,200,OK,DeleteContact 2-2,text,true,,19371,446,15,30,41,0,1
1537443310289,43,Del_MainPage,200,"Number of samples in transaction : 2, number of failing samples : 0",DeleteContact 2-2,,true,,19371,446,15,30,41,974,1
1537443311444,42,Del_MainPage,200,OK,DeleteContact 2-14,text,true,,19371,446,15,30,40,0,1
1537443310480,42,Del_MainPage,200,"Number of samples in transaction : 2, number of failing samples : 0",DeleteContact 2-14,,true,,19371,446,15,30,40,967,1
1537443311643,57,Del_Contact,200,OK,DeleteContact 2-8,text,true,,2484,510,15,30,57,0,1
1537443309110,57,Del_Contact,200,"Number of samples in transaction : 2, number of failing samples : 0",DeleteContact 2-8,,true,,2484,510,15,30,57,2899,1
1537443311644,196,Del_Contact,200,OK,DeleteContact 2-10,text,true,,2484,510,15,30,196,0,1
1537443309112,196,Del_Contact,200,"Number of samples in transaction : 2, number of failing samples : 0",DeleteContact 2-10,,true,,2484,510,15,30,196,2898,1
1537443311645,211,Del_Contact,200,OK,DeleteContact 2-9,text,true,,2484,510,15,30,211,0,0
1537443309114,211,Del_Contact,200,"Number of samples in transaction : 2, number of failing samples : 0",DeleteContact 2-9,,true,,2484,510,15,30,211,2898,0
1537443311985,60,Del_MainPage,200,OK,DeleteContact 2-3,text,true,,18902,446,15,30,60,0,1
1537443311012,60,Del_MainPage,200,"Number of samples in transaction : 2, number of failing samples : 0",DeleteContact 2-3,,true,,18902,446,15,30,60,977,1
1537443311986,67,Del_MainPage,200,OK,DeleteContact 2-15,text,true,,18902,446,15,30,67,0,0
1537443311012,67,Del_MainPage,200,"Number of samples in transaction : 2, number of failing samples : 0",DeleteContact 2-15,,true,,18902,446,15,30,67,977,0
1537443311967,91,Del_Contact,200,OK,DeleteContact 2-11,text,true,,2483,510,15,30,91,0,0
1537443309437,91,Del_Contact,200,"Number of samples in transaction : 2, number of failing samples : 0",DeleteContact 2-11,,true,,2483,510,15,30,91,2896,0
1537443312213,27,Del_Contact,200,OK,DeleteContact 2-12,text,true,,2484,510,15,30,27,0,1
1537443309314,27,Del_Contact,200,"Number of samples in transaction : 2, number of failing samples : 0",DeleteContact 2-12,,true,,2484,510,15,30,27,2900,1
1537443312274,42,Del_MainPage,200,OK,DeleteContact 2-4,text,true,,18570,446,15,30,41,0,1
1537443311306,42,Del_MainPage,200,"Number of samples in transaction : 2, number of failing samples : 0",DeleteContact 2-4,,true,,18570,446,15,30,41,974,1
1537443312307,36,Del_MainPage,200,OK,DeleteContact 2-1,text,true,,18570,446,15,30,35,0,0
1537443311335,36,Del_MainPage,200,"Number of samples in transaction : 2, number of failing samples : 0",DeleteContact 2-1,,true,,18570,446,15,30,35,982,0
1537443312770,45,Add_MainPage,200,OK,AddContact 1-10,text,true,,18570,446,15,30,44,0,1
1537443311797,45,Add_MainPage,200,"Number of samples in transaction : 2, number of failing samples : 0",AddContact 1-10,,true,,18570,446,15,30,44,973,1
1537443312951,27,Del_Contact,200,OK,DeleteContact 2-13,text,true,,2484,510,15,30,27,0,1
1537443310055,27,Del_Contact,200,"Number of samples in transaction : 2, number of failing samples : 0",DeleteContact 2-13,,true,,2484,510,15,30,27,2896,1
1537443313183,32,Add_MainPage,200,OK,AddContact 1-11,text,true,,18480,446,15,30,31,0,0
1537443312214,32,Add_MainPage,200,"Number of samples in transaction : 2, number of failing samples : 0",AddContact 1-11,,true,,18480,446,15,30,31,969,0
1537443313499,34,Add_ContactAction,200,OK,AddContact 1-6,text,true,,2477,1427,15,30,34,0,0
1537443310592,34,Add_ContactAction,200,"Number of samples in transaction : 2, number of failing samples : 0",AddContact 1-6,,true,,2477,1427,15,30,34,2907,0
1537443313791,21,Add_ContactForm,200,OK,AddContact 1-10,text,true,,3239,474,15,30,21,0,0
1537443312815,21,Add_ContactForm,200,"Number of samples in transaction : 2, number of failing samples : 0",AddContact 1-10,,true,,3239,474,15,30,21,976,0
1537443313752,65,Add_ContactAction,200,OK,AddContact 1-8,text,true,,2477,1517,15,30,65,0,0
1537443310845,65,Add_ContactAction,200,"Number of samples in transaction : 2, number of failing samples : 0",AddContact 1-8,,true,,2477,1517,15,30,65,2907,0
1537443313753,67,Add_ContactAction,200,OK,AddContact 1-7,text,true,,2477,1157,15,30,67,0,1
1537443310856,67,Add_ContactAction,200,"Number of samples in transaction : 2, number of failing samples : 0",AddContact 1-7,,true,,2477,1157,15,30,67,2897,1
1537443313768,29,Add_ContactAction,200,OK,AddContact 1-9,text,true,,2477,1433,15,30,29,0,0
1537443311198,29,Add_ContactAction,200,"Number of samples in transaction : 2, number of failing samples : 0",AddContact 1-9,,true,,2477,1433,15,30,29,2908,0
1537443313845,23,Add_ContactForm,200,OK,AddContact 1-11,text,true,,3239,474,15,30,23,0,0
1537443313215,23,Add_ContactForm,200,"Number of samples in transaction : 2, number of failing samples : 0",AddContact 1-11,,true,,3239,474,15,30,23,968,0
1537443313875,30,Del_ContactFrom,200,OK,DeleteContact 2-2,text,true,,3328,481,15,30,30,0,8
1537443311306,30,Del_ContactFrom,200,"Number of samples in transaction : 2, number of failing samples : 0",DeleteContact 2-2,,true,,3328,481,15,30,30,2907,8
1537443314060,24,Del_ContactFrom,200,OK,DeleteContact 2-14,text,true,,3325,481,15,30,24,0,0
1537443311489,24,Del_ContactFrom,200,"Number of samples in transaction : 2, number of failing samples : 0",DeleteContact 2-14,,true,,3325,481,15,30,24,2909,0
1537443314245,45,Del_MainPage,200,OK,DeleteContact 2-6,text,true,,19127,446,15,30,44,0,1
1537443313598,45,Del_MainPage,200,"Number of samples in transaction : 2, number of failing samples : 0",DeleteContact 2-6,,true,,19127,446,15,30,44,987,1
1537443314246,59,Del_MainPage,200,OK,DeleteContact 2-5,text,true,,19127,446,15,30,58,0,0
1537443313598,59,Del_MainPage,200,"Number of samples in transaction : 2, number of failing samples : 0",DeleteContact 2-5,,true,,19127,446,15,30,58,988,0
1537443314399,38,Del_MainPage,200,OK,DeleteContact 2-7,text,true,,19127,446,15,30,36,0,0
1537443313754,38,Del_MainPage,200,"Number of samples in transaction : 2, number of failing samples : 0",DeleteContact 2-7,,true,,19127,446,15,30,36,985,0
1537443314630,39,Del_ContactFrom,200,OK,DeleteContact 2-3,text,true,,3266,481,15,30,39,0,0
1537443312049,39,Del_ContactFrom,200,"Number of samples in transaction : 2, number of failing samples : 0",DeleteContact 2-3,,true,,3266,481,15,30,39,2919,0
1537443314631,40,Del_ContactFrom,200,OK,DeleteContact 2-15,text,true,,3394,481,15,30,40,0,0
1537443312056,40,Del_ContactFrom,200,"Number of samples in transaction : 2, number of failing samples : 0",DeleteContact 2-15,,true,,3394,481,15,30,40,2914,0
1537443314906,23,Del_ContactFrom,200,OK,DeleteContact 2-4,text,true,,3432,481,15,30,23,0,1
1537443312322,23,Del_ContactFrom,200,"Number of samples in transaction : 2, number of failing samples : 0",DeleteContact 2-4,,true,,3432,481,15,30,23,2922,1
1537443314937,15,Del_ContactFrom,200,OK,DeleteContact 2-1,text,true,,3403,481,15,30,15,0,1
1537443312353,15,Del_ContactFrom,200,"Number of samples in transaction : 2, number of failing samples : 0",DeleteContact 2-1,,true,,3403,481,15,30,15,2922,1
1537443315399,35,Add_MainPage,200,OK,AddContact 1-14,text,true,,19127,446,15,30,34,0,0
1537443314414,35,Add_MainPage,200,"Number of samples in transaction : 2, number of failing samples : 0",AddContact 1-14,,true,,19127,446,15,30,34,985,0
1537443315767,42,Add_MainPage,200,OK,AddContact 1-12,text,true,,19127,446,15,30,40,0,1
1537443314784,42,Add_MainPage,200,"Number of samples in transaction : 2, number of failing samples : 0",AddContact 1-12,,true,,19127,446,15,30,40,983,1
1537443316122,41,Add_MainPage,200,OK,AddContact 1-13,text,true,,19127,446,15,30,39,0,0
1537443315137,41,Add_MainPage,200,"Number of samples in transaction : 2, number of failing samples : 0",AddContact 1-13,,true,,19127,446,15,30,39,985,0
1537443316414,28,Add_ContactForm,200,OK,AddContact 1-14,text,true,,3239,474,15,30,28,0,0
1537443315434,28,Add_ContactForm,200,"Number of samples in transaction : 2, number of failing samples : 0",AddContact 1-14,,true,,3239,474,15,30,28,980,0
1537443316490,47,Add_MainPage,200,OK,AddContact 1-1,text,true,,19395,446,15,30,46,0,1
1537443315506,47,Add_MainPage,200,"Number of samples in transaction : 2, number of failing samples : 0",AddContact 1-1,,true,,19395,446,15,30,46,984,1
1537443316399,158,Add_ContactAction,200,OK,AddContact 1-10,text,true,,2477,1565,15,30,158,0,1
1537443313812,158,Add_ContactAction,200,"Number of samples in transaction : 2, number of failing samples : 0",AddContact 1-10,,true,,2477,1565,15,30,158,2925,1
1537443316784,42,Add_ContactForm,200,OK,AddContact 1-12,text,true,,3239,474,15,30,42,0,0
1537443315809,42,Add_ContactForm,200,"Number of samples in transaction : 2, number of failing samples : 0",AddContact 1-12,,true,,3239,474,15,30,42,976,0
1537443316802,48,Add_ContactAction,200,OK,AddContact 1-11,text,true,,2477,1253,15,30,48,0,1
1537443313868,48,Add_ContactAction,200,"Number of samples in transaction : 2, number of failing samples : 0",AddContact 1-11,,true,,2477,1253,15,30,48,2934,1
1537443316829,27,Del_Contact,200,OK,DeleteContact 2-2,text,true,,2484,510,15,30,27,0,1
1537443313905,27,Del_Contact,200,"Number of samples in transaction : 2, number of failing samples : 0",DeleteContact 2-2,,true,,2484,510,15,30,27,2924,1
1537443317015,27,Del_Contact,200,OK,DeleteContact 2-14,text,true,,2483,510,15,30,27,0,0
1537443314084,27,Del_Contact,200,"Number of samples in transaction : 2, number of failing samples : 0",DeleteContact 2-14,,true,,2483,510,15,30,27,2932,0
1537443317138,24,Add_ContactForm,200,OK,AddContact 1-13,text,true,,3239,474,15,30,24,0,0
1537443316163,24,Add_ContactForm,200,"Number of samples in transaction : 2, number of failing samples : 0",AddContact 1-13,,true,,3239,474,15,30,24,976,0
1537443317215,56,Del_ContactFrom,200,OK,DeleteContact 2-6,text,true,,3396,481,15,30,56,0,1
1537443314292,56,Del_ContactFrom,200,"Number of samples in transaction : 2, number of failing samples : 0",DeleteContact 2-6,,true,,3396,481,15,30,56,2923,1
1537443317238,35,Del_ContactFrom,200,OK,DeleteContact 2-5,text,true,,3299,481,15,30,35,0,0
1537443314307,35,Del_ContactFrom,200,"Number of samples in transaction : 2, number of failing samples : 0",DeleteContact 2-5,,true,,3299,481,15,30,35,2932,0
1537443317215,63,Del_MainPage,200,OK,DeleteContact 2-8,text,true,,19149,446,15,30,62,0,0
1537443316229,63,Del_MainPage,200,"Number of samples in transaction : 2, number of failing samples : 0",DeleteContact 2-8,,true,,19149,446,15,30,62,989,0
1537443317354,60,Del_ContactFrom,200,OK,DeleteContact 2-7,text,true,,3339,481,15,30,60,0,0
1537443314439,60,Del_ContactFrom,200,"Number of samples in transaction : 2, number of failing samples : 0",DeleteContact 2-7,,true,,3339,481,15,30,60,2915,0
1537443317355,75,Del_MainPage,200,OK,DeleteContact 2-10,text,true,,19149,446,15,30,75,0,0
1537443316368,75,Del_MainPage,200,"Number of samples in transaction : 2, number of failing samples : 0",DeleteContact 2-10,,true,,19149,446,15,30,75,989,0
1537443317388,48,Del_MainPage,200,OK,DeleteContact 2-9,text,true,,19149,446,15,30,47,0,1
1537443316383,48,Del_MainPage,200,"Number of samples in transaction : 2, number of failing samples : 0",DeleteContact 2-9,,true,,19149,446,15,30,47,1008,1
1537443317507,22,Add_ContactForm,200,OK,AddContact 1-1,text,true,,3239,474,15,30,22,0,0
1537443316537,22,Add_ContactForm,200,"Number of samples in transaction : 2, number of failing samples : 0",AddContact 1-1,,true,,3239,474,15,30,22,971,0
1537443317569,66,Del_MainPage,200,OK,DeleteContact 2-11,text,true,,19149,446,15,30,65,0,0
1537443316583,66,Del_MainPage,200,"Number of samples in transaction : 2, number of failing samples : 0",DeleteContact 2-11,,true,,19149,446,15,30,65,988,0
1537443317587,63,Del_Contact,200,OK,DeleteContact 2-3,text,true,,2483,510,15,30,62,0,0
1537443314669,63,Del_Contact,200,"Number of samples in transaction : 2, number of failing samples : 0",DeleteContact 2-3,,true,,2483,510,15,30,62,2918,0
1537443317588,65,Del_Contact,200,OK,DeleteContact 2-15,text,true,,2484,510,15,30,65,0,0
1537443314672,65,Del_Contact,200,"Number of samples in transaction : 2, number of failing samples : 0",DeleteContact 2-15,,true,,2484,510,15,30,65,2916,0
1537443317753,50,Del_MainPage,200,OK,DeleteContact 2-12,text,true,,18857,446,15,30,49,0,1
1537443316768,50,Del_MainPage,200,"Number of samples in transaction : 2, number of failing samples : 0",DeleteContact 2-12,,true,,18857,446,15,30,49,987,1
1537443317846,41,Del_Contact,200,OK,DeleteContact 2-4,text,true,,2484,510,15,30,41,0,0
1537443314929,41,Del_Contact,200,"Number of samples in transaction : 2, number of failing samples : 0",DeleteContact 2-4,,true,,2484,510,15,30,41,2917,0
1537443317861,29,Del_Contact,200,OK,DeleteContact 2-1,text,true,,2484,510,15,30,29,0,1
1537443314952,29,Del_Contact,200,"Number of samples in transaction : 2, number of failing samples : 0",DeleteContact 2-1,,true,,2484,510,15,30,29,2909,1
1537443317954,99,Add_MainPage,200,OK,AddContact 1-3,text,true,,18403,446,15,30,98,0,1
1537443316969,99,Add_MainPage,200,"Number of samples in transaction : 2, number of failing samples : 0",AddContact 1-3,,true,,18403,446,15,30,98,985,1
1537443317968,89,Add_MainPage,200,OK,AddContact 1-15,text,true,,18403,446,15,30,88,0,1
1537443316983,89,Add_MainPage,200,"Number of samples in transaction : 2, number of failing samples : 0",AddContact 1-15,,true,,18403,446,15,30,88,985,1
1537443317984,77,Add_MainPage,200,OK,AddContact 1-2,text,true,,18403,446,15,30,76,0,1
1537443316999,77,Add_MainPage,200,"Number of samples in transaction : 2, number of failing samples : 0",AddContact 1-2,,true,,18403,446,15,30,76,986,1
1537443317993,72,Add_MainPage,200,OK,AddContact 1-4,text,true,,18403,446,15,30,71,0,11
1537443316999,72,Add_MainPage,200,"Number of samples in transaction : 2, number of failing samples : 0",AddContact 1-4,,true,,18403,446,15,30,71,995,11
1537443318492,39,Del_MainPage,200,OK,DeleteContact 2-13,text,true,,18403,446,15,30,38,0,0
1537443317507,39,Del_MainPage,200,"Number of samples in transaction : 2, number of failing samples : 0",DeleteContact 2-13,,true,,18403,446,15,30,38,987,0
1537443318689,35,Add_MainPage,200,OK,AddContact 1-5,text,true,,18403,446,15,30,33,0,1
1537443317661,35,Add_MainPage,200,"Number of samples in transaction : 2, number of failing samples : 0",AddContact 1-5,,true,,18403,446,15,30,33,984,1
1537443319075,60,Add_ContactForm,200,OK,AddContact 1-3,text,true,,3239,474,15,30,60,0,0
1537443318053,60,Add_ContactForm,200,"Number of samples in transaction : 2, number of failing samples : 0",AddContact 1-3,,true,,3239,474,15,30,60,978,0
1537443319075,62,Add_ContactForm,200,OK,AddContact 1-15,text,true,,3239,474,15,30,62,0,0
1537443318057,62,Add_ContactForm,200,"Number of samples in transaction : 2, number of failing samples : 0",AddContact 1-15,,true,,3239,474,15,30,62,974,0
1537443319090,49,Add_ContactForm,200,OK,AddContact 1-2,text,true,,3239,474,15,30,49,0,0
1537443318062,49,Add_ContactForm,200,"Number of samples in transaction : 2, number of failing samples : 0",AddContact 1-2,,true,,3239,474,15,30,49,984,0
1537443319108,33,Add_ContactForm,200,OK,AddContact 1-4,text,true,,3239,474,15,30,33,0,0
1537443318066,33,Add_ContactForm,200,"Number of samples in transaction : 2, number of failing samples : 0",AddContact 1-4,,true,,3239,474,15,30,33,998,0
1537443319413,32,Add_ContactAction,200,OK,AddContact 1-14,text,true,,2477,1650,15,30,32,0,1
1537443316442,32,Add_ContactAction,200,"Number of samples in transaction : 2, number of failing samples : 0",AddContact 1-14,,true,,2477,1650,15,30,32,2928,1
1537443319705,23,Add_ContactForm,200,OK,AddContact 1-5,text,true,,3239,474,15,30,23,0,0
1537443318724,23,Add_ContactForm,200,"Number of samples in transaction : 2, number of failing samples : 0",AddContact 1-5,,true,,3239,474,15,30,23,981,0
1537443319798,28,Add_ContactAction,200,OK,AddContact 1-12,text,true,,2477,1229,15,30,28,0,1
1537443316827,28,Add_ContactAction,200,"Number of samples in transaction : 2, number of failing samples : 0",AddContact 1-12,,true,,2477,1229,15,30,28,2927,1
1537443320136,29,Add_ContactAction,200,OK,AddContact 1-13,text,true,,2477,1415,15,30,29,0,1
1537443317163,29,Add_ContactAction,200,"Number of samples in transaction : 2, number of failing samples : 0",AddContact 1-13,,true,,2477,1415,15,30,29,2929,1
1537443320275,33,Del_ContactFrom,200,OK,DeleteContact 2-8,text,true,,3325,481,15,30,33,0,0
1537443317281,33,Del_ContactFrom,200,"Number of samples in transaction : 2, number of failing samples : 0",DeleteContact 2-8,,true,,3325,481,15,30,33,2950,0
1537443320259,52,Del_Contact,200,OK,DeleteContact 2-6,text,true,,2482,510,15,30,52,0,1
1537443317271,52,Del_Contact,200,"Number of samples in transaction : 2, number of failing samples : 0",DeleteContact 2-6,,true,,2482,510,15,30,52,2945,1
1537443320260,55,Del_Contact,200,OK,DeleteContact 2-5,text,true,,2483,510,15,30,55,0,1
1537443317274,55,Del_Contact,200,"Number of samples in transaction : 2, number of failing samples : 0",DeleteContact 2-5,,true,,2483,510,15,30,55,2942,1
1537443320431,31,Del_ContactFrom,200,OK,DeleteContact 2-10,text,true,,3310,481,15,30,31,0,0
1537443317432,31,Del_ContactFrom,200,"Number of samples in transaction : 2, number of failing samples : 0",DeleteContact 2-10,,true,,3310,481,15,30,31,2955,0
1537443320432,32,Del_ContactFrom,200,OK,DeleteContact 2-9,text,true,,3353,481,15,30,32,0,0
1537443317439,32,Del_ContactFrom,200,"Number of samples in transaction : 2, number of failing samples : 0",DeleteContact 2-9,,true,,3353,481,15,30,32,2949,0
1537443320413,66,Del_Contact,200,OK,DeleteContact 2-7,text,true,,2484,510,15,30,66,0,1
1537443317414,66,Del_Contact,200,"Number of samples in transaction : 2, number of failing samples : 0",DeleteContact 2-7,,true,,2484,510,15,30,66,2955,1
1537443320521,28,Add_ContactAction,200,OK,AddContact 1-1,text,true,,2477,1493,15,30,28,0,1
1537443317530,28,Add_ContactAction,200,"Number of samples in transaction : 2, number of failing samples : 0",AddContact 1-1,,true,,2477,1493,15,30,28,2947,1
1537443320629,30,Del_ContactFrom,200,OK,DeleteContact 2-11,text,true,,3382,481,15,30,30,0,1
1537443317637,30,Del_ContactFrom,200,"Number of samples in transaction : 2, number of failing samples : 0",DeleteContact 2-11,,true,,3382,481,15,30,30,2948,1
1537443320798,28,Del_ContactFrom,200,OK,DeleteContact 2-12,text,true,,3342,481,15,30,28,0,9
1537443317805,28,Del_ContactFrom,200,"Number of samples in transaction : 2, number of failing samples : 0",DeleteContact 2-12,,true,,3342,481,15,30,28,2949,9
1537443321060,33,Add_MainPage,200,OK,AddContact 1-6,text,true,,18619,446,15,30,32,0,0
1537443320074,33,Add_MainPage,200,"Number of samples in transaction : 2, number of failing samples : 0",AddContact 1-6,,true,,18619,446,15,30,32,986,0
1537443321352,52,Add_MainPage,200,OK,AddContact 1-8,text,true,,18619,446,15,30,52,0,2
1537443320367,52,Add_MainPage,200,"Number of samples in transaction : 2, number of failing samples : 0",AddContact 1-8,,true,,18619,446,15,30,52,985,2
1537443321353,55,Add_MainPage,200,OK,AddContact 1-7,text,true,,18619,446,15,30,54,0,2
1537443320367,55,Add_MainPage,200,"Number of samples in transaction : 2, number of failing samples : 0",AddContact 1-7,,true,,18619,446,15,30,54,986,2
1537443321521,26,Del_ContactFrom,200,OK,DeleteContact 2-13,text,true,,3297,481,15,30,25,0,1
1537443318577,26,Del_ContactFrom,200,"Number of samples in transaction : 2, number of failing samples : 0",DeleteContact 2-13,,true,,3297,481,15,30,25,2944,1
1537443321660,30,Add_MainPage,200,OK,AddContact 1-9,text,true,,18619,446,15,30,29,0,1
1537443320675,30,Add_MainPage,200,"Number of samples in transaction : 2, number of failing samples : 0",AddContact 1-9,,true,,18619,446,15,30,29,985,1
1537443322076,80,Add_ContactForm,200,OK,AddContact 1-6,text,true,,3239,474,15,30,80,0,0
1537443321093,80,Add_ContactForm,200,"Number of samples in transaction : 2, number of failing samples : 0",AddContact 1-6,,true,,3239,474,15,30,80,984,0
1537443322075,95,Add_ContactAction,200,OK,AddContact 1-3,text,true,,2477,1139,15,30,95,0,1
1537443319135,95,Add_ContactAction,200,"Number of samples in transaction : 2, number of failing samples : 0",AddContact 1-3,,true,,2477,1139,15,30,95,2940,1
1537443322113,60,Add_ContactAction,200,OK,AddContact 1-4,text,true,,2477,1583,15,30,60,0,1
1537443319141,60,Add_ContactAction,200,"Number of samples in transaction : 2, number of failing samples : 0",AddContact 1-4,,true,,2477,1583,15,30,60,2972,1
1537443322091,85,Add_ContactAction,200,OK,AddContact 1-15,text,true,,2477,1541,15,30,85,0,1
1537443319137,85,Add_ContactAction,200,"Number of samples in transaction : 2, number of failing samples : 0",AddContact 1-15,,true,,2477,1541,15,30,85,2954,1
1537443322092,86,Add_ContactAction,200,OK,AddContact 1-2,text,true,,2477,1193,15,30,86,0,1
1537443319139,86,Add_ContactAction,200,"Number of samples in transaction : 2, number of failing samples : 0",AddContact 1-2,,true,,2477,1193,15,30,86,2953,1
1537443322383,40,Add_ContactForm,200,OK,AddContact 1-8,text,true,,3239,474,15,30,40,0,0
1537443321404,40,Add_ContactForm,200,"Number of samples in transaction : 2, number of failing samples : 0",AddContact 1-8,,true,,3239,474,15,30,40,979,0
1537443322383,42,Add_ContactForm,200,OK,AddContact 1-7,text,true,,3239,474,15,30,42,0,0
1537443321408,42,Add_ContactForm,200,"Number of samples in transaction : 2, number of failing samples : 0",AddContact 1-7,,true,,3239,474,15,30,42,975,0
1537443322676,39,Add_ContactForm,200,OK,AddContact 1-9,text,true,,3239,474,15,30,39,0,0
1537443321690,39,Add_ContactForm,200,"Number of samples in transaction : 2, number of failing samples : 0",AddContact 1-9,,true,,3239,474,15,30,39,986,0
1537443322676,46,Add_ContactAction,200,OK,AddContact 1-5,text,true,,2477,1217,15,30,46,0,1
1537443319728,46,Add_ContactAction,200,"Number of samples in transaction : 2, number of failing samples : 0",AddContact 1-5,,true,,2477,1217,15,30,46,2948,1
1537443322783,48,Del_MainPage,200,OK,DeleteContact 2-2,text,true,,19381,446,15,30,47,0,1
1537443321798,48,Del_MainPage,200,"Number of samples in transaction : 2, number of failing samples : 0",DeleteContact 2-2,,true,,19381,446,15,30,47,987,1
1537443322968,40,Del_MainPage,200,OK,DeleteContact 2-14,text,true,,19381,446,15,30,39,0,1
1537443321983,40,Del_MainPage,200,"Number of samples in transaction : 2, number of failing samples : 0",DeleteContact 2-14,,true,,19381,446,15,30,39,988,1
1537443323260,106,Del_Contact,200,OK,DeleteContact 2-8,text,true,,2484,510,15,30,106,0,1
1537443320308,106,Del_Contact,200,"Number of samples in transaction : 2, number of failing samples : 0",DeleteContact 2-8,,true,,2484,510,15,30,106,2952,1
1537443323414,50,Del_Contact,200,OK,DeleteContact 2-10,text,true,,2482,510,15,30,50,0,1
1537443320462,50,Del_Contact,200,"Number of samples in transaction : 2, number of failing samples : 0",DeleteContact 2-10,,true,,2482,510,15,30,50,2952,1
1537443323415,52,Del_Contact,200,OK,DeleteContact 2-9,text,true,,2484,510,15,30,52,0,0
1537443320464,52,Del_Contact,200,"Number of samples in transaction : 2, number of failing samples : 0",DeleteContact 2-9,,true,,2484,510,15,30,52,2951,0
1537443323629,71,Del_MainPage,200,OK,DeleteContact 2-3,text,true,,18972,446,15,30,70,0,1
1537443322599,71,Del_MainPage,200,"Number of samples in transaction : 2, number of failing samples : 0",DeleteContact 2-3,,true,,18972,446,15,30,70,986,1
1537443323630,76,Del_MainPage,200,OK,DeleteContact 2-15,text,true,,18972,446,15,30,75,0,1
1537443322599,76,Del_MainPage,200,"Number of samples in transaction : 2, number of failing samples : 0",DeleteContact 2-15,,true,,18972,446,15,30,75,1003,1
1537443323664,79,Del_Contact,200,OK,DeleteContact 2-11,text,true,,2482,510,15,30,79,0,0
1537443320659,79,Del_Contact,200,"Number of samples in transaction : 2, number of failing samples : 0",DeleteContact 2-11,,true,,2482,510,15,30,79,2959,0
1537443323814,34,Del_Contact,200,OK,DeleteContact 2-12,text,true,,2484,510,15,30,34,0,0
1537443320826,34,Del_Contact,200,"Number of samples in transaction : 2, number of failing samples : 0",DeleteContact 2-12,,true,,2484,510,15,30,34,2942,0
1537443323860,38,Del_MainPage,200,OK,DeleteContact 2-1,text,true,,18601,446,15,30,37,0,0
1537443322829,38,Del_MainPage,200,"Number of samples in transaction : 2, number of failing samples : 0",DeleteContact 2-1,,true,,18601,446,15,30,37,987,0
1537443323861,43,Del_MainPage,200,OK,DeleteContact 2-4,text,true,,18601,446,15,30,42,0,0
1537443322829,43,Del_MainPage,200,"Number of samples in transaction : 2, number of failing samples : 0",DeleteContact 2-4,,true,,18601,446,15,30,42,988,0
1537443324492,39,Add_MainPage,200,OK,AddContact 1-10,text,true,,18601,446,15,30,38,0,0
1537443323460,39,Add_MainPage,200,"Number of samples in transaction : 2, number of failing samples : 0",AddContact 1-10,,true,,18601,446,15,30,38,986,0
1537443324537,15,Del_Contact,200,OK,DeleteContact 2-13,text,true,,2484,510,15,30,15,0,0
1537443321547,15,Del_Contact,200,"Number of samples in transaction : 2, number of failing samples : 0",DeleteContact 2-13,,true,,2484,510,15,30,15,2945,0
1537443324784,45,Add_MainPage,200,OK,AddContact 1-11,text,true,,18567,446,15,30,44,0,1
1537443323799,45,Add_MainPage,200,"Number of samples in transaction : 2, number of failing samples : 0",AddContact 1-11,,true,,18567,446,15,30,44,985,1
1537443325153,30,Add_ContactAction,200,OK,AddContact 1-6,text,true,,2477,1439,15,30,30,0,1
1537443322157,30,Add_ContactAction,200,"Number of samples in transaction : 2, number of failing samples : 0",AddContact 1-6,,true,,2477,1439,15,30,30,2950,1
1537443325399,50,Add_ContactAction,200,OK,AddContact 1-8,text,true,,2477,1427,15,30,49,0,1
1537443322423,50,Add_ContactAction,200,"Number of samples in transaction : 2, number of failing samples : 0",AddContact 1-8,,true,,2477,1427,15,30,49,2930,1
1537443325400,52,Add_ContactAction,200,OK,AddContact 1-7,text,true,,2477,1451,15,30,52,0,1
1537443322425,52,Add_ContactAction,200,"Number of samples in transaction : 2, number of failing samples : 0",AddContact 1-7,,true,,2477,1451,15,30,52,2929,1
1537443325491,13,Add_ContactForm,200,OK,AddContact 1-10,text,true,,3239,474,15,30,13,0,0
1537443324531,13,Add_ContactForm,200,"Number of samples in transaction : 2, number of failing samples : 0",AddContact 1-10,,true,,3239,474,15,30,13,960,0
1537443325691,25,Add_ContactAction,200,OK,AddContact 1-9,text,true,,2477,1457,15,30,25,0,1
1537443322715,25,Add_ContactAction,200,"Number of samples in transaction : 2, number of failing samples : 0",AddContact 1-9,,true,,2477,1457,15,30,25,2930,1
1537443325799,42,Add_ContactForm,200,OK,AddContact 1-11,text,true,,3239,474,15,30,42,0,0
1537443324829,42,Add_ContactForm,200,"Number of samples in transaction : 2, number of failing samples : 0",AddContact 1-11,,true,,3239,474,15,30,42,970,0
1537443325817,27,Del_ContactFrom,200,OK,DeleteContact 2-2,text,true,,3402,481,15,30,27,0,1
1537443322833,27,Del_ContactFrom,200,"Number of samples in transaction : 2, number of failing samples : 0",DeleteContact 2-2,,true,,3402,481,15,30,27,2938,1
1537443325985,23,Del_ContactFrom,200,OK,DeleteContact 2-14,text,true,,3296,481,15,30,23,0,0
1537443323011,23,Del_ContactFrom,200,"Number of samples in transaction : 2, number of failing samples : 0",DeleteContact 2-14,,true,,3296,481,15,30,23,2928,0
1537443326246,52,Del_MainPage,200,OK,DeleteContact 2-6,text,true,,19312,446,15,30,52,0,1
1537443325260,52,Del_MainPage,200,"Number of samples in transaction : 2, number of failing samples : 0",DeleteContact 2-6,,true,,19312,446,15,30,52,989,1
1537443326247,58,Del_MainPage,200,OK,DeleteContact 2-5,text,true,,19312,446,15,30,57,0,1
1537443325260,58,Del_MainPage,200,"Number of samples in transaction : 2, number of failing samples : 0",DeleteContact 2-5,,true,,19312,446,15,30,57,989,1
1537443326415,41,Del_MainPage,200,OK,DeleteContact 2-7,text,true,,19312,446,15,30,40,0,1
1537443325435,41,Del_MainPage,200,"Number of samples in transaction : 2, number of failing samples : 0",DeleteContact 2-7,,true,,19312,446,15,30,40,982,1
1537443326614,26,Del_ContactFrom,200,OK,DeleteContact 2-3,text,true,,3415,481,15,30,26,0,1
1537443323702,26,Del_ContactFrom,200,"Number of samples in transaction : 2, number of failing samples : 0",DeleteContact 2-3,,true,,3415,481,15,30,26,2912,1
1537443326646,28,Del_ContactFrom,200,OK,DeleteContact 2-15,text,true,,3406,481,15,30,27,0,1
1537443323724,28,Del_ContactFrom,200,"Number of samples in transaction : 2, number of failing samples : 0",DeleteContact 2-15,,true,,3406,481,15,30,27,2922,1
1537443326815,34,Del_ContactFrom,200,OK,DeleteContact 2-1,text,true,,3391,481,15,30,33,0,1
1537443323900,34,Del_ContactFrom,200,"Number of samples in transaction : 2, number of failing samples : 0",DeleteContact 2-1,,true,,3391,481,15,30,33,2915,1
1537443326833,18,Del_ContactFrom,200,OK,DeleteContact 2-4,text,true,,3275,481,15,30,18,0,0
1537443323906,18,Del_ContactFrom,200,"Number of samples in transaction : 2, number of failing samples : 0",DeleteContact 2-4,,true,,3275,481,15,30,18,2927,0
1537443327322,43,Add_MainPage,200,OK,AddContact 1-14,text,true,,19312,446,15,30,41,0,1
1537443326345,43,Add_MainPage,200,"Number of samples in transaction : 2, number of failing samples : 0",AddContact 1-14,,true,,19312,446,15,30,41,977,1
1537443327708,42,Add_MainPage,200,OK,AddContact 1-12,text,true,,19312,446,15,30,40,0,1
1537443326723,42,Add_MainPage,200,"Number of samples in transaction : 2, number of failing samples : 0",AddContact 1-12,,true,,19312,446,15,30,40,985,1
1537443328047,36,Add_MainPage,200,OK,AddContact 1-13,text,true,,19312,446,15,30,35,0,0
1537443327065,36,Add_MainPage,200,"Number of samples in transaction : 2, number of failing samples : 0",AddContact 1-13,,true,,19312,446,15,30,35,983,0
1537443328339,24,Add_ContactForm,200,OK,AddContact 1-14,text,true,,3239,474,15,30,24,0,0
1537443327365,24,Add_ContactForm,200,"Number of samples in transaction : 2, number of failing samples : 0",AddContact 1-14,,true,,3239,474,15,30,24,974,0
1537443328961,55,Add_MainPage,200,OK,AddContact 1-1,text,true,,19312,446,15,30,54,0,1
1537443327430,55,Add_MainPage,200,"Number of samples in transaction : 2, number of failing samples : 0",AddContact 1-1,,true,,19312,446,15,30,54,985,1
1537443328979,39,Add_ContactAction,200,OK,AddContact 1-10,text,true,,2477,1463,15,30,38,0,1
1537443325504,39,Add_ContactAction,200,"Number of samples in transaction : 2, number of failing samples : 0",AddContact 1-10,,true,,2477,1463,15,30,38,2929,1
1537443329269,25,Add_ContactForm,200,OK,AddContact 1-12,text,true,,3239,474,15,30,25,0,0
1537443327750,25,Add_ContactForm,200,"Number of samples in transaction : 2, number of failing samples : 0",AddContact 1-12,,true,,3239,474,15,30,25,973,0
1537443329315,35,Add_ContactAction,200,OK,AddContact 1-11,text,true,,2477,1728,15,30,35,0,0
1537443325841,35,Add_ContactAction,200,"Number of samples in transaction : 2, number of failing samples : 0",AddContact 1-11,,true,,2477,1728,15,30,35,2928,0
1537443329315,38,Del_Contact,200,OK,DeleteContact 2-2,text,true,,2484,510,15,30,38,0,1
1537443325844,38,Del_Contact,200,"Number of samples in transaction : 2, number of failing samples : 0",DeleteContact 2-2,,true,,2484,510,15,30,38,2926,1
1537443329485,25,Del_Contact,200,OK,DeleteContact 2-14,text,true,,2484,510,15,30,25,0,0
1537443326008,25,Del_Contact,200,"Number of samples in transaction : 2, number of failing samples : 0",DeleteContact 2-14,,true,,2484,510,15,30,25,2938,0
1537443329608,24,Add_ContactForm,200,OK,AddContact 1-13,text,true,,3239,474,15,30,24,0,0
1537443328084,24,Add_ContactForm,200,"Number of samples in transaction : 2, number of failing samples : 0",AddContact 1-13,,true,,3239,474,15,30,24,979,0
1537443329777,58,Del_ContactFrom,200,OK,DeleteContact 2-6,text,true,,3417,481,15,30,58,0,1
1537443326301,58,Del_ContactFrom,200,"Number of samples in transaction : 2, number of failing samples : 0",DeleteContact 2-6,,true,,3417,481,15,30,58,2930,1
1537443329779,58,Del_ContactFrom,200,OK,DeleteContact 2-5,text,true,,3329,481,15,30,58,0,1
1537443326307,58,Del_ContactFrom,200,"Number of samples in transaction : 2, number of failing samples : 0",DeleteContact 2-5,,true,,3329,481,15,30,58,2926,1
1537443329798,51,Del_MainPage,200,OK,DeleteContact 2-8,text,true,,19405,446,15,30,49,0,0
1537443328276,51,Del_MainPage,200,"Number of samples in transaction : 2, number of failing samples : 0",DeleteContact 2-8,,true,,19405,446,15,30,49,978,0
1537443329935,20,Del_ContactFrom,200,OK,DeleteContact 2-7,text,true,,3415,481,15,30,20,0,0
1537443326458,20,Del_ContactFrom,200,"Number of samples in transaction : 2, number of failing samples : 0",DeleteContact 2-7,,true,,3415,481,15,30,20,2931,0
1537443329916,56,Del_MainPage,200,OK,DeleteContact 2-10,text,true,,19405,446,15,30,56,0,0
1537443328384,56,Del_MainPage,200,"Number of samples in transaction : 2, number of failing samples : 0",DeleteContact 2-10,,true,,19405,446,15,30,56,989,0
1537443329915,63,Del_MainPage,200,OK,DeleteContact 2-9,text,true,,19405,446,15,30,62,0,0
1537443328384,63,Del_MainPage,200,"Number of samples in transaction : 2, number of failing samples : 0",DeleteContact 2-9,,true,,19405,446,15,30,62,1139,0
1537443330119,58,Add_ContactForm,200,OK,AddContact 1-1,text,true,,3239,474,15,30,58,0,0
1537443329016,58,Add_ContactForm,200,"Number of samples in transaction : 2, number of failing samples : 0",AddContact 1-1,,true,,3239,474,15,30,58,1103,0
1537443330118,64,Del_Contact,200,OK,DeleteContact 2-3,text,true,,2484,510,15,30,64,0,1
1537443326640,64,Del_Contact,200,"Number of samples in transaction : 2, number of failing samples : 0",DeleteContact 2-3,,true,,2484,510,15,30,64,2932,1
1537443330163,33,Del_MainPage,200,OK,DeleteContact 2-11,text,true,,19179,446,15,30,32,0,1
1537443329176,33,Del_MainPage,200,"Number of samples in transaction : 2, number of failing samples : 0",DeleteContact 2-11,,true,,19179,446,15,30,32,989,1
1537443330152,50,Del_Contact,200,OK,DeleteContact 2-15,text,true,,2485,510,15,30,49,0,0
1537443326674,50,Del_Contact,200,"Number of samples in transaction : 2, number of failing samples : 0",DeleteContact 2-15,,true,,2485,510,15,30,49,2932,0
1537443330269,42,Del_MainPage,200,OK,DeleteContact 2-12,text,true,,18948,446,15,30,41,0,1
1537443329287,42,Del_MainPage,200,"Number of samples in transaction : 2, number of failing samples : 0",DeleteContact 2-12,,true,,18948,446,15,30,41,985,1
1537443330331,33,Del_Contact,200,OK,DeleteContact 2-1,text,true,,2484,510,15,30,33,0,0
1537443326849,33,Del_Contact,200,"Number of samples in transaction : 2, number of failing samples : 0",DeleteContact 2-1,,true,,2484,510,15,30,33,2948,0
1537443330331,48,Del_Contact,200,OK,DeleteContact 2-4,text,true,,2484,510,15,30,48,0,0
1537443326851,48,Del_Contact,200,"Number of samples in transaction : 2, number of failing samples : 0",DeleteContact 2-4,,true,,2484,510,15,30,48,2935,0
1537443330577,87,Add_MainPage,200,OK,AddContact 1-3,text,true,,18636,446,15,30,86,0,1
1537443329592,87,Add_MainPage,200,"Number of samples in transaction : 2, number of failing samples : 0",AddContact 1-3,,true,,18636,446,15,30,86,985,1
1537443330593,75,Add_MainPage,200,OK,AddContact 1-15,text,true,,18636,446,15,30,74,0,1
1537443329608,75,Add_MainPage,200,"Number of samples in transaction : 2, number of failing samples : 0",AddContact 1-15,,true,,18636,446,15,30,74,985,1
1537443330594,78,Add_MainPage,200,OK,AddContact 1-2,text,true,,18636,446,15,30,77,0,1
1537443329608,78,Add_MainPage,200,"Number of samples in transaction : 2, number of failing samples : 0",AddContact 1-2,,true,,18636,446,15,30,77,986,1
1537443330595,81,Add_MainPage,200,OK,AddContact 1-4,text,true,,18636,446,15,30,79,0,0
1537443329608,81,Add_MainPage,200,"Number of samples in transaction : 2, number of failing samples : 0",AddContact 1-4,,true,,18636,446,15,30,79,987,0
1537443330963,32,Del_MainPage,200,OK,DeleteContact 2-13,text,true,,18636,446,15,30,30,0,0
1537443329977,32,Del_MainPage,200,"Number of samples in transaction : 2, number of failing samples : 0",DeleteContact 2-13,,true,,18636,446,15,30,30,988,0
1537443331131,23,Add_MainPage,200,OK,AddContact 1-5,text,true,,18636,446,15,30,22,0,1
1537443330149,23,Add_MainPage,200,"Number of samples in transaction : 2, number of failing samples : 0",AddContact 1-5,,true,,18636,446,15,30,22,982,1
1537443331639,72,Add_ContactForm,200,OK,AddContact 1-3,text,true,,3239,474,15,30,72,0,0
1537443330664,72,Add_ContactForm,200,"Number of samples in transaction : 2, number of failing samples : 0",AddContact 1-3,,true,,3239,474,15,30,72,975,0
1537443331639,74,Add_ContactForm,200,OK,AddContact 1-15,text,true,,3239,474,15,30,74,0,0
1537443330668,74,Add_ContactForm,200,"Number of samples in transaction : 2, number of failing samples : 0",AddContact 1-15,,true,,3239,474,15,30,74,971,0
1537443331654,61,Add_ContactForm,200,OK,AddContact 1-2,text,true,,3239,474,15,30,61,0,0
1537443330672,61,Add_ContactForm,200,"Number of samples in transaction : 2, number of failing samples : 0",AddContact 1-2,,true,,3239,474,15,30,61,982,0
1537443331676,41,Add_ContactForm,200,OK,AddContact 1-4,text,true,,3239,474,15,30,41,0,0
1537443330676,41,Add_ContactForm,200,"Number of samples in transaction : 2, number of failing samples : 0",AddContact 1-4,,true,,3239,474,15,30,41,1000,0
1537443331839,29,Add_ContactAction,200,OK,AddContact 1-14,text,true,,2477,1205,15,30,29,0,0
1537443328363,29,Add_ContactAction,200,"Number of samples in transaction : 2, number of failing samples : 0",AddContact 1-14,,true,,2477,1205,15,30,29,2931,0
1537443332131,25,Add_ContactForm,200,OK,AddContact 1-5,text,true,,3239,474,15,30,24,0,0
1537443331154,25,Add_ContactForm,200,"Number of samples in transaction : 2, number of failing samples : 0",AddContact 1-5,,true,,3239,474,15,30,24,977,0
1537443332223,29,Add_ContactAction,200,OK,AddContact 1-12,text,true,,2477,1163,15,30,29,0,1
1537443329294,29,Add_ContactAction,200,"Number of samples in transaction : 2, number of failing samples : 0",AddContact 1-12,,true,,2477,1163,15,30,29,2929,1
1537443332562,27,Add_ContactAction,200,OK,AddContact 1-13,text,true,,2477,1487,15,30,27,0,1
1537443329633,27,Add_ContactAction,200,"Number of samples in transaction : 2, number of failing samples : 0",AddContact 1-13,,true,,2477,1487,15,30,27,2930,1
1537443332786,50,Del_ContactFrom,200,OK,DeleteContact 2-8,text,true,,3400,481,15,30,50,0,1
1537443329852,50,Del_ContactFrom,200,"Number of samples in transaction : 2, number of failing samples : 0",DeleteContact 2-8,,true,,3400,481,15,30,50,2934,1
1537443332778,62,Del_Contact,200,OK,DeleteContact 2-5,text,true,,2484,510,15,30,62,0,0
1537443329837,62,Del_Contact,200,"Number of samples in transaction : 2, number of failing samples : 0",DeleteContact 2-5,,true,,2484,510,15,30,62,2941,0
1537443332779,64,Del_Contact,200,OK,DeleteContact 2-6,text,true,,2484,510,15,30,64,0,4
1537443329835,64,Del_Contact,200,"Number of samples in transaction : 2, number of failing samples : 0",DeleteContact 2-6,,true,,2484,510,15,30,64,2945,4
1537443332885,47,Del_Contact,200,OK,DeleteContact 2-7,text,true,,2489,510,15,30,47,0,1
1537443329955,47,Del_Contact,200,"Number of samples in transaction : 2, number of failing samples : 0",DeleteContact 2-7,,true,,2489,510,15,30,47,2930,1
1537443332903,32,Del_ContactFrom,200,OK,DeleteContact 2-10,text,true,,3317,481,15,30,32,0,1
1537443329975,32,Del_ContactFrom,200,"Number of samples in transaction : 2, number of failing samples : 0",DeleteContact 2-10,,true,,3317,481,15,30,32,2928,1
1537443333070,24,Del_ContactFrom,200,OK,DeleteContact 2-9,text,true,,3382,481,15,30,24,0,1
1537443330132,24,Del_ContactFrom,200,"Number of samples in transaction : 2, number of failing samples : 0",DeleteContact 2-9,,true,,3382,481,15,30,24,2938,1
1537443333131,19,Del_ContactFrom,200,OK,DeleteContact 2-11,text,true,,3309,481,15,30,19,0,1
1537443330198,19,Del_ContactFrom,200,"Number of samples in transaction : 2, number of failing samples : 0",DeleteContact 2-11,,true,,3309,481,15,30,19,2933,1
1537443333116,37,Add_ContactAction,200,OK,AddContact 1-1,text,true,,2477,1469,15,30,37,0,1
1537443330177,37,Add_ContactAction,200,"Number of samples in transaction : 2, number of failing samples : 0",AddContact 1-1,,true,,2477,1469,15,30,37,2939,1
1537443333239,29,Del_ContactFrom,200,OK,DeleteContact 2-12,text,true,,3389,481,15,30,28,0,1
1537443330314,29,Del_ContactFrom,200,"Number of samples in transaction : 2, number of failing samples : 0",DeleteContact 2-12,,true,,3389,481,15,30,28,2925,1
1537443333532,33,Add_MainPage,200,OK,AddContact 1-6,text,true,,18886,446,15,30,32,0,1
1537443332547,33,Add_MainPage,200,"Number of samples in transaction : 2, number of failing samples : 0",AddContact 1-6,,true,,18886,446,15,30,32,985,1
1537443333809,58,Add_MainPage,200,OK,AddContact 1-8,text,true,,18886,446,15,30,58,0,1
1537443332837,58,Add_MainPage,200,"Number of samples in transaction : 2, number of failing samples : 0",AddContact 1-8,,true,,18886,446,15,30,58,973,1
1537443333810,61,Add_MainPage,200,OK,AddContact 1-7,text,true,,18886,446,15,30,60,0,1
1537443332837,61,Add_MainPage,200,"Number of samples in transaction : 2, number of failing samples : 0",AddContact 1-7,,true,,18886,446,15,30,60,973,1
1537443334476,16,Del_ContactFrom,200,OK,DeleteContact 2-13,text,true,,3360,481,15,30,16,0,1
1537443330997,16,Del_ContactFrom,200,"Number of samples in transaction : 2, number of failing samples : 0",DeleteContact 2-13,,true,,3360,481,15,30,16,2920,1
1537443334629,28,Add_MainPage,200,OK,AddContact 1-9,text,true,,18886,446,15,30,24,0,1
1537443333088,28,Add_MainPage,200,"Number of samples in transaction : 2, number of failing samples : 0",AddContact 1-9,,true,,18886,446,15,30,24,982,1
1537443335107,24,Add_ContactForm,200,OK,AddContact 1-6,text,true,,3239,474,15,30,24,0,0
1537443333565,24,Add_ContactForm,200,"Number of samples in transaction : 2, number of failing samples : 0",AddContact 1-6,,true,,3239,474,15,30,24,984,0
1537443335184,72,Add_ContactAction,200,OK,AddContact 1-3,text,true,,2477,1379,15,30,72,0,1
1537443331711,72,Add_ContactAction,200,"Number of samples in transaction : 2, number of failing samples : 0",AddContact 1-3,,true,,2477,1379,15,30,72,2914,1
1537443335215,44,Add_ContactAction,200,OK,AddContact 1-4,text,true,,2477,1463,15,30,44,0,0
1537443331717,44,Add_ContactAction,200,"Number of samples in transaction : 2, number of failing samples : 0",AddContact 1-4,,true,,2477,1463,15,30,44,2976,0
1537443335186,122,Add_ContactAction,200,OK,AddContact 1-2,text,true,,2477,1379,15,30,122,0,0
1537443331715,122,Add_ContactAction,200,"Number of samples in transaction : 2, number of failing samples : 0",AddContact 1-2,,true,,2477,1379,15,30,122,2912,0
1537443335185,125,Add_ContactAction,200,OK,AddContact 1-15,text,true,,2477,1223,15,30,125,0,1
1537443331713,125,Add_ContactAction,200,"Number of samples in transaction : 2, number of failing samples : 0",AddContact 1-15,,true,,2477,1223,15,30,125,2913,1
1537443335399,41,Add_ContactForm,200,OK,AddContact 1-8,text,true,,3239,474,15,30,41,0,0
1537443334427,41,Add_ContactForm,200,"Number of samples in transaction : 2, number of failing samples : 0",AddContact 1-8,,true,,3239,474,15,30,41,972,0
1537443335416,27,Add_ContactForm,200,OK,AddContact 1-7,text,true,,3239,474,15,30,27,0,0
1537443334430,27,Add_ContactForm,200,"Number of samples in transaction : 2, number of failing samples : 0",AddContact 1-7,,true,,3239,474,15,30,27,986,0
1537443335629,35,Add_ContactForm,200,OK,AddContact 1-9,text,true,,3239,474,15,30,35,0,0
1537443334657,35,Add_ContactForm,200,"Number of samples in transaction : 2, number of failing samples : 0",AddContact 1-9,,true,,3239,474,15,30,35,972,0
1537443335647,22,Add_ContactAction,200,OK,AddContact 1-5,text,true,,2477,1626,15,30,22,0,1
1537443332156,22,Add_ContactAction,200,"Number of samples in transaction : 2, number of failing samples : 0",AddContact 1-5,,true,,2477,1626,15,30,22,2932,1
1537443335783,46,Del_MainPage,200,OK,DeleteContact 2-2,text,true,,19642,446,15,30,44,0,1
1537443334799,46,Del_MainPage,200,"Number of samples in transaction : 2, number of failing samples : 0",DeleteContact 2-2,,true,,19642,446,15,30,44,986,1
1537443335953,33,Del_MainPage,200,OK,DeleteContact 2-14,text,true,,19642,446,15,30,32,0,1
1537443334968,33,Del_MainPage,200,"Number of samples in transaction : 2, number of failing samples : 0",DeleteContact 2-14,,true,,19642,446,15,30,32,987,1
1537443336322,24,Del_Contact,200,OK,DeleteContact 2-8,text,true,,2484,510,15,30,24,0,0
1537443332836,24,Del_Contact,200,"Number of samples in transaction : 2, number of failing samples : 0",DeleteContact 2-8,,true,,2484,510,15,30,24,2928,0
1537443336431,39,Del_Contact,200,OK,DeleteContact 2-10,text,true,,2482,510,15,30,39,0,0
1537443332935,39,Del_Contact,200,"Number of samples in transaction : 2, number of failing samples : 0",DeleteContact 2-10,,true,,2482,510,15,30,39,2937,0
1537443336584,27,Del_Contact,200,OK,DeleteContact 2-9,text,true,,2484,510,15,30,27,0,0
1537443333094,27,Del_Contact,200,"Number of samples in transaction : 2, number of failing samples : 0",DeleteContact 2-9,,true,,2484,510,15,30,27,2931,0
1537443336615,46,Del_MainPage,200,OK,DeleteContact 2-3,text,true,,19104,446,15,30,45,0,1
1537443335630,46,Del_MainPage,200,"Number of samples in transaction : 2, number of failing samples : 0",DeleteContact 2-3,,true,,19104,446,15,30,45,987,1
1537443336630,49,Del_MainPage,200,OK,DeleteContact 2-15,text,true,,19104,446,15,30,49,0,0
1537443335647,49,Del_MainPage,200,"Number of samples in transaction : 2, number of failing samples : 0",DeleteContact 2-15,,true,,19104,446,15,30,49,985,0
1537443336648,37,Del_Contact,200,OK,DeleteContact 2-11,text,true,,2484,510,15,30,37,0,1
1537443333150,37,Del_Contact,200,"Number of samples in transaction : 2, number of failing samples : 0",DeleteContact 2-11,,true,,2484,510,15,30,37,2939,1
1537443336754,24,Del_Contact,200,OK,DeleteContact 2-12,text,true,,2484,510,15,30,24,0,0
1537443333268,24,Del_Contact,200,"Number of samples in transaction : 2, number of failing samples : 0",DeleteContact 2-12,,true,,2484,510,15,30,24,2927,0
1537443336800,27,Del_MainPage,200,OK,DeleteContact 2-1,text,true,,18754,446,15,30,26,0,0
1537443335823,27,Del_MainPage,200,"Number of samples in transaction : 2, number of failing samples : 0",DeleteContact 2-1,,true,,18754,446,15,30,26,980,0
1537443336814,40,Del_MainPage,200,OK,DeleteContact 2-4,text,true,,18754,446,15,30,38,0,1
1537443335832,40,Del_MainPage,200,"Number of samples in transaction : 2, number of failing samples : 0",DeleteContact 2-4,,true,,18754,446,15,30,38,984,1
1537443337385,41,Add_MainPage,200,OK,AddContact 1-10,text,true,,18754,446,15,30,39,0,0
1537443336399,41,Add_MainPage,200,"Number of samples in transaction : 2, number of failing samples : 0",AddContact 1-10,,true,,18754,446,15,30,39,986,0
1537443337428,19,Del_Contact,200,OK,DeleteContact 2-13,text,true,,2484,510,15,30,19,0,1
1537443334492,19,Del_Contact,200,"Number of samples in transaction : 2, number of failing samples : 0",DeleteContact 2-13,,true,,2484,510,15,30,19,2937,1
1537443337723,34,Add_MainPage,200,OK,AddContact 1-11,text,true,,18574,446,15,30,33,0,3
1537443336738,34,Add_MainPage,200,"Number of samples in transaction : 2, number of failing samples : 0",AddContact 1-11,,true,,18574,446,15,30,33,985,3
1537443338061,32,Add_ContactAction,200,OK,AddContact 1-6,text,true,,2477,1656,15,30,32,0,3
1537443335132,32,Add_ContactAction,200,"Number of samples in transaction : 2, number of failing samples : 0",AddContact 1-6,,true,,2477,1656,15,30,32,2929,3
1537443338433,20,Add_ContactForm,200,OK,AddContact 1-10,text,true,,3239,474,15,30,20,0,0
1537443337426,20,Add_ContactForm,200,"Number of samples in transaction : 2, number of failing samples : 0",AddContact 1-10,,true,,3239,474,15,30,20,1007,0
1537443338401,56,Add_ContactAction,200,OK,AddContact 1-7,text,true,,2477,1295,15,30,56,0,1
1537443335443,56,Add_ContactAction,200,"Number of samples in transaction : 2, number of failing samples : 0",AddContact 1-7,,true,,2477,1295,15,30,56,2958,1
1537443338402,60,Add_ContactAction,200,OK,AddContact 1-8,text,true,,2477,1283,15,30,60,0,1
1537443335440,60,Add_ContactAction,200,"Number of samples in transaction : 2, number of failing samples : 0",AddContact 1-8,,true,,2477,1283,15,30,60,2963,1
1537443338615,25,Add_ContactAction,200,OK,AddContact 1-9,text,true,,2477,1307,15,30,25,0,1
1537443335664,25,Add_ContactAction,200,"Number of samples in transaction : 2, number of failing samples : 0",AddContact 1-9,,true,,2477,1307,15,30,25,2951,1
1537443338738,24,Add_ContactForm,200,OK,AddContact 1-11,text,true,,3239,474,15,30,24,0,0
1537443337757,24,Add_ContactForm,200,"Number of samples in transaction : 2, number of failing samples : 0",AddContact 1-11,,true,,3239,474,15,30,24,981,0
1537443338784,26,Del_ContactFrom,200,OK,DeleteContact 2-2,text,true,,3355,481,15,30,25,0,1
1537443335832,26,Del_ContactFrom,200,"Number of samples in transaction : 2, number of failing samples : 0",DeleteContact 2-2,,true,,3355,481,15,30,25,2952,1
1537443338939,25,Del_ContactFrom,200,OK,DeleteContact 2-14,text,true,,3371,481,15,30,25,0,0
1537443335988,25,Del_ContactFrom,200,"Number of samples in transaction : 2, number of failing samples : 0",DeleteContact 2-14,,true,,3371,481,15,30,25,2951,0
1537443339292,39,Del_MainPage,200,OK,DeleteContact 2-6,text,true,,19210,446,15,30,39,0,1
1537443338307,39,Del_MainPage,200,"Number of samples in transaction : 2, number of failing samples : 0",DeleteContact 2-6,,true,,19210,446,15,30,39,988,1
1537443339293,44,Del_MainPage,200,OK,DeleteContact 2-5,text,true,,19210,446,15,30,43,0,0
1537443338307,44,Del_MainPage,200,"Number of samples in transaction : 2, number of failing samples : 0",DeleteContact 2-5,,true,,19210,446,15,30,43,989,0
1537443339412,32,Del_MainPage,200,OK,DeleteContact 2-7,text,true,,19210,446,15,30,31,0,1
1537443338401,32,Del_MainPage,200,"Number of samples in transaction : 2, number of failing samples : 0",DeleteContact 2-7,,true,,19210,446,15,30,31,987,1
1537443339642,38,Del_ContactFrom,200,OK,DeleteContact 2-3,text,true,,3408,481,15,30,38,0,1
1537443336663,38,Del_ContactFrom,200,"Number of samples in transaction : 2, number of failing samples : 0",DeleteContact 2-3,,true,,3408,481,15,30,38,2952,1
1537443339661,21,Del_ContactFrom,200,OK,DeleteContact 2-15,text,true,,3433,481,15,30,21,0,1
1537443336681,21,Del_ContactFrom,200,"Number of samples in transaction : 2, number of failing samples : 0",DeleteContact 2-15,,true,,3433,481,15,30,21,2953,1
1537443339797,25,Del_ContactFrom,200,OK,DeleteContact 2-1,text,true,,3263,481,15,30,25,0,0
1537443336830,25,Del_ContactFrom,200,"Number of samples in transaction : 2, number of failing samples : 0",DeleteContact 2-1,,true,,3263,481,15,30,25,2940,0
1537443339827,21,Del_ContactFrom,200,OK,DeleteContact 2-4,text,true,,3384,481,15,30,21,0,1
1537443336856,21,Del_ContactFrom,200,"Number of samples in transaction : 2, number of failing samples : 0",DeleteContact 2-4,,true,,3384,481,15,30,21,2944,1
1537443340290,34,Add_MainPage,200,OK,AddContact 1-14,text,true,,19210,446,15,30,33,0,0
1537443339277,34,Add_MainPage,200,"Number of samples in transaction : 2, number of failing samples : 0",AddContact 1-14,,true,,19210,446,15,30,33,986,0
1537443340673,39,Add_MainPage,200,OK,AddContact 1-12,text,true,,19210,446,15,30,38,0,1
1537443339689,39,Add_MainPage,200,"Number of samples in transaction : 2, number of failing samples : 0",AddContact 1-12,,true,,19210,446,15,30,38,985,1
1537443341012,41,Add_MainPage,200,OK,AddContact 1-13,text,true,,19210,446,15,30,39,0,0
1537443340027,41,Add_MainPage,200,"Number of samples in transaction : 2, number of failing samples : 0",AddContact 1-13,,true,,19210,446,15,30,39,986,0
1537443341304,24,Add_ContactForm,200,OK,AddContact 1-14,text,true,,3239,474,15,30,24,0,0
1537443340324,24,Add_ContactForm,200,"Number of samples in transaction : 2, number of failing samples : 0",AddContact 1-14,,true,,3239,474,15,30,24,980,0
1537443341428,31,Add_ContactAction,200,OK,AddContact 1-10,text,true,,2477,1674,15,30,31,0,1
1537443338453,31,Add_ContactAction,200,"Number of samples in transaction : 2, number of failing samples : 0",AddContact 1-10,,true,,2477,1674,15,30,31,2948,1
1537443341582,40,Add_MainPage,200,OK,AddContact 1-1,text,true,,19431,446,15,30,39,0,0
1537443340596,40,Add_MainPage,200,"Number of samples in transaction : 2, number of failing samples : 0",AddContact 1-1,,true,,19431,446,15,30,39,986,0
1537443341690,17,Add_ContactForm,200,OK,AddContact 1-12,text,true,,3239,474,15,30,17,0,0
1537443340713,17,Add_ContactForm,200,"Number of samples in transaction : 2, number of failing samples : 0",AddContact 1-12,,true,,3239,474,15,30,17,977,0
1537443341720,29,Add_ContactAction,200,OK,AddContact 1-11,text,true,,2477,1367,15,30,29,0,1
1537443338762,29,Add_ContactAction,200,"Number of samples in transaction : 2, number of failing samples : 0",AddContact 1-11,,true,,2477,1367,15,30,29,2931,1
1537443341766,19,Del_Contact,200,OK,DeleteContact 2-2,text,true,,2484,510,15,30,19,0,0
1537443338810,19,Del_Contact,200,"Number of samples in transaction : 2, number of failing samples : 0",DeleteContact 2-2,,true,,2484,510,15,30,19,2929,0
1537443341920,51,Del_Contact,200,OK,DeleteContact 2-14,text,true,,2484,510,15,30,51,0,0
1537443338964,51,Del_Contact,200,"Number of samples in transaction : 2, number of failing samples : 0",DeleteContact 2-14,,true,,2484,510,15,30,51,2929,0
1537443342028,24,Add_ContactForm,200,OK,AddContact 1-13,text,true,,3239,474,15,30,24,0,0
1537443341054,24,Add_ContactForm,200,"Number of samples in transaction : 2, number of failing samples : 0",AddContact 1-13,,true,,3239,474,15,30,24,974,0
1537443342259,49,Del_MainPage,200,OK,DeleteContact 2-8,text,true,,19238,446,15,30,47,0,0
1537443341273,49,Del_MainPage,200,"Number of samples in transaction : 2, number of failing samples : 0",DeleteContact 2-8,,true,,19238,446,15,30,47,995,0
1537443342294,36,Del_ContactFrom,200,OK,DeleteContact 2-6,text,true,,3400,481,15,30,36,0,1
1537443339361,36,Del_ContactFrom,200,"Number of samples in transaction : 2, number of failing samples : 0",DeleteContact 2-6,,true,,3400,481,15,30,36,2933,1
1537443342307,27,Del_ContactFrom,200,OK,DeleteContact 2-5,text,true,,3303,481,15,30,27,0,0
1537443339367,27,Del_ContactFrom,200,"Number of samples in transaction : 2, number of failing samples : 0",DeleteContact 2-5,,true,,3303,481,15,30,27,2941,0
1537443342381,39,Del_ContactFrom,200,OK,DeleteContact 2-7,text,true,,3387,481,15,30,39,0,0
1537443339447,39,Del_ContactFrom,200,"Number of samples in transaction : 2, number of failing samples : 0",DeleteContact 2-7,,true,,3387,481,15,30,39,2934,0
1537443342381,49,Del_MainPage,200,OK,DeleteContact 2-10,text,true,,19238,446,15,30,48,0,1
1537443341400,49,Del_MainPage,200,"Number of samples in transaction : 2, number of failing samples : 0",DeleteContact 2-10,,true,,19238,446,15,30,48,983,1
1537443342520,23,Del_MainPage,200,OK,DeleteContact 2-9,text,true,,19238,446,15,30,22,0,1
1537443341534,23,Del_MainPage,200,"Number of samples in transaction : 2, number of failing samples : 0",DeleteContact 2-9,,true,,19238,446,15,30,22,989,1
1537443342598,60,Add_ContactForm,200,OK,AddContact 1-1,text,true,,3239,474,15,30,60,0,0
1537443341622,60,Add_ContactForm,200,"Number of samples in transaction : 2, number of failing samples : 0",AddContact 1-1,,true,,3239,474,15,30,60,977,0
1537443342597,73,Del_MainPage,200,OK,DeleteContact 2-11,text,true,,19238,446,15,30,73,0,1
1537443341618,73,Del_MainPage,200,"Number of samples in transaction : 2, number of failing samples : 0",DeleteContact 2-11,,true,,19238,446,15,30,73,982,1
1537443342628,57,Del_Contact,200,OK,DeleteContact 2-15,text,true,,2484,510,15,30,57,0,0
1537443339682,57,Del_Contact,200,"Number of samples in transaction : 2, number of failing samples : 0",DeleteContact 2-15,,true,,2484,510,15,30,57,2947,0
1537443342627,62,Del_Contact,200,OK,DeleteContact 2-3,text,true,,2483,510,15,30,61,0,1
1537443339680,62,Del_Contact,200,"Number of samples in transaction : 2, number of failing samples : 0",DeleteContact 2-3,,true,,2483,510,15,30,61,2947,1
1537443342689,21,Del_MainPage,200,OK,DeleteContact 2-12,text,true,,18796,446,15,30,20,0,1
1537443341705,21,Del_MainPage,200,"Number of samples in transaction : 2, number of failing samples : 0",DeleteContact 2-12,,true,,18796,446,15,30,20,987,1
1537443342751,27,Del_Contact,200,OK,DeleteContact 2-1,text,true,,2484,510,15,30,27,0,1
1537443339823,27,Del_Contact,200,"Number of samples in transaction : 2, number of failing samples : 0",DeleteContact 2-1,,true,,2484,510,15,30,27,2928,1
1537443342782,54,Del_Contact,200,OK,DeleteContact 2-4,text,true,,2484,510,15,30,54,0,0
1537443339848,54,Del_Contact,200,"Number of samples in transaction : 2, number of failing samples : 0",DeleteContact 2-4,,true,,2484,510,15,30,54,2935,0
1537443343120,41,Add_MainPage,200,OK,AddContact 1-3,text,true,,18499,446,15,30,40,0,1
1537443342135,41,Add_MainPage,200,"Number of samples in transaction : 2, number of failing samples : 0",AddContact 1-3,,true,,18499,446,15,30,40,985,1
1537443343166,40,Add_MainPage,200,OK,AddContact 1-4,text,true,,18499,446,15,30,40,0,1
1537443342181,40,Add_MainPage,200,"Number of samples in transaction : 2, number of failing samples : 0",AddContact 1-4,,true,,18499,446,15,30,40,985,1
1537443343181,47,Add_MainPage,200,OK,AddContact 1-15,text,true,,18499,446,15,30,46,0,1
1537443342197,47,Add_MainPage,200,"Number of samples in transaction : 2, number of failing samples : 0",AddContact 1-15,,true,,18499,446,15,30,46,984,1
1537443343182,50,Add_MainPage,200,OK,AddContact 1-2,text,true,,18499,446,15,30,49,0,0
1537443342197,50,Add_MainPage,200,"Number of samples in transaction : 2, number of failing samples : 0",AddContact 1-2,,true,,18499,446,15,30,49,985,0
1537443343366,33,Del_MainPage,200,OK,DeleteContact 2-13,text,true,,18499,446,15,30,32,0,1
1537443342381,33,Del_MainPage,200,"Number of samples in transaction : 2, number of failing samples : 0",DeleteContact 2-13,,true,,18499,446,15,30,32,987,1
1537443343536,21,Add_MainPage,200,OK,AddContact 1-5,text,true,,18499,446,15,30,20,0,0
1537443342551,21,Add_MainPage,200,"Number of samples in transaction : 2, number of failing samples : 0",AddContact 1-5,,true,,18499,446,15,30,20,985,0
1537443344136,22,Add_ContactForm,200,OK,AddContact 1-3,text,true,,3239,474,15,30,22,0,0
1537443343161,22,Add_ContactForm,200,"Number of samples in transaction : 2, number of failing samples : 0",AddContact 1-3,,true,,3239,474,15,30,22,976,0
1537443344181,14,Add_ContactForm,200,OK,AddContact 1-4,text,true,,3239,474,15,30,14,0,0
1537443343206,14,Add_ContactForm,200,"Number of samples in transaction : 2, number of failing samples : 0",AddContact 1-4,,true,,3239,474,15,30,14,975,0
1537443344213,26,Add_ContactForm,200,OK,AddContact 1-15,text,true,,3239,474,15,30,26,0,0
1537443343228,26,Add_ContactForm,200,"Number of samples in transaction : 2, number of failing samples : 0",AddContact 1-15,,true,,3239,474,15,30,26,985,0
1537443344213,28,Add_ContactForm,200,OK,AddContact 1-2,text,true,,3239,474,15,30,28,0,0
1537443343232,28,Add_ContactForm,200,"Number of samples in transaction : 2, number of failing samples : 0",AddContact 1-2,,true,,3239,474,15,30,28,981,0
1537443344269,15,Add_ContactAction,200,OK,AddContact 1-14,text,true,,2477,1211,15,30,15,0,1
1537443341328,15,Add_ContactAction,200,"Number of samples in transaction : 2, number of failing samples : 0",AddContact 1-14,,true,,2477,1211,15,30,15,2932,1
1537443344546,24,Add_ContactForm,200,OK,AddContact 1-5,text,true,,3239,474,15,30,24,0,0
1537443343557,24,Add_ContactForm,200,"Number of samples in transaction : 2, number of failing samples : 0",AddContact 1-5,,true,,3239,474,15,30,24,979,0
1537443344654,31,Add_ContactAction,200,OK,AddContact 1-12,text,true,,2477,1229,15,30,31,0,1
1537443341707,31,Add_ContactAction,200,"Number of samples in transaction : 2, number of failing samples : 0",AddContact 1-12,,true,,2477,1229,15,30,31,2938,1
1537443344992,19,Add_ContactAction,200,OK,AddContact 1-13,text,true,,2477,1716,15,30,19,0,0
1537443342052,19,Add_ContactAction,200,"Number of samples in transaction : 2, number of failing samples : 0",AddContact 1-13,,true,,2477,1716,15,30,19,2930,0
1537443345253,13,Del_ContactFrom,200,OK,DeleteContact 2-8,text,true,,3343,481,15,30,13,0,1
1537443342317,13,Del_ContactFrom,200,"Number of samples in transaction : 2, number of failing samples : 0",DeleteContact 2-8,,true,,3343,481,15,30,13,2927,1
1537443345269,36,Del_Contact,200,OK,DeleteContact 2-6,text,true,,2484,510,15,30,36,0,7
1537443342330,36,Del_Contact,200,"Number of samples in transaction : 2, number of failing samples : 0",DeleteContact 2-6,,true,,2484,510,15,30,36,2929,7
1537443345285,23,Del_Contact,200,OK,DeleteContact 2-5,text,true,,2484,510,15,30,23,0,0
1537443342335,23,Del_Contact,200,"Number of samples in transaction : 2, number of failing samples : 0",DeleteContact 2-5,,true,,2484,510,15,30,23,2941,0
1537443345380,30,Del_ContactFrom,200,OK,DeleteContact 2-10,text,true,,3399,481,15,30,30,0,1
1537443342432,30,Del_ContactFrom,200,"Number of samples in transaction : 2, number of failing samples : 0",DeleteContact 2-10,,true,,3399,481,15,30,30,2939,1
1537443345362,71,Del_Contact,200,OK,DeleteContact 2-7,text,true,,2484,510,15,30,71,0,1
1537443342420,71,Del_Contact,200,"Number of samples in transaction : 2, number of failing samples : 0",DeleteContact 2-7,,true,,2484,510,15,30,71,2932,1
1537443345484,23,Del_ContactFrom,200,OK,DeleteContact 2-9,text,true,,3343,481,15,30,22,0,1
1537443342546,23,Del_ContactFrom,200,"Number of samples in transaction : 2, number of failing samples : 0",DeleteContact 2-9,,true,,3343,481,15,30,22,2928,1
1537443345609,41,Del_ContactFrom,200,OK,DeleteContact 2-11,text,true,,3175,481,15,30,41,0,0
1537443342673,41,Del_ContactFrom,200,"Number of samples in transaction : 2, number of failing samples : 0",DeleteContact 2-11,,true,,3175,481,15,30,41,2926,0
1537443345608,92,Add_ContactAction,200,OK,AddContact 1-1,text,true,,2477,1469,15,30,92,0,1
1537443342659,92,Add_ContactAction,200,"Number of samples in transaction : 2, number of failing samples : 0",AddContact 1-1,,true,,2477,1469,15,30,92,2939,1
1537443345700,39,Del_ContactFrom,200,OK,DeleteContact 2-12,text,true,,3396,481,15,30,39,0,1
1537443342713,39,Del_ContactFrom,200,"Number of samples in transaction : 2, number of failing samples : 0",DeleteContact 2-12,,true,,3396,481,15,30,39,2978,1
1537443345976,42,Add_MainPage,200,OK,AddContact 1-6,text,true,,18661,446,15,30,40,0,1
1537443344993,42,Add_MainPage,200,"Number of samples in transaction : 2, number of failing samples : 0",AddContact 1-6,,true,,18661,446,15,30,40,983,1
1537443346349,44,Del_ContactFrom,200,OK,DeleteContact 2-13,text,true,,3414,481,15,30,44,0,1
1537443343401,44,Del_ContactFrom,200,"Number of samples in transaction : 2, number of failing samples : 0",DeleteContact 2-13,,true,,3414,481,15,30,44,2939,1
1537443346350,62,Add_MainPage,200,OK,AddContact 1-8,text,true,,18661,446,15,30,61,0,1
1537443345363,62,Add_MainPage,200,"Number of samples in transaction : 2, number of failing samples : 0",AddContact 1-8,,true,,18661,446,15,30,61,987,1
1537443346331,84,Add_MainPage,200,OK,AddContact 1-7,text,true,,18661,446,15,30,83,0,0
1537443345346,84,Add_MainPage,200,"Number of samples in transaction : 2, number of failing samples : 0",AddContact 1-7,,true,,18661,446,15,30,83,986,0
1537443346501,24,Add_MainPage,200,OK,AddContact 1-9,text,true,,18661,446,15,30,23,0,0
1537443345515,24,Add_MainPage,200,"Number of samples in transaction : 2, number of failing samples : 0",AddContact 1-9,,true,,18661,446,15,30,23,987,0
1537443346993,26,Add_ContactForm,200,OK,AddContact 1-6,text,true,,3239,474,15,30,25,0,0
1537443346018,26,Add_ContactForm,200,"Number of samples in transaction : 2, number of failing samples : 0",AddContact 1-6,,true,,3239,474,15,30,25,975,0
1537443347101,43,Add_ContactAction,200,OK,AddContact 1-3,text,true,,2477,1547,15,30,43,0,1
1537443344159,43,Add_ContactAction,200,"Number of samples in transaction : 2, number of failing samples : 0",AddContact 1-3,,true,,2477,1547,15,30,43,2933,1
1537443347132,19,Add_ContactAction,200,OK,AddContact 1-4,text,true,,2477,1457,15,30,19,0,1
1537443344195,19,Add_ContactAction,200,"Number of samples in transaction : 2, number of failing samples : 0",AddContact 1-4,,true,,2477,1457,15,30,19,2927,1
1537443347177,68,Add_ContactAction,200,OK,AddContact 1-15,text,true,,2477,1391,15,30,68,0,1
1537443344249,68,Add_ContactAction,200,"Number of samples in transaction : 2, number of failing samples : 0",AddContact 1-15,,true,,2477,1391,15,30,68,2928,1
1537443347178,70,Add_ContactAction,200,OK,AddContact 1-2,text,true,,2477,1385,15,30,70,0,0
1537443344251,70,Add_ContactAction,200,"Number of samples in transaction : 2, number of failing samples : 0",AddContact 1-2,,true,,2477,1385,15,30,70,2927,0
1537443347384,42,Add_ContactForm,200,OK,AddContact 1-8,text,true,,3239,474,15,30,42,0,0
1537443346412,42,Add_ContactForm,200,"Number of samples in transaction : 2, number of failing samples : 0",AddContact 1-8,,true,,3239,474,15,30,42,973,0
1537443347403,25,Add_ContactForm,200,OK,AddContact 1-7,text,true,,3239,474,15,30,25,0,0
1537443346416,25,Add_ContactForm,200,"Number of samples in transaction : 2, number of failing samples : 0",AddContact 1-7,,true,,3239,474,15,30,25,987,0
1537443347501,46,Add_ContactForm,200,OK,AddContact 1-9,text,true,,3239,474,15,30,46,0,0
1537443346526,46,Add_ContactForm,200,"Number of samples in transaction : 2, number of failing samples : 0",AddContact 1-9,,true,,3239,474,15,30,46,975,0
1537443347501,74,Add_ContactAction,200,OK,AddContact 1-5,text,true,,2477,1103,15,30,74,0,1
1537443344570,74,Add_ContactAction,200,"Number of samples in transaction : 2, number of failing samples : 0",AddContact 1-5,,true,,2477,1103,15,30,74,2931,1
1537443347670,44,Del_MainPage,200,OK,DeleteContact 2-2,text,true,,19470,446,15,30,43,0,1
1537443346685,44,Del_MainPage,200,"Number of samples in transaction : 2, number of failing samples : 0",DeleteContact 2-2,,true,,19470,446,15,30,43,988,1
1537443347855,39,Del_MainPage,200,OK,DeleteContact 2-14,text,true,,19470,446,15,30,38,0,0
1537443346869,39,Del_MainPage,200,"Number of samples in transaction : 2, number of failing samples : 0",DeleteContact 2-14,,true,,19470,446,15,30,38,988,0
1537443348193,45,Del_Contact,200,OK,DeleteContact 2-8,text,true,,2484,510,15,30,45,0,1
1537443345267,45,Del_Contact,200,"Number of samples in transaction : 2, number of failing samples : 0",DeleteContact 2-8,,true,,2484,510,15,30,45,2927,1
1537443348347,31,Del_Contact,200,OK,DeleteContact 2-10,text,true,,2484,510,15,30,31,0,1
1537443345411,31,Del_Contact,200,"Number of samples in transaction : 2, number of failing samples : 0",DeleteContact 2-10,,true,,2484,510,15,30,31,2936,1
1537443348440,23,Del_Contact,200,OK,DeleteContact 2-9,text,true,,2490,510,15,30,23,0,1
1537443345507,23,Del_Contact,200,"Number of samples in transaction : 2, number of failing samples : 0",DeleteContact 2-9,,true,,2490,510,15,30,23,2934,1
1537443348599,18,Del_Contact,200,OK,DeleteContact 2-11,text,true,,2489,510,15,30,18,0,1
1537443345650,18,Del_Contact,200,"Number of samples in transaction : 2, number of failing samples : 0",DeleteContact 2-11,,true,,2489,510,15,30,18,2949,1
1537443348562,72,Del_MainPage,200,OK,DeleteContact 2-15,text,true,,19130,446,15,30,72,0,1
1537443347578,72,Del_MainPage,200,"Number of samples in transaction : 2, number of failing samples : 0",DeleteContact 2-15,,true,,19130,446,15,30,72,987,1
1537443348563,77,Del_MainPage,200,OK,DeleteContact 2-3,text,true,,19130,446,15,30,76,0,1
1537443347578,77,Del_MainPage,200,"Number of samples in transaction : 2, number of failing samples : 0",DeleteContact 2-3,,true,,19130,446,15,30,76,988,1
1537443348655,31,Del_MainPage,200,OK,DeleteContact 2-1,text,true,,19130,446,15,30,31,0,1
1537443347671,31,Del_MainPage,200,"Number of samples in transaction : 2, number of failing samples : 0",DeleteContact 2-1,,true,,19130,446,15,30,31,987,1
1537443348674,40,Del_Contact,200,OK,DeleteContact 2-12,text,true,,2484,510,15,30,40,0,0
1537443345740,40,Del_Contact,200,"Number of samples in transaction : 2, number of failing samples : 0",DeleteContact 2-12,,true,,2484,510,15,30,40,2934,0
1537443348717,24,Del_MainPage,200,OK,DeleteContact 2-4,text,true,,18927,446,15,30,22,0,0
1537443347730,24,Del_MainPage,200,"Number of samples in transaction : 2, number of failing samples : 0",DeleteContact 2-4,,true,,18927,446,15,30,22,989,0
1537443349412,48,Add_MainPage,200,OK,AddContact 1-10,text,true,,18927,446,15,30,47,0,0
1537443348316,48,Add_MainPage,200,"Number of samples in transaction : 2, number of failing samples : 0",AddContact 1-10,,true,,18927,446,15,30,47,986,0
1537443349447,54,Del_Contact,200,OK,DeleteContact 2-13,text,true,,2484,510,15,30,54,0,0
1537443346394,54,Del_Contact,200,"Number of samples in transaction : 2, number of failing samples : 0",DeleteContact 2-13,,true,,2484,510,15,30,54,2943,0
1537443349688,36,Add_MainPage,200,OK,AddContact 1-11,text,true,,18708,446,15,30,35,0,1
1537443348600,36,Add_MainPage,200,"Number of samples in transaction : 2, number of failing samples : 0",AddContact 1-11,,true,,18708,446,15,30,35,978,1
1537443350058,47,Add_ContactAction,200,OK,AddContact 1-6,text,true,,2477,1614,15,30,47,0,1
1537443347019,47,Add_ContactAction,200,"Number of samples in transaction : 2, number of failing samples : 0",AddContact 1-6,,true,,2477,1614,15,30,47,2929,1
1537443350442,30,Add_ContactForm,200,OK,AddContact 1-10,text,true,,3239,474,15,30,30,0,0
1537443349460,30,Add_ContactForm,200,"Number of samples in transaction : 2, number of failing samples : 0",AddContact 1-10,,true,,3239,474,15,30,30,983,0
1537443350473,61,Add_ContactAction,200,OK,AddContact 1-7,text,true,,2477,1415,15,30,61,0,1
1537443347429,61,Add_ContactAction,200,"Number of samples in transaction : 2, number of failing samples : 0",AddContact 1-7,,true,,2477,1415,15,30,61,2934,1
1537443350474,66,Add_ContactAction,200,OK,AddContact 1-8,text,true,,2477,1547,15,30,65,0,1
1537443347427,66,Add_ContactAction,200,"Number of samples in transaction : 2, number of failing samples : 0",AddContact 1-8,,true,,2477,1547,15,30,65,2937,1
1537443350596,41,Add_ContactAction,200,OK,AddContact 1-9,text,true,,2477,1457,15,30,41,0,1
1537443347548,41,Add_ContactAction,200,"Number of samples in transaction : 2, number of failing samples : 0",AddContact 1-9,,true,,2477,1457,15,30,41,2938,1
1537443350704,24,Add_ContactForm,200,OK,AddContact 1-11,text,true,,3239,474,15,30,24,0,0
1537443349724,24,Add_ContactForm,200,"Number of samples in transaction : 2, number of failing samples : 0",AddContact 1-11,,true,,3239,474,15,30,24,981,0
1537443350765,27,Del_ContactFrom,200,OK,DeleteContact 2-2,text,true,,3390,481,15,30,27,0,1
1537443347717,27,Del_ContactFrom,200,"Number of samples in transaction : 2, number of failing samples : 0",DeleteContact 2-2,,true,,3390,481,15,30,27,2939,1
1537443350934,27,Del_ContactFrom,200,OK,DeleteContact 2-14,text,true,,3387,481,15,30,26,0,1
1537443347896,27,Del_ContactFrom,200,"Number of samples in transaction : 2, number of failing samples : 0",DeleteContact 2-14,,true,,3387,481,15,30,26,2928,1
1537443351289,56,Del_MainPage,200,OK,DeleteContact 2-6,text,true,,19449,446,15,30,56,0,1
1537443350303,56,Del_MainPage,200,"Number of samples in transaction : 2, number of failing samples : 0",DeleteContact 2-6,,true,,19449,446,15,30,56,989,1
1537443351290,71,Del_MainPage,200,OK,DeleteContact 2-5,text,true,,19449,446,15,30,70,0,1
1537443350303,71,Del_MainPage,200,"Number of samples in transaction : 2, number of failing samples : 0",DeleteContact 2-5,,true,,19449,446,15,30,70,990,1
1537443351412,42,Del_MainPage,200,OK,DeleteContact 2-7,text,true,,19449,446,15,30,40,0,0
1537443350427,42,Del_MainPage,200,"Number of samples in transaction : 2, number of failing samples : 0",DeleteContact 2-7,,true,,19449,446,15,30,40,989,0
1537443351658,43,Del_ContactFrom,200,OK,DeleteContact 2-15,text,true,,3263,481,15,30,43,0,0
1537443348637,43,Del_ContactFrom,200,"Number of samples in transaction : 2, number of failing samples : 0",DeleteContact 2-15,,true,,3263,481,15,30,43,2912,0
1537443351679,25,Del_ContactFrom,200,OK,DeleteContact 2-3,text,true,,3395,481,15,30,24,0,1
1537443348643,25,Del_ContactFrom,200,"Number of samples in transaction : 2, number of failing samples : 0",DeleteContact 2-3,,true,,3395,481,15,30,24,2926,1
1537443351720,13,Del_ContactFrom,200,OK,DeleteContact 2-1,text,true,,3371,481,15,30,13,0,0
1537443348689,13,Del_ContactFrom,200,"Number of samples in transaction : 2, number of failing samples : 0",DeleteContact 2-1,,true,,3371,481,15,30,13,2921,0
1537443351766,14,Del_ContactFrom,200,OK,DeleteContact 2-4,text,true,,3380,481,15,30,14,0,0
1537443348743,14,Del_ContactFrom,200,"Number of samples in transaction : 2, number of failing samples : 0",DeleteContact 2-4,,true,,3380,481,15,30,14,2913,0
1537443352228,37,Add_MainPage,200,OK,AddContact 1-14,text,true,,19449,446,15,30,36,0,1
1537443351243,37,Add_MainPage,200,"Number of samples in transaction : 2, number of failing samples : 0",AddContact 1-14,,true,,19449,446,15,30,36,985,1
1537443352627,22,Add_MainPage,200,OK,AddContact 1-12,text,true,,19449,446,15,30,21,0,1
1537443351643,22,Add_MainPage,200,"Number of samples in transaction : 2, number of failing samples : 0",AddContact 1-12,,true,,19449,446,15,30,21,984,1
1537443352951,42,Add_MainPage,200,OK,AddContact 1-13,text,true,,19449,446,15,30,41,0,1
1537443351966,42,Add_MainPage,200,"Number of samples in transaction : 2, number of failing samples : 0",AddContact 1-13,,true,,19449,446,15,30,41,985,1
1537443353243,24,Add_ContactForm,200,OK,AddContact 1-14,text,true,,3239,474,15,30,24,0,0
1537443352265,24,Add_ContactForm,200,"Number of samples in transaction : 2, number of failing samples : 0",AddContact 1-14,,true,,3239,474,15,30,24,978,0
1537443353412,45,Add_ContactAction,200,OK,AddContact 1-10,text,true,,2477,1247,15,30,45,0,1
1537443350473,45,Add_ContactAction,200,"Number of samples in transaction : 2, number of failing samples : 0",AddContact 1-10,,true,,2477,1247,15,30,45,2939,1
1537443353628,83,Add_ContactForm,200,OK,AddContact 1-12,text,true,,3239,474,15,30,83,0,0
1537443352649,83,Add_ContactForm,200,"Number of samples in transaction : 2, number of failing samples : 0",AddContact 1-12,,true,,3239,474,15,30,83,980,0
1537443353627,106,Add_MainPage,200,OK,AddContact 1-1,text,true,,19577,446,15,30,106,0,1
1537443352646,106,Add_MainPage,200,"Number of samples in transaction : 2, number of failing samples : 0",AddContact 1-1,,true,,19577,446,15,30,106,981,1
1537443353648,91,Add_ContactAction,200,OK,AddContact 1-11,text,true,,2477,1674,15,30,91,0,35
1537443350729,91,Add_ContactAction,200,"Number of samples in transaction : 2, number of failing samples : 0",AddContact 1-11,,true,,2477,1674,15,30,91,2920,35
1537443353705,46,Del_Contact,200,OK,DeleteContact 2-2,text,true,,2484,510,15,30,46,0,0
1537443350793,46,Del_Contact,200,"Number of samples in transaction : 2, number of failing samples : 0",DeleteContact 2-2,,true,,2484,510,15,30,46,2912,0
1537443353874,41,Del_Contact,200,OK,DeleteContact 2-14,text,true,,2484,510,15,30,41,0,1
1537443350961,41,Del_Contact,200,"Number of samples in transaction : 2, number of failing samples : 0",DeleteContact 2-14,,true,,2484,510,15,30,41,2913,1
1537443353967,25,Add_ContactForm,200,OK,AddContact 1-13,text,true,,3239,474,15,30,24,0,0
1537443352993,25,Add_ContactForm,200,"Number of samples in transaction : 2, number of failing samples : 0",AddContact 1-13,,true,,3239,474,15,30,24,974,0
1537443354325,41,Del_MainPage,200,OK,DeleteContact 2-8,text,true,,19423,446,15,30,40,0,1
1537443353212,41,Del_MainPage,200,"Number of samples in transaction : 2, number of failing samples : 0",DeleteContact 2-8,,true,,19423,446,15,30,40,988,1
1537443354386,13,Del_ContactFrom,200,OK,DeleteContact 2-6,text,true,,3388,481,15,30,13,0,1
1537443351348,13,Del_ContactFrom,200,"Number of samples in transaction : 2, number of failing samples : 0",DeleteContact 2-6,,true,,3388,481,15,30,13,2911,1
1537443354402,20,Del_ContactFrom,200,OK,DeleteContact 2-5,text,true,,3404,481,15,30,20,0,0
1537443351364,20,Del_ContactFrom,200,"Number of samples in transaction : 2, number of failing samples : 0",DeleteContact 2-5,,true,,3404,481,15,30,20,2911,0
1537443354479,46,Del_MainPage,200,OK,DeleteContact 2-10,text,true,,19423,446,15,30,46,0,1
1537443353366,46,Del_MainPage,200,"Number of samples in transaction : 2, number of failing samples : 0",DeleteContact 2-10,,true,,19423,446,15,30,46,988,1
1537443354513,19,Del_ContactFrom,200,OK,DeleteContact 2-7,text,true,,3370,481,15,30,19,0,0
1537443351458,19,Del_ContactFrom,200,"Number of samples in transaction : 2, number of failing samples : 0",DeleteContact 2-7,,true,,3370,481,15,30,19,2927,0
1537443354556,21,Del_MainPage,200,OK,DeleteContact 2-9,text,true,,19423,446,15,30,20,0,0
1537443353447,21,Del_MainPage,200,"Number of samples in transaction : 2, number of failing samples : 0",DeleteContact 2-9,,true,,19423,446,15,30,20,984,0
1537443354710,44,Del_MainPage,200,OK,DeleteContact 2-11,text,true,,19423,446,15,30,42,0,1
1537443353597,44,Del_MainPage,200,"Number of samples in transaction : 2, number of failing samples : 0",DeleteContact 2-11,,true,,19423,446,15,30,42,991,1
1537443354760,50,Del_Contact,200,OK,DeleteContact 2-15,text,true,,2484,510,15,30,50,0,1
1537443351702,50,Del_Contact,200,"Number of samples in transaction : 2, number of failing samples : 0",DeleteContact 2-15,,true,,2484,510,15,30,50,2930,1
1537443354761,56,Del_Contact,200,OK,DeleteContact 2-3,text,true,,2483,510,15,30,56,0,0
1537443351704,56,Del_Contact,200,"Number of samples in transaction : 2, number of failing samples : 0",DeleteContact 2-3,,true,,2483,510,15,30,56,2930,0
1537443354787,34,Del_Contact,200,OK,DeleteContact 2-1,text,true,,2483,510,15,30,34,0,0
1537443351733,34,Del_Contact,200,"Number of samples in transaction : 2, number of failing samples : 0",DeleteContact 2-1,,true,,2483,510,15,30,34,2926,0
1537443354802,30,Del_MainPage,200,OK,DeleteContact 2-12,text,true,,18939,446,15,30,29,0,0
1537443353689,30,Del_MainPage,200,"Number of samples in transaction : 2, number of failing samples : 0",DeleteContact 2-12,,true,,18939,446,15,30,29,987,0
1537443354835,22,Add_ContactForm,200,OK,AddContact 1-1,text,true,,3239,474,15,30,22,0,0
1537443353733,22,Add_ContactForm,200,"Number of samples in transaction : 2, number of failing samples : 0",AddContact 1-1,,true,,3239,474,15,30,22,974,0
1537443354835,36,Del_Contact,200,OK,DeleteContact 2-4,text,true,,2484,510,15,30,36,0,0
1537443351780,36,Del_Contact,200,"Number of samples in transaction : 2, number of failing samples : 0",DeleteContact 2-4,,true,,2484,510,15,30,36,2927,0
1537443355187,60,Add_MainPage,200,OK,AddContact 1-3,text,true,,18747,446,15,30,59,0,0
1537443354074,60,Add_MainPage,200,"Number of samples in transaction : 2, number of failing samples : 0",AddContact 1-3,,true,,18747,446,15,30,59,985,0
1537443355206,45,Add_MainPage,200,OK,AddContact 1-4,text,true,,18747,446,15,30,44,0,1
1537443354089,45,Add_MainPage,200,"Number of samples in transaction : 2, number of failing samples : 0",AddContact 1-4,,true,,18747,446,15,30,44,989,1
1537443355294,63,Add_MainPage,200,OK,AddContact 1-15,text,true,,18747,446,15,30,61,0,1
1537443354310,63,Add_MainPage,200,"Number of samples in transaction : 2, number of failing samples : 0",AddContact 1-15,,true,,18747,446,15,30,61,984,1
1537443355295,65,Add_MainPage,200,OK,AddContact 1-2,text,true,,18747,446,15,30,64,0,1
1537443354310,65,Add_MainPage,200,"Number of samples in transaction : 2, number of failing samples : 0",AddContact 1-2,,true,,18747,446,15,30,64,986,1
1537443355495,34,Del_MainPage,200,OK,DeleteContact 2-13,text,true,,18747,446,15,30,33,0,1
1537443354513,34,Del_MainPage,200,"Number of samples in transaction : 2, number of failing samples : 0",DeleteContact 2-13,,true,,18747,446,15,30,33,985,1
1537443355617,22,Add_MainPage,200,OK,AddContact 1-5,text,true,,18747,446,15,30,21,0,1
1537443354635,22,Add_MainPage,200,"Number of samples in transaction : 2, number of failing samples : 0",AddContact 1-5,,true,,18747,446,15,30,21,982,1
1537443356217,46,Add_ContactForm,200,OK,AddContact 1-3,text,true,,3239,474,15,30,46,0,0
1537443355247,46,Add_ContactForm,200,"Number of samples in transaction : 2, number of failing samples : 0",AddContact 1-3,,true,,3239,474,15,30,46,970,0
1537443356243,22,Add_ContactForm,200,OK,AddContact 1-4,text,true,,3239,474,15,30,22,0,0
1537443355251,22,Add_ContactForm,200,"Number of samples in transaction : 2, number of failing samples : 0",AddContact 1-4,,true,,3239,474,15,30,22,992,0
1537443356341,45,Add_ContactForm,200,OK,AddContact 1-15,text,true,,3239,474,15,30,44,0,0
1537443355357,45,Add_ContactForm,200,"Number of samples in transaction : 2, number of failing samples : 0",AddContact 1-15,,true,,3239,474,15,30,44,984,0
1537443356341,47,Add_ContactForm,200,OK,AddContact 1-2,text,true,,3239,474,15,30,47,0,0
1537443355361,47,Add_ContactForm,200,"Number of samples in transaction : 2, number of failing samples : 0",AddContact 1-2,,true,,3239,474,15,30,47,980,0
1537443356326,67,Add_ContactAction,200,OK,AddContact 1-14,text,true,,2477,1199,15,30,67,0,1
1537443353268,67,Add_ContactAction,200,"Number of samples in transaction : 2, number of failing samples : 0",AddContact 1-14,,true,,2477,1199,15,30,67,2930,1
1537443356621,26,Add_ContactForm,200,OK,AddContact 1-5,text,true,,3239,474,15,30,26,0,0
1537443355639,26,Add_ContactForm,200,"Number of samples in transaction : 2, number of failing samples : 0",AddContact 1-5,,true,,3239,474,15,30,26,982,0
1537443356787,41,Add_ContactAction,200,OK,AddContact 1-12,text,true,,2477,1710,15,30,41,0,1
1537443353712,41,Add_ContactAction,200,"Number of samples in transaction : 2, number of failing samples : 0",AddContact 1-12,,true,,2477,1710,15,30,41,2948,1
1537443357065,45,Add_ContactAction,200,OK,AddContact 1-13,text,true,,2477,1055,15,30,45,0,0
1537443353992,45,Add_ContactAction,200,"Number of samples in transaction : 2, number of failing samples : 0",AddContact 1-13,,true,,2477,1055,15,30,45,2945,0
1537443357311,25,Del_ContactFrom,200,OK,DeleteContact 2-8,text,true,,3326,481,15,30,25,0,1
1537443354369,25,Del_ContactFrom,200,"Number of samples in transaction : 2, number of failing samples : 0",DeleteContact 2-8,,true,,3326,481,15,30,25,2943,1
1537443357341,17,Del_Contact,200,OK,DeleteContact 2-6,text,true,,2484,510,15,30,17,0,1
1537443354400,17,Del_Contact,200,"Number of samples in transaction : 2, number of failing samples : 0",DeleteContact 2-6,,true,,2484,510,15,30,17,2942,1
1537443357373,14,Del_Contact,200,OK,DeleteContact 2-5,text,true,,2484,510,15,30,14,0,0
1537443354423,14,Del_Contact,200,"Number of samples in transaction : 2, number of failing samples : 0",DeleteContact 2-5,,true,,2484,510,15,30,14,2950,0
1537443357480,46,Del_ContactFrom,200,OK,DeleteContact 2-10,text,true,,3176,481,15,30,46,0,0
1537443354528,46,Del_ContactFrom,200,"Number of samples in transaction : 2, number of failing samples : 0",DeleteContact 2-10,,true,,3176,481,15,30,46,2952,0
1537443357526,16,Del_ContactFrom,200,OK,DeleteContact 2-9,text,true,,3316,481,15,30,16,0,1
1537443354580,16,Del_ContactFrom,200,"Number of samples in transaction : 2, number of failing samples : 0",DeleteContact 2-9,,true,,3316,481,15,30,16,2946,1
1537443357481,151,Del_Contact,200,OK,DeleteContact 2-7,text,true,,2484,510,15,30,151,0,0
1537443354532,151,Del_Contact,200,"Number of samples in transaction : 2, number of failing samples : 0",DeleteContact 2-7,,true,,2484,510,15,30,151,2949,0
1537443357711,29,Del_ContactFrom,200,OK,DeleteContact 2-11,text,true,,3349,481,15,30,29,0,1
1537443354760,29,Del_ContactFrom,200,"Number of samples in transaction : 2, number of failing samples : 0",DeleteContact 2-11,,true,,3349,481,15,30,29,2951,1
1537443357788,40,Del_ContactFrom,200,OK,DeleteContact 2-12,text,true,,3418,481,15,30,40,0,0
1537443354834,40,Del_ContactFrom,200,"Number of samples in transaction : 2, number of failing samples : 0",DeleteContact 2-12,,true,,3418,481,15,30,40,2954,0
1537443357807,33,Add_ContactAction,200,OK,AddContact 1-1,text,true,,2477,1181,15,30,33,0,0
1537443354857,33,Add_ContactAction,200,"Number of samples in transaction : 2, number of failing samples : 0",AddContact 1-1,,true,,2477,1181,15,30,33,2950,0
1537443358065,34,Add_MainPage,200,OK,AddContact 1-6,text,true,,18698,446,15,30,33,0,0
1537443357083,34,Add_MainPage,200,"Number of samples in transaction : 2, number of failing samples : 0",AddContact 1-6,,true,,18698,446,15,30,33,982,0
1537443358480,57,Del_ContactFrom,200,OK,DeleteContact 2-13,text,true,,3366,481,15,30,57,0,1
1537443355532,57,Del_ContactFrom,200,"Number of samples in transaction : 2, number of failing samples : 0",DeleteContact 2-13,,true,,3366,481,15,30,57,2949,1
1537443358501,56,Add_MainPage,200,OK,AddContact 1-7,text,true,,18698,446,15,30,56,0,1
1537443357516,56,Add_MainPage,200,"Number of samples in transaction : 2, number of failing samples : 0",AddContact 1-7,,true,,18698,446,15,30,56,985,1
1537443358515,46,Add_MainPage,200,OK,AddContact 1-8,text,true,,18698,446,15,30,45,0,0
1537443357527,46,Add_MainPage,200,"Number of samples in transaction : 2, number of failing samples : 0",AddContact 1-8,,true,,18698,446,15,30,45,988,0
1537443358600,22,Add_MainPage,200,OK,AddContact 1-9,text,true,,18698,446,15,30,21,0,0
1537443357618,22,Add_MainPage,200,"Number of samples in transaction : 2, number of failing samples : 0",AddContact 1-9,,true,,18698,446,15,30,21,982,0
1537443359080,26,Add_ContactForm,200,OK,AddContact 1-6,text,true,,3239,474,15,30,26,0,0
1537443358099,26,Add_ContactForm,200,"Number of samples in transaction : 2, number of failing samples : 0",AddContact 1-6,,true,,3239,474,15,30,26,981,0
1537443358811,44,Add_ContactAction,200,OK,AddContact 1-3,text,true,,2477,1349,15,30,44,0,1
1537443356263,44,Add_ContactAction,200,"Number of samples in transaction : 2, number of failing samples : 0",AddContact 1-3,,true,,2477,1349,15,30,44,2926,1
1537443358830,44,Add_ContactAction,200,OK,AddContact 1-4,text,true,,2477,1217,15,30,44,0,1
1537443356265,44,Add_ContactAction,200,"Number of samples in transaction : 2, number of failing samples : 0",AddContact 1-4,,true,,2477,1217,15,30,44,2942,1
1537443358934,59,Add_ContactAction,200,OK,AddContact 1-15,text,true,,2477,1445,15,30,59,0,1
1537443356386,59,Add_ContactAction,200,"Number of samples in transaction : 2, number of failing samples : 0",AddContact 1-15,,true,,2477,1445,15,30,59,2925,1
1537443358949,48,Add_ContactAction,200,OK,AddContact 1-2,text,true,,2477,1644,15,30,48,0,0
1537443356388,48,Add_ContactAction,200,"Number of samples in transaction : 2, number of failing samples : 0",AddContact 1-2,,true,,2477,1644,15,30,48,2938,0
1537443359165,59,Add_ContactForm,200,OK,AddContact 1-7,text,true,,3239,474,15,30,58,0,0
1537443358558,59,Add_ContactForm,200,"Number of samples in transaction : 2, number of failing samples : 0",AddContact 1-7,,true,,3239,474,15,30,58,984,0
1537443359165,60,Add_ContactForm,200,OK,AddContact 1-8,text,true,,3239,474,15,30,60,0,0
1537443358561,60,Add_ContactForm,200,"Number of samples in transaction : 2, number of failing samples : 0",AddContact 1-8,,true,,3239,474,15,30,60,982,0
1537443359227,13,Add_ContactForm,200,OK,AddContact 1-9,text,true,,3239,474,15,30,13,0,0
1537443358622,13,Add_ContactForm,200,"Number of samples in transaction : 2, number of failing samples : 0",AddContact 1-9,,true,,3239,474,15,30,13,983,0
1537443359211,47,Add_ContactAction,200,OK,AddContact 1-5,text,true,,2477,1319,15,30,47,0,1
1537443356647,47,Add_ContactAction,200,"Number of samples in transaction : 2, number of failing samples : 0",AddContact 1-5,,true,,2477,1319,15,30,47,2941,1
1537443359396,44,Del_MainPage,200,OK,DeleteContact 2-2,text,true,,19509,446,15,30,42,0,1
1537443358788,44,Del_MainPage,200,"Number of samples in transaction : 2, number of failing samples : 0",DeleteContact 2-2,,true,,19509,446,15,30,42,990,1
1537443359549,34,Del_MainPage,200,OK,DeleteContact 2-14,text,true,,19509,446,15,30,33,0,1
1537443358942,34,Del_MainPage,200,"Number of samples in transaction : 2, number of failing samples : 0",DeleteContact 2-14,,true,,19509,446,15,30,33,993,1
1537443359888,36,Del_Contact,200,OK,DeleteContact 2-8,text,true,,2483,510,15,30,36,0,1
1537443357337,36,Del_Contact,200,"Number of samples in transaction : 2, number of failing samples : 0",DeleteContact 2-8,,true,,2483,510,15,30,36,2928,1
1537443360087,45,Del_Contact,200,OK,DeleteContact 2-10,text,true,,2490,510,15,30,45,0,1
1537443357526,45,Del_Contact,200,"Number of samples in transaction : 2, number of failing samples : 0",DeleteContact 2-10,,true,,2490,510,15,30,45,2938,1
1537443360106,44,Del_Contact,200,OK,DeleteContact 2-9,text,true,,2484,510,15,30,44,0,1
1537443357542,44,Del_Contact,200,"Number of samples in transaction : 2, number of failing samples : 0",DeleteContact 2-9,,true,,2484,510,15,30,44,2941,1
1537443360272,83,Del_Contact,200,OK,DeleteContact 2-11,text,true,,2484,510,15,30,83,0,1
1537443357740,83,Del_Contact,200,"Number of samples in transaction : 2, number of failing samples : 0",DeleteContact 2-11,,true,,2484,510,15,30,83,2909,1
1537443360303,75,Del_MainPage,200,OK,DeleteContact 2-15,text,true,,19134,446,15,30,74,0,1
1537443359334,75,Del_MainPage,200,"Number of samples in transaction : 2, number of failing samples : 0",DeleteContact 2-15,,true,,19134,446,15,30,74,972,1
1537443360342,77,Del_MainPage,200,OK,DeleteContact 2-3,text,true,,19134,446,15,30,76,0,1
1537443359349,77,Del_MainPage,200,"Number of samples in transaction : 2, number of failing samples : 0",DeleteContact 2-3,,true,,19134,446,15,30,76,995,1
1537443360343,91,Del_MainPage,200,OK,DeleteContact 2-1,text,true,,19134,446,15,30,90,0,0
1537443359349,91,Del_MainPage,200,"Number of samples in transaction : 2, number of failing samples : 0",DeleteContact 2-1,,true,,19134,446,15,30,90,996,0
1537443360365,100,Del_Contact,200,OK,DeleteContact 2-12,text,true,,2484,510,15,30,100,0,0
1537443357828,100,Del_Contact,200,"Number of samples in transaction : 2, number of failing samples : 0",DeleteContact 2-12,,true,,2484,510,15,30,100,2915,0
1537443360366,103,Del_MainPage,200,OK,DeleteContact 2-4,text,true,,19134,446,15,30,102,0,0
1537443359397,103,Del_MainPage,200,"Number of samples in transaction : 2, number of failing samples : 0",DeleteContact 2-4,,true,,19134,446,15,30,102,972,0
1537443361042,51,Add_MainPage,200,OK,AddContact 1-10,text,true,,18893,446,15,30,50,0,1
1537443360073,51,Add_MainPage,200,"Number of samples in transaction : 2, number of failing samples : 0",AddContact 1-10,,true,,18893,446,15,30,50,969,1
1537443361076,40,Del_Contact,200,OK,DeleteContact 2-13,text,true,,2484,510,15,30,40,0,0
1537443358538,40,Del_Contact,200,"Number of samples in transaction : 2, number of failing samples : 0",DeleteContact 2-13,,true,,2484,510,15,30,40,2915,0
1537443361320,33,Add_MainPage,200,OK,AddContact 1-11,text,true,,18703,446,15,30,32,0,0
1537443360344,33,Add_MainPage,200,"Number of samples in transaction : 2, number of failing samples : 0",AddContact 1-11,,true,,18703,446,15,30,32,976,0
1537443361660,42,Add_ContactAction,200,OK,AddContact 1-6,text,true,,2477,1163,15,30,42,0,0
1537443359107,42,Add_ContactAction,200,"Number of samples in transaction : 2, number of failing samples : 0",AddContact 1-6,,true,,2477,1163,15,30,42,2931,0
1537443362074,24,Add_ContactForm,200,OK,AddContact 1-10,text,true,,3239,474,15,30,24,0,0
1537443361093,24,Add_ContactForm,200,"Number of samples in transaction : 2, number of failing samples : 0",AddContact 1-10,,true,,3239,474,15,30,24,981,0
1537443362150,69,Add_ContactAction,200,OK,AddContact 1-7,text,true,,2477,1319,15,30,69,0,1
1537443359224,69,Add_ContactAction,200,"Number of samples in transaction : 2, number of failing samples : 0",AddContact 1-7,,true,,2477,1319,15,30,69,2926,1
1537443362151,73,Add_ContactAction,200,OK,AddContact 1-8,text,true,,2477,1439,15,30,73,0,1
1537443359226,73,Add_ContactAction,200,"Number of samples in transaction : 2, number of failing samples : 0",AddContact 1-8,,true,,2477,1439,15,30,73,2925,1
1537443362178,49,Add_ContactAction,200,OK,AddContact 1-9,text,true,,2477,1349,15,30,49,0,0
1537443359241,49,Add_ContactAction,200,"Number of samples in transaction : 2, number of failing samples : 0",AddContact 1-9,,true,,2477,1349,15,30,49,2937,0
1537443362335,25,Add_ContactForm,200,OK,AddContact 1-11,text,true,,3239,474,15,30,25,0,0
1537443361353,25,Add_ContactForm,200,"Number of samples in transaction : 2, number of failing samples : 0",AddContact 1-11,,true,,3239,474,15,30,25,982,0
1537443362381,25,Del_ContactFrom,200,OK,DeleteContact 2-2,text,true,,3386,481,15,30,25,0,0
1537443359445,25,Del_ContactFrom,200,"Number of samples in transaction : 2, number of failing samples : 0",DeleteContact 2-2,,true,,3386,481,15,30,25,2936,0
1537443362520,26,Del_ContactFrom,200,OK,DeleteContact 2-14,text,true,,3358,481,15,30,26,0,1
1537443359592,26,Del_ContactFrom,200,"Number of samples in transaction : 2, number of failing samples : 0",DeleteContact 2-14,,true,,3358,481,15,30,26,2928,1
1537443362857,36,Del_MainPage,200,OK,DeleteContact 2-6,text,true,,19273,446,15,30,34,0,1
1537443361872,36,Del_MainPage,200,"Number of samples in transaction : 2, number of failing samples : 0",DeleteContact 2-6,,true,,19273,446,15,30,34,988,1
1537443362891,29,Del_MainPage,200,OK,DeleteContact 2-5,text,true,,19273,446,15,30,28,0,0
1537443361904,29,Del_MainPage,200,"Number of samples in transaction : 2, number of failing samples : 0",DeleteContact 2-5,,true,,19273,446,15,30,28,990,0
1537443363136,40,Del_MainPage,200,OK,DeleteContact 2-7,text,true,,19273,446,15,30,39,0,0
1537443362152,40,Del_MainPage,200,"Number of samples in transaction : 2, number of failing samples : 0",DeleteContact 2-7,,true,,19273,446,15,30,39,991,0
1537443363335,27,Del_ContactFrom,200,OK,DeleteContact 2-15,text,true,,3340,481,15,30,27,0,1
1537443360381,27,Del_ContactFrom,200,"Number of samples in transaction : 2, number of failing samples : 0",DeleteContact 2-15,,true,,3340,481,15,30,27,2954,1
1537443363366,32,Del_ContactFrom,200,OK,DeleteContact 2-3,text,true,,3370,481,15,30,32,0,0
1537443360421,32,Del_ContactFrom,200,"Number of samples in transaction : 2, number of failing samples : 0",DeleteContact 2-3,,true,,3370,481,15,30,32,2945,0
1537443363383,17,Del_ContactFrom,200,OK,DeleteContact 2-1,text,true,,3386,481,15,30,17,0,0
1537443360436,17,Del_ContactFrom,200,"Number of samples in transaction : 2, number of failing samples : 0",DeleteContact 2-1,,true,,3386,481,15,30,17,2948,0
1537443363412,15,Del_ContactFrom,200,OK,DeleteContact 2-4,text,true,,3362,481,15,30,15,0,1
1537443360472,15,Del_ContactFrom,200,"Number of samples in transaction : 2, number of failing samples : 0",DeleteContact 2-4,,true,,3362,481,15,30,15,2940,1
1537443363448,42,Add_MainPage,200,OK,AddContact 1-14,text,true,,19273,446,15,30,41,0,0
1537443362857,42,Add_MainPage,200,"Number of samples in transaction : 2, number of failing samples : 0",AddContact 1-14,,true,,19273,446,15,30,41,987,0
1537443363878,34,Add_MainPage,200,OK,AddContact 1-12,text,true,,19273,446,15,30,33,0,0
1537443363290,34,Add_MainPage,200,"Number of samples in transaction : 2, number of failing samples : 0",AddContact 1-12,,true,,19273,446,15,30,33,983,0
1537443364171,34,Add_MainPage,200,OK,AddContact 1-13,text,true,,19273,446,15,30,33,0,1
1537443363581,34,Add_MainPage,200,"Number of samples in transaction : 2, number of failing samples : 0",AddContact 1-13,,true,,19273,446,15,30,33,985,1
1537443364464,25,Add_ContactForm,200,OK,AddContact 1-14,text,true,,3239,474,15,30,25,0,0
1537443363491,25,Add_ContactForm,200,"Number of samples in transaction : 2, number of failing samples : 0",AddContact 1-14,,true,,3239,474,15,30,25,974,0
1537443364648,64,Add_ContactAction,200,OK,AddContact 1-10,text,true,,2477,1241,15,30,64,0,1
1537443362098,64,Add_ContactAction,200,"Number of samples in transaction : 2, number of failing samples : 0",AddContact 1-10,,true,,2477,1241,15,30,64,2945,1
1537443364895,38,Add_ContactForm,200,OK,AddContact 1-12,text,true,,3239,474,15,30,38,0,0
1537443363912,38,Add_ContactForm,200,"Number of samples in transaction : 2, number of failing samples : 0",AddContact 1-12,,true,,3239,474,15,30,38,983,0
1537443364895,50,Add_MainPage,200,OK,AddContact 1-1,text,true,,19417,446,15,30,50,0,0
1537443363912,50,Add_MainPage,200,"Number of samples in transaction : 2, number of failing samples : 0",AddContact 1-1,,true,,19417,446,15,30,50,983,0
1537443364916,74,Add_ContactAction,200,OK,AddContact 1-11,text,true,,2477,1391,15,30,73,0,1
1537443362360,74,Add_ContactAction,200,"Number of samples in transaction : 2, number of failing samples : 0",AddContact 1-11,,true,,2477,1391,15,30,73,2951,1
1537443364948,66,Del_Contact,200,OK,DeleteContact 2-2,text,true,,2484,510,15,30,66,0,0
1537443362406,66,Del_Contact,200,"Number of samples in transaction : 2, number of failing samples : 0",DeleteContact 2-2,,true,,2484,510,15,30,66,2937,0
1537443365079,35,Del_Contact,200,OK,DeleteContact 2-14,text,true,,2482,510,15,30,35,0,1
1537443362546,35,Del_Contact,200,"Number of samples in transaction : 2, number of failing samples : 0",DeleteContact 2-14,,true,,2482,510,15,30,35,2928,1
1537443365188,23,Add_ContactForm,200,OK,AddContact 1-13,text,true,,3239,474,15,30,23,0,0
1537443364205,23,Add_ContactForm,200,"Number of samples in transaction : 2, number of failing samples : 0",AddContact 1-13,,true,,3239,474,15,30,23,983,0
1537443365402,49,Del_MainPage,200,OK,DeleteContact 2-8,text,true,,19291,446,15,30,48,0,1
1537443364417,49,Del_MainPage,200,"Number of samples in transaction : 2, number of failing samples : 0",DeleteContact 2-8,,true,,19291,446,15,30,48,988,1
1537443365439,20,Del_ContactFrom,200,OK,DeleteContact 2-6,text,true,,3365,481,15,30,20,0,0
1537443362896,20,Del_ContactFrom,200,"Number of samples in transaction : 2, number of failing samples : 0",DeleteContact 2-6,,true,,3365,481,15,30,20,2938,0
1537443365464,14,Del_ContactFrom,200,OK,DeleteContact 2-5,text,true,,3359,481,15,30,13,0,1
1537443362923,14,Del_ContactFrom,200,"Number of samples in transaction : 2, number of failing samples : 0",DeleteContact 2-5,,true,,3359,481,15,30,13,2936,1
1537443365603,52,Del_MainPage,200,OK,DeleteContact 2-10,text,true,,19291,446,15,30,51,0,1
1537443364618,52,Del_MainPage,200,"Number of samples in transaction : 2, number of failing samples : 0",DeleteContact 2-10,,true,,19291,446,15,30,51,988,1
1537443365639,33,Del_MainPage,200,OK,DeleteContact 2-9,text,true,,19291,446,15,30,31,0,0
1537443364648,33,Del_MainPage,200,"Number of samples in transaction : 2, number of failing samples : 0",DeleteContact 2-9,,true,,19291,446,15,30,31,993,0
1537443365725,26,Del_ContactFrom,200,OK,DeleteContact 2-7,text,true,,3351,481,15,30,26,0,1
1537443363183,26,Del_ContactFrom,200,"Number of samples in transaction : 2, number of failing samples : 0",DeleteContact 2-7,,true,,3351,481,15,30,26,2937,1
1537443365849,40,Del_MainPage,200,OK,DeleteContact 2-11,text,true,,19291,446,15,30,39,0,1
1537443364863,40,Del_MainPage,200,"Number of samples in transaction : 2, number of failing samples : 0",DeleteContact 2-11,,true,,19291,446,15,30,39,989,1
1537443365892,31,Del_Contact,200,OK,DeleteContact 2-15,text,true,,2484,510,15,30,31,0,1
1537443363362,31,Del_Contact,200,"Number of samples in transaction : 2, number of failing samples : 0",DeleteContact 2-15,,true,,2484,510,15,30,31,2925,1
1537443365910,15,Add_ContactForm,200,OK,AddContact 1-1,text,true,,3239,474,15,30,15,0,0
1537443364945,15,Add_ContactForm,200,"Number of samples in transaction : 2, number of failing samples : 0",AddContact 1-1,,true,,3239,474,15,30,15,965,0
1537443365942,44,Del_Contact,200,OK,DeleteContact 2-1,text,true,,2490,510,15,30,44,0,0
1537443363401,44,Del_Contact,200,"Number of samples in transaction : 2, number of failing samples : 0",DeleteContact 2-1,,true,,2490,510,15,30,44,2936,0
1537443365959,40,Del_MainPage,200,OK,DeleteContact 2-12,text,true,,19060,446,15,30,40,0,0
1537443364972,40,Del_MainPage,200,"Number of samples in transaction : 2, number of failing samples : 0",DeleteContact 2-12,,true,,19060,446,15,30,40,990,0
1537443365942,66,Del_Contact,200,OK,DeleteContact 2-3,text,true,,2484,510,15,30,66,0,0
1537443363398,66,Del_Contact,200,"Number of samples in transaction : 2, number of failing samples : 0",DeleteContact 2-3,,true,,2484,510,15,30,66,2939,0
1537443365960,56,Del_Contact,200,OK,DeleteContact 2-4,text,true,,2484,510,15,30,56,0,0
1537443363427,56,Del_Contact,200,"Number of samples in transaction : 2, number of failing samples : 0",DeleteContact 2-4,,true,,2484,510,15,30,56,2929,0
1537443366280,56,Add_MainPage,200,OK,AddContact 1-3,text,true,,18694,446,15,30,55,0,0
1537443365294,56,Add_MainPage,200,"Number of samples in transaction : 2, number of failing samples : 0",AddContact 1-3,,true,,18694,446,15,30,55,987,0
1537443366310,39,Add_MainPage,200,OK,AddContact 1-4,text,true,,18694,446,15,30,38,0,1
1537443365326,39,Add_MainPage,200,"Number of samples in transaction : 2, number of failing samples : 0",AddContact 1-4,,true,,18694,446,15,30,38,985,1
1537443366424,51,Add_MainPage,200,OK,AddContact 1-15,text,true,,18694,446,15,30,50,0,1
1537443365433,51,Add_MainPage,200,"Number of samples in transaction : 2, number of failing samples : 0",AddContact 1-15,,true,,18694,446,15,30,50,991,1
1537443366433,46,Add_MainPage,200,OK,AddContact 1-2,text,true,,18694,446,15,30,45,0,1
1537443365448,46,Add_MainPage,200,"Number of samples in transaction : 2, number of failing samples : 0",AddContact 1-2,,true,,18694,446,15,30,45,985,1
1537443366603,32,Del_MainPage,200,OK,DeleteContact 2-13,text,true,,18694,446,15,30,30,0,0
1537443365621,32,Del_MainPage,200,"Number of samples in transaction : 2, number of failing samples : 0",DeleteContact 2-13,,true,,18694,446,15,30,30,984,0
1537443366695,41,Add_MainPage,200,OK,AddContact 1-5,text,true,,18694,446,15,30,40,0,0
1537443365711,41,Add_MainPage,200,"Number of samples in transaction : 2, number of failing samples : 0",AddContact 1-5,,true,,18694,446,15,30,40,985,0
1537443367295,41,Add_ContactForm,200,OK,AddContact 1-3,text,true,,3239,474,15,30,41,0,0
1537443366337,41,Add_ContactForm,200,"Number of samples in transaction : 2, number of failing samples : 0",AddContact 1-3,,true,,3239,474,15,30,41,958,0
1537443367313,25,Add_ContactForm,200,OK,AddContact 1-4,text,true,,3239,474,15,30,25,0,0
1537443366350,25,Add_ContactForm,200,"Number of samples in transaction : 2, number of failing samples : 0",AddContact 1-4,,true,,3239,474,15,30,25,963,0
1537443367434,32,Add_ContactForm,200,OK,AddContact 1-15,text,true,,3239,474,15,30,31,0,0
1537443366476,32,Add_ContactForm,200,"Number of samples in transaction : 2, number of failing samples : 0",AddContact 1-15,,true,,3239,474,15,30,31,958,0
1537443367449,19,Add_ContactForm,200,OK,AddContact 1-2,text,true,,3239,474,15,30,19,0,0
1537443366479,19,Add_ContactForm,200,"Number of samples in transaction : 2, number of failing samples : 0",AddContact 1-2,,true,,3239,474,15,30,19,970,0
1537443367403,94,Add_ContactAction,200,OK,AddContact 1-14,text,true,,2477,1295,15,30,94,0,1
1537443364490,94,Add_ContactAction,200,"Number of samples in transaction : 2, number of failing samples : 0",AddContact 1-14,,true,,2477,1295,15,30,94,2913,1
1537443367695,24,Add_ContactForm,200,OK,AddContact 1-5,text,true,,3239,474,15,30,24,0,0
1537443366737,24,Add_ContactForm,200,"Number of samples in transaction : 2, number of failing samples : 0",AddContact 1-5,,true,,3239,474,15,30,24,959,0
1537443367850,59,Add_ContactAction,200,OK,AddContact 1-12,text,true,,2477,1169,15,30,59,0,1
1537443364933,59,Add_ContactAction,200,"Number of samples in transaction : 2, number of failing samples : 0",AddContact 1-12,,true,,2477,1169,15,30,59,2917,1
1537443368111,29,Add_ContactAction,200,OK,AddContact 1-13,text,true,,2477,1517,15,30,29,0,1
1537443365211,29,Add_ContactAction,200,"Number of samples in transaction : 2, number of failing samples : 0",AddContact 1-13,,true,,2477,1517,15,30,29,2900,1
1537443368439,55,Del_ContactFrom,200,OK,DeleteContact 2-8,text,true,,3436,481,15,30,54,0,1
1537443365454,55,Del_ContactFrom,200,"Number of samples in transaction : 2, number of failing samples : 0",DeleteContact 2-8,,true,,3436,481,15,30,54,2903,1
1537443368440,98,Del_Contact,200,OK,DeleteContact 2-6,text,true,,2484,510,15,30,98,0,1
1537443365459,98,Del_Contact,200,"Number of samples in transaction : 2, number of failing samples : 0",DeleteContact 2-6,,true,,2484,510,15,30,98,2899,1
1537443368475,67,Del_Contact,200,OK,DeleteContact 2-5,text,true,,2482,510,15,30,67,0,0
1537443365478,67,Del_Contact,200,"Number of samples in transaction : 2, number of failing samples : 0",DeleteContact 2-5,,true,,2482,510,15,30,67,2916,0
1537443368639,46,Del_ContactFrom,200,OK,DeleteContact 2-10,text,true,,3344,481,15,30,46,0,1
1537443365658,46,Del_ContactFrom,200,"Number of samples in transaction : 2, number of failing samples : 0",DeleteContact 2-10,,true,,3344,481,15,30,46,2899,1
1537443368658,29,Del_ContactFrom,200,OK,DeleteContact 2-9,text,true,,3319,481,15,30,29,0,1
1537443365674,29,Del_ContactFrom,200,"Number of samples in transaction : 2, number of failing samples : 0",DeleteContact 2-9,,true,,3319,481,15,30,29,2902,1
1537443368732,16,Del_Contact,200,OK,DeleteContact 2-7,text,true,,2484,510,15,30,16,0,0
1537443365751,16,Del_Contact,200,"Number of samples in transaction : 2, number of failing samples : 0",DeleteContact 2-7,,true,,2484,510,15,30,16,2899,0
1537443368886,40,Del_ContactFrom,200,OK,DeleteContact 2-11,text,true,,3391,481,15,30,40,0,1
1537443365892,40,Del_ContactFrom,200,"Number of samples in transaction : 2, number of failing samples : 0",DeleteContact 2-11,,true,,3391,481,15,30,40,2913,1
1537443368904,36,Add_ContactAction,200,OK,AddContact 1-1,text,true,,2477,1397,15,30,36,0,1
1537443365925,36,Add_ContactAction,200,"Number of samples in transaction : 2, number of failing samples : 0",AddContact 1-1,,true,,2477,1397,15,30,36,2897,1
1537443368977,19,Del_ContactFrom,200,OK,DeleteContact 2-12,text,true,,3175,481,15,30,18,0,1
1537443366002,19,Del_ContactFrom,200,"Number of samples in transaction : 2, number of failing samples : 0",DeleteContact 2-12,,true,,3175,481,15,30,18,2893,1
1537443369163,33,Add_MainPage,200,OK,AddContact 1-6,text,true,,18801,446,15,30,32,0,1
1537443368111,33,Add_MainPage,200,"Number of samples in transaction : 2, number of failing samples : 0",AddContact 1-6,,true,,18801,446,15,30,32,970,1
1537443369609,23,Del_ContactFrom,200,OK,DeleteContact 2-13,text,true,,3350,481,15,30,23,0,0
1537443366637,23,Del_ContactFrom,200,"Number of samples in transaction : 2, number of failing samples : 0",DeleteContact 2-13,,true,,3350,481,15,30,23,2890,0
1537443369701,57,Add_MainPage,200,OK,AddContact 1-9,text,true,,18801,446,15,30,56,0,0
1537443368732,57,Add_MainPage,200,"Number of samples in transaction : 2, number of failing samples : 0",AddContact 1-9,,true,,18801,446,15,30,56,969,0
1537443369702,59,Add_MainPage,200,OK,AddContact 1-8,text,true,,18801,446,15,30,59,0,0
1537443368732,59,Add_MainPage,200,"Number of samples in transaction : 2, number of failing samples : 0",AddContact 1-8,,true,,18801,446,15,30,59,971,0
1537443369702,68,Add_MainPage,200,OK,AddContact 1-7,text,true,,18801,446,15,30,67,0,0
1537443368733,68,Add_MainPage,200,"Number of samples in transaction : 2, number of failing samples : 0",AddContact 1-7,,true,,18801,446,15,30,67,969,0
1537443370163,25,Add_ContactForm,200,OK,AddContact 1-6,text,true,,3239,474,15,30,25,0,0
1537443369196,25,Add_ContactForm,200,"Number of samples in transaction : 2, number of failing samples : 0",AddContact 1-6,,true,,3239,474,15,30,25,968,0
1537443370301,75,Add_ContactAction,200,OK,AddContact 1-3,text,true,,2477,1535,15,30,75,0,1
1537443367336,75,Add_ContactAction,200,"Number of samples in transaction : 2, number of failing samples : 0",AddContact 1-3,,true,,2477,1535,15,30,75,2884,1
1537443370302,110,Add_ContactAction,200,OK,AddContact 1-4,text,true,,2477,1127,15,30,110,0,1
1537443367338,110,Add_ContactAction,200,"Number of samples in transaction : 2, number of failing samples : 0",AddContact 1-4,,true,,2477,1127,15,30,110,2882,1
1537443370440,79,Add_ContactAction,200,OK,AddContact 1-15,text,true,,2477,1626,15,30,79,0,1
1537443367466,79,Add_ContactAction,200,"Number of samples in transaction : 2, number of failing samples : 0",AddContact 1-15,,true,,2477,1626,15,30,79,2892,1
1537443370441,82,Add_ContactAction,200,OK,AddContact 1-2,text,true,,2477,1259,15,30,82,0,0
1537443367468,82,Add_ContactAction,200,"Number of samples in transaction : 2, number of failing samples : 0",AddContact 1-2,,true,,2477,1259,15,30,82,2892,0
1537443370686,66,Add_ContactAction,200,OK,AddContact 1-5,text,true,,2477,1109,15,30,66,0,0
1537443367720,66,Add_ContactAction,200,"Number of samples in transaction : 2, number of failing samples : 0",AddContact 1-5,,true,,2477,1109,15,30,66,2884,0
1537443370717,39,Add_ContactForm,200,OK,AddContact 1-9,text,true,,3239,474,15,30,39,0,0
1537443369758,39,Add_ContactForm,200,"Number of samples in transaction : 2, number of failing samples : 0",AddContact 1-9,,true,,3239,474,15,30,39,959,0
1537443370717,43,Add_ContactForm,200,OK,AddContact 1-8,text,true,,3239,474,15,30,43,0,0
1537443369762,43,Add_ContactForm,200,"Number of samples in transaction : 2, number of failing samples : 0",AddContact 1-8,,true,,3239,474,15,30,43,956,0
1537443370740,24,Add_ContactForm,200,OK,AddContact 1-7,text,true,,3239,474,15,30,24,0,0
1537443369770,24,Add_ContactForm,200,"Number of samples in transaction : 2, number of failing samples : 0",AddContact 1-7,,true,,3239,474,15,30,24,971,0
1537443370917,42,Del_MainPage,200,OK,DeleteContact 2-2,text,true,,19516,446,15,30,41,0,1
1537443369932,42,Del_MainPage,200,"Number of samples in transaction : 2, number of failing samples : 0",DeleteContact 2-2,,true,,19516,446,15,30,41,988,1
1537443370993,27,Del_MainPage,200,OK,DeleteContact 2-14,text,true,,19516,446,15,30,26,0,1
1537443370025,27,Del_MainPage,200,"Number of samples in transaction : 2, number of failing samples : 0",DeleteContact 2-14,,true,,19516,446,15,30,26,971,1
1537443371393,62,Del_Contact,200,OK,DeleteContact 2-8,text,true,,2482,510,15,30,62,0,1
1537443368494,62,Del_Contact,200,"Number of samples in transaction : 2, number of failing samples : 0",DeleteContact 2-8,,true,,2482,510,15,30,62,2900,1
1537443371594,71,Del_Contact,200,OK,DeleteContact 2-10,text,true,,2484,510,15,30,71,0,1
1537443368685,71,Del_Contact,200,"Number of samples in transaction : 2, number of failing samples : 0",DeleteContact 2-10,,true,,2484,510,15,30,71,2909,1
1537443371595,74,Del_Contact,200,OK,DeleteContact 2-9,text,true,,2484,510,15,30,74,0,1
1537443368687,74,Del_Contact,200,"Number of samples in transaction : 2, number of failing samples : 0",DeleteContact 2-9,,true,,2484,510,15,30,74,2908,1
1537443371809,51,Del_MainPage,200,OK,DeleteContact 2-15,text,true,,18988,446,15,30,50,0,1
1537443370840,51,Del_MainPage,200,"Number of samples in transaction : 2, number of failing samples : 0",DeleteContact 2-15,,true,,18988,446,15,30,50,971,1
1537443371830,52,Del_Contact,200,OK,DeleteContact 2-11,text,true,,2484,510,15,30,52,0,0
1537443368927,52,Del_Contact,200,"Number of samples in transaction : 2, number of failing samples : 0",DeleteContact 2-11,,true,,2484,510,15,30,52,2903,0
1537443371871,24,Del_MainPage,200,OK,DeleteContact 2-1,text,true,,18783,446,15,30,23,0,1
1537443370885,24,Del_MainPage,200,"Number of samples in transaction : 2, number of failing samples : 0",DeleteContact 2-1,,true,,18783,446,15,30,23,988,1
1537443371920,19,Del_Contact,200,OK,DeleteContact 2-12,text,true,,2488,510,15,30,19,0,0
1537443368996,19,Del_Contact,200,"Number of samples in transaction : 2, number of failing samples : 0",DeleteContact 2-12,,true,,2488,510,15,30,19,2924,0
1537443371902,54,Del_MainPage,200,OK,DeleteContact 2-3,text,true,,18783,446,15,30,53,0,0
1537443370917,54,Del_MainPage,200,"Number of samples in transaction : 2, number of failing samples : 0",DeleteContact 2-3,,true,,18783,446,15,30,53,987,0
1537443371902,60,Del_MainPage,200,OK,DeleteContact 2-4,text,true,,18783,446,15,30,59,0,1
1537443370917,60,Del_MainPage,200,"Number of samples in transaction : 2, number of failing samples : 0",DeleteContact 2-4,,true,,18783,446,15,30,59,987,1
1537443372640,847,Add_MainPage,200,OK,AddContact 1-10,text,true,,18783,446,15,30,846,0,0
1537443371563,847,Add_MainPage,200,"Number of samples in transaction : 2, number of failing samples : 0",AddContact 1-10,,true,,18783,446,15,30,846,1077,0
1537443372856,635,Add_MainPage,200,OK,AddContact 1-11,text,true,,18783,446,15,30,634,0,0
1537443371856,635,Add_MainPage,200,"Number of samples in transaction : 2, number of failing samples : 0",AddContact 1-11,,true,,18783,446,15,30,634,1000,0
1537443373266,314,Add_ContactAction,200,OK,AddContact 1-6,text,true,,2477,1583,15,30,314,0,0
1537443370189,314,Add_ContactAction,200,"Number of samples in transaction : 2, number of failing samples : 0",AddContact 1-6,,true,,2477,1583,15,30,314,2990,0
1537443372532,963,Del_Contact,200,OK,DeleteContact 2-13,text,true,,2483,510,15,30,963,0,0
1537443369632,963,Del_Contact,200,"Number of samples in transaction : 2, number of failing samples : 0",DeleteContact 2-13,,true,,2483,510,15,30,963,2900,0
1537443373777,96,Add_ContactAction,200,OK,AddContact 1-9,text,true,,2477,1361,15,30,96,0,1
1537443370756,96,Add_ContactAction,200,"Number of samples in transaction : 2, number of failing samples : 0",AddContact 1-9,,true,,2477,1361,15,30,96,2934,1
1537443373779,107,Add_ContactAction,200,OK,AddContact 1-8,text,true,,2477,1499,15,30,107,0,0
1537443370761,107,Add_ContactAction,200,"Number of samples in transaction : 2, number of failing samples : 0",AddContact 1-8,,true,,2477,1499,15,30,107,2931,0
1537443373817,71,Add_ContactAction,200,OK,AddContact 1-7,text,true,,2477,1103,15,30,71,0,1
1537443370765,71,Add_ContactAction,200,"Number of samples in transaction : 2, number of failing samples : 0",AddContact 1-7,,true,,2477,1103,15,30,71,2966,1
1537443373974,25,Del_ContactFrom,200,OK,DeleteContact 2-2,text,true,,3366,481,15,30,25,0,1
1537443370962,25,Del_ContactFrom,200,"Number of samples in transaction : 2, number of failing samples : 0",DeleteContact 2-2,,true,,3366,481,15,30,25,2925,1
1537443374051,23,Del_ContactFrom,200,OK,DeleteContact 2-14,text,true,,3175,481,15,30,23,0,0
1537443371023,23,Del_ContactFrom,200,"Number of samples in transaction : 2, number of failing samples : 0",DeleteContact 2-14,,true,,3175,481,15,30,23,2941,0
1537443374466,52,Del_MainPage,200,OK,DeleteContact 2-6,text,true,,19269,446,15,30,51,0,1
1537443373481,52,Del_MainPage,200,"Number of samples in transaction : 2, number of failing samples : 0",DeleteContact 2-6,,true,,19269,446,15,30,51,988,1
1537443374467,68,Del_MainPage,200,OK,DeleteContact 2-5,text,true,,19269,446,15,30,67,0,1
1537443373481,68,Del_MainPage,200,"Number of samples in transaction : 2, number of failing samples : 0",DeleteContact 2-5,,true,,19269,446,15,30,67,993,1
1537443374558,23,Add_ContactForm,200,OK,AddContact 1-10,text,true,,3239,474,15,30,23,0,0
1537443373574,23,Add_ContactForm,200,"Number of samples in transaction : 2, number of failing samples : 0",AddContact 1-10,,true,,3239,474,15,30,23,985,0
1537443374559,24,Add_ContactForm,200,OK,AddContact 1-11,text,true,,3239,474,15,30,24,0,0
1537443373578,24,Add_ContactForm,200,"Number of samples in transaction : 2, number of failing samples : 0",AddContact 1-11,,true,,3239,474,15,30,24,981,0
1537443374682,34,Del_MainPage,200,OK,DeleteContact 2-7,text,true,,19269,446,15,30,33,0,0
1537443373697,34,Del_MainPage,200,"Number of samples in transaction : 2, number of failing samples : 0",DeleteContact 2-7,,true,,19269,446,15,30,33,988,0
1537443374897,25,Del_ContactFrom,200,OK,DeleteContact 2-15,text,true,,3328,481,15,30,25,0,1
1537443371862,25,Del_ContactFrom,200,"Number of samples in transaction : 2, number of failing samples : 0",DeleteContact 2-15,,true,,3328,481,15,30,25,2948,1
1537443374928,20,Del_ContactFrom,200,OK,DeleteContact 2-1,text,true,,3336,481,15,30,20,0,1
1537443371897,20,Del_ContactFrom,200,"Number of samples in transaction : 2, number of failing samples : 0",DeleteContact 2-1,,true,,3336,481,15,30,20,2945,1
1537443374990,14,Del_ContactFrom,200,OK,DeleteContact 2-3,text,true,,3336,481,15,30,14,0,1
1537443371958,14,Del_ContactFrom,200,"Number of samples in transaction : 2, number of failing samples : 0",DeleteContact 2-3,,true,,3336,481,15,30,14,2945,1
1537443375005,14,Del_ContactFrom,200,OK,DeleteContact 2-4,text,true,,3428,481,15,30,14,0,0
1537443371964,14,Del_ContactFrom,200,"Number of samples in transaction : 2, number of failing samples : 0",DeleteContact 2-4,,true,,3428,481,15,30,14,2954,0
1537443375436,44,Add_MainPage,200,OK,AddContact 1-14,text,true,,19269,446,15,30,43,0,0
1537443374466,44,Add_MainPage,200,"Number of samples in transaction : 2, number of failing samples : 0",AddContact 1-14,,true,,19269,446,15,30,43,970,0
1537443375851,40,Add_MainPage,200,OK,AddContact 1-12,text,true,,19269,446,15,30,39,0,1
1537443374882,40,Add_MainPage,200,"Number of samples in transaction : 2, number of failing samples : 0",AddContact 1-12,,true,,19269,446,15,30,39,969,1
1537443376097,37,Add_MainPage,200,OK,AddContact 1-13,text,true,,19269,446,15,30,36,0,1
1537443375112,37,Add_MainPage,200,"Number of samples in transaction : 2, number of failing samples : 0",AddContact 1-13,,true,,19269,446,15,30,36,985,1
1537443376452,24,Add_ContactForm,200,OK,AddContact 1-14,text,true,,3239,474,15,30,24,0,0
1537443375480,24,Add_ContactForm,200,"Number of samples in transaction : 2, number of failing samples : 0",AddContact 1-14,,true,,3239,474,15,30,24,972,0
1537443376821,58,Add_MainPage,200,OK,AddContact 1-1,text,true,,19269,446,15,30,46,0,0
1537443375836,58,Add_MainPage,200,"Number of samples in transaction : 2, number of failing samples : 0",AddContact 1-1,,true,,19269,446,15,30,46,985,0
1537443376867,16,Add_ContactForm,200,OK,AddContact 1-12,text,true,,3239,474,15,30,16,0,0
1537443375891,16,Add_ContactForm,200,"Number of samples in transaction : 2, number of failing samples : 0",AddContact 1-12,,true,,3239,474,15,30,16,976,0
1537443376928,32,Del_Contact,200,OK,DeleteContact 2-2,text,true,,2484,510,15,30,32,0,1
1537443373999,32,Del_Contact,200,"Number of samples in transaction : 2, number of failing samples : 0",DeleteContact 2-2,,true,,2484,510,15,30,32,2929,1
1537443377005,23,Del_Contact,200,OK,DeleteContact 2-14,text,true,,2489,510,15,30,23,0,1
1537443374074,23,Del_Contact,200,"Number of samples in transaction : 2, number of failing samples : 0",DeleteContact 2-14,,true,,2489,510,15,30,23,2932,1
1537443377114,28,Add_ContactForm,200,OK,AddContact 1-13,text,true,,3239,474,15,30,28,0,0
1537443376134,28,Add_ContactForm,200,"Number of samples in transaction : 2, number of failing samples : 0",AddContact 1-13,,true,,3239,474,15,30,28,980,0
1537443377421,60,Del_MainPage,200,OK,DeleteContact 2-8,text,true,,19109,446,15,30,60,0,1
1537443376436,60,Del_MainPage,200,"Number of samples in transaction : 2, number of failing samples : 0",DeleteContact 2-8,,true,,19109,446,15,30,60,988,1
1537443377458,32,Del_ContactFrom,200,OK,DeleteContact 2-6,text,true,,3368,481,15,30,32,0,1
1537443374521,32,Del_ContactFrom,200,"Number of samples in transaction : 2, number of failing samples : 0",DeleteContact 2-6,,true,,3368,481,15,30,32,2937,1
1537443377468,24,Del_ContactFrom,200,OK,DeleteContact 2-5,text,true,,3366,481,15,30,24,0,0
1537443374542,24,Del_ContactFrom,200,"Number of samples in transaction : 2, number of failing samples : 0",DeleteContact 2-5,,true,,3366,481,15,30,24,2926,0
1537443377513,29,Add_ContactAction,200,OK,AddContact 1-10,text,true,,2477,1373,15,30,29,0,0
1537443374582,29,Add_ContactAction,200,"Number of samples in transaction : 2, number of failing samples : 0",AddContact 1-10,,true,,2477,1373,15,30,29,2931,0
1537443377514,45,Add_ContactAction,200,OK,AddContact 1-11,text,true,,2477,1373,15,30,45,0,0
1537443374583,45,Add_ContactAction,200,"Number of samples in transaction : 2, number of failing samples : 0",AddContact 1-11,,true,,2477,1373,15,30,45,2931,0
1537443377621,66,Del_MainPage,200,OK,DeleteContact 2-10,text,true,,19441,446,15,30,66,0,1
1537443376636,66,Del_MainPage,200,"Number of samples in transaction : 2, number of failing samples : 0",DeleteContact 2-10,,true,,19441,446,15,30,66,999,1
1537443377622,84,Del_MainPage,200,OK,DeleteContact 2-9,text,true,,19441,446,15,30,83,0,1
1537443376636,84,Del_MainPage,200,"Number of samples in transaction : 2, number of failing samples : 0",DeleteContact 2-9,,true,,19441,446,15,30,83,989,1
1537443377652,62,Del_ContactFrom,200,OK,DeleteContact 2-7,text,true,,3401,481,15,30,62,0,1
1537443374719,62,Del_ContactFrom,200,"Number of samples in transaction : 2, number of failing samples : 0",DeleteContact 2-7,,true,,3401,481,15,30,62,2933,1
1537443377857,41,Add_ContactForm,200,OK,AddContact 1-1,text,true,,3239,474,15,30,41,0,0
1537443376879,41,Add_ContactForm,200,"Number of samples in transaction : 2, number of failing samples : 0",AddContact 1-1,,true,,3239,474,15,30,41,978,0
1537443377839,79,Del_MainPage,200,OK,DeleteContact 2-11,text,true,,19441,446,15,30,79,0,1
1537443376851,79,Del_MainPage,200,"Number of samples in transaction : 2, number of failing samples : 0",DeleteContact 2-11,,true,,19441,446,15,30,79,991,1
1537443377897,60,Del_MainPage,200,OK,DeleteContact 2-12,text,true,,19272,446,15,30,60,0,1
1537443376913,60,Del_MainPage,200,"Number of samples in transaction : 2, number of failing samples : 0",DeleteContact 2-12,,true,,19272,446,15,30,60,987,1
1537443377858,128,Del_Contact,200,OK,DeleteContact 2-15,text,true,,2484,510,15,30,128,0,0
1537443374922,128,Del_Contact,200,"Number of samples in transaction : 2, number of failing samples : 0",DeleteContact 2-15,,true,,2484,510,15,30,128,2936,0
1537443377883,108,Del_Contact,200,OK,DeleteContact 2-1,text,true,,2482,510,15,30,108,0,0
1537443374949,108,Del_Contact,200,"Number of samples in transaction : 2, number of failing samples : 0",DeleteContact 2-1,,true,,2482,510,15,30,108,2934,0
1537443377944,51,Del_Contact,200,OK,DeleteContact 2-4,text,true,,2484,510,15,30,51,0,0
1537443375019,51,Del_Contact,200,"Number of samples in transaction : 2, number of failing samples : 0",DeleteContact 2-4,,true,,2484,510,15,30,51,2925,0
1537443377935,64,Del_Contact,200,OK,DeleteContact 2-3,text,true,,2484,510,15,30,64,0,0
1537443375004,64,Del_Contact,200,"Number of samples in transaction : 2, number of failing samples : 0",DeleteContact 2-3,,true,,2484,510,15,30,64,2931,0
1537443378820,40,Add_MainPage,200,OK,AddContact 1-3,text,true,,18726,446,15,30,38,0,1
1537443377297,40,Add_MainPage,200,"Number of samples in transaction : 2, number of failing samples : 0",AddContact 1-3,,true,,18726,446,15,30,38,970,1
1537443378867,21,Add_MainPage,200,OK,AddContact 1-4,text,true,,18726,446,15,30,20,0,0
1537443377344,21,Add_MainPage,200,"Number of samples in transaction : 2, number of failing samples : 0",AddContact 1-4,,true,,18726,446,15,30,20,971,0
1537443378974,54,Add_MainPage,200,OK,AddContact 1-15,text,true,,18726,446,15,30,53,0,0
1537443377451,54,Add_MainPage,200,"Number of samples in transaction : 2, number of failing samples : 0",AddContact 1-15,,true,,18726,446,15,30,53,970,0
1537443378975,70,Add_MainPage,200,OK,AddContact 1-2,text,true,,18726,446,15,30,69,0,0
1537443377451,70,Add_MainPage,200,"Number of samples in transaction : 2, number of failing samples : 0",AddContact 1-2,,true,,18726,446,15,30,69,971,0
1537443379205,22,Add_MainPage,200,OK,AddContact 1-5,text,true,,18726,446,15,30,21,0,1
1537443377684,22,Add_MainPage,200,"Number of samples in transaction : 2, number of failing samples : 0",AddContact 1-5,,true,,18726,446,15,30,21,968,1
1537443379836,25,Add_ContactForm,200,OK,AddContact 1-3,text,true,,3239,474,15,30,24,0,0
1537443378860,25,Add_ContactForm,200,"Number of samples in transaction : 2, number of failing samples : 0",AddContact 1-3,,true,,3239,474,15,30,24,976,0
1537443379867,24,Add_ContactForm,200,OK,AddContact 1-4,text,true,,3239,474,15,30,24,0,0
1537443378889,24,Add_ContactForm,200,"Number of samples in transaction : 2, number of failing samples : 0",AddContact 1-4,,true,,3239,474,15,30,24,979,0
1537443379975,32,Del_MainPage,200,OK,DeleteContact 2-13,text,true,,18897,446,15,30,31,0,1
1537443378989,32,Del_MainPage,200,"Number of samples in transaction : 2, number of failing samples : 0",DeleteContact 2-13,,true,,18897,446,15,30,31,989,1
1537443379944,88,Add_ContactAction,200,OK,AddContact 1-14,text,true,,2477,1385,15,30,88,0,0
1537443376476,88,Add_ContactAction,200,"Number of samples in transaction : 2, number of failing samples : 0",AddContact 1-14,,true,,2477,1385,15,30,88,2915,0
1537443380005,67,Add_ContactForm,200,OK,AddContact 1-15,text,true,,3239,474,15,30,67,0,0
1537443379028,67,Add_ContactForm,200,"Number of samples in transaction : 2, number of failing samples : 0",AddContact 1-15,,true,,3239,474,15,30,67,978,0
1537443380021,54,Add_ContactForm,200,OK,AddContact 1-2,text,true,,3239,474,15,30,54,0,0
1537443379045,54,Add_ContactForm,200,"Number of samples in transaction : 2, number of failing samples : 0",AddContact 1-2,,true,,3239,474,15,30,54,976,0
1537443380206,23,Add_ContactForm,200,OK,AddContact 1-5,text,true,,3239,474,15,30,23,0,0
1537443379227,23,Add_ContactForm,200,"Number of samples in transaction : 2, number of failing samples : 0",AddContact 1-5,,true,,3239,474,15,30,23,979,0
1537443380359,71,Add_ContactAction,200,OK,AddContact 1-12,text,true,,2477,1355,15,30,71,0,1
1537443376883,71,Add_ContactAction,200,"Number of samples in transaction : 2, number of failing samples : 0",AddContact 1-12,,true,,2477,1355,15,30,71,2923,1
1537443380620,32,Add_ContactAction,200,OK,AddContact 1-13,text,true,,2477,1115,15,30,32,0,1
1537443377142,32,Add_ContactAction,200,"Number of samples in transaction : 2, number of failing samples : 0",AddContact 1-13,,true,,2477,1115,15,30,32,2925,1
1537443380961,48,Del_ContactFrom,200,OK,DeleteContact 2-8,text,true,,3343,481,15,30,48,0,0
1537443377484,48,Del_ContactFrom,200,"Number of samples in transaction : 2, number of failing samples : 0",DeleteContact 2-8,,true,,3343,481,15,30,48,2924,0
1537443380959,70,Del_Contact,200,OK,DeleteContact 2-5,text,true,,2484,510,15,30,70,0,1
1537443377493,70,Del_Contact,200,"Number of samples in transaction : 2, number of failing samples : 0",DeleteContact 2-5,,true,,2484,510,15,30,70,2913,1
1537443380960,73,Del_Contact,200,OK,DeleteContact 2-6,text,true,,2484,510,15,30,73,0,1
1537443377490,73,Del_Contact,200,"Number of samples in transaction : 2, number of failing samples : 0",DeleteContact 2-6,,true,,2484,510,15,30,73,2917,1
1537443381175,59,Del_ContactFrom,200,OK,DeleteContact 2-10,text,true,,3432,481,15,30,59,0,1
1537443377701,59,Del_ContactFrom,200,"Number of samples in transaction : 2, number of failing samples : 0",DeleteContact 2-10,,true,,3432,481,15,30,59,2922,1
1537443381176,60,Del_ContactFrom,200,OK,DeleteContact 2-9,text,true,,3351,481,15,30,60,0,1
1537443377709,60,Del_ContactFrom,200,"Number of samples in transaction : 2, number of failing samples : 0",DeleteContact 2-9,,true,,3351,481,15,30,60,2915,1
1537443381210,31,Del_Contact,200,OK,DeleteContact 2-7,text,true,,2484,510,15,30,31,0,0
1537443377714,31,Del_Contact,200,"Number of samples in transaction : 2, number of failing samples : 0",DeleteContact 2-7,,true,,2484,510,15,30,31,2943,0
1537443381395,29,Del_ContactFrom,200,OK,DeleteContact 2-11,text,true,,3332,481,15,30,29,0,0
1537443377921,29,Del_ContactFrom,200,"Number of samples in transaction : 2, number of failing samples : 0",DeleteContact 2-11,,true,,3332,481,15,30,29,2922,0
1537443381375,54,Add_ContactAction,200,OK,AddContact 1-1,text,true,,2477,1307,15,30,54,0,1
1537443377898,54,Add_ContactAction,200,"Number of samples in transaction : 2, number of failing samples : 0",AddContact 1-1,,true,,2477,1307,15,30,54,2924,1
1537443381436,30,Del_ContactFrom,200,OK,DeleteContact 2-12,text,true,,3293,481,15,30,30,0,1
1537443377960,30,Del_ContactFrom,200,"Number of samples in transaction : 2, number of failing samples : 0",DeleteContact 2-12,,true,,3293,481,15,30,30,2923,1
1537443381929,41,Add_MainPage,200,OK,AddContact 1-6,text,true,,18727,446,15,30,40,0,1
1537443380944,41,Add_MainPage,200,"Number of samples in transaction : 2, number of failing samples : 0",AddContact 1-6,,true,,18727,446,15,30,40,985,1
1537443382237,62,Add_MainPage,200,OK,AddContact 1-9,text,true,,18727,446,15,30,62,0,1
1537443381252,62,Add_MainPage,200,"Number of samples in transaction : 2, number of failing samples : 0",AddContact 1-9,,true,,18727,446,15,30,62,986,1
1537443382251,52,Add_MainPage,200,OK,AddContact 1-8,text,true,,18727,446,15,30,52,0,1
1537443381267,52,Add_MainPage,200,"Number of samples in transaction : 2, number of failing samples : 0",AddContact 1-8,,true,,18727,446,15,30,52,985,1
1537443382252,65,Add_MainPage,200,OK,AddContact 1-7,text,true,,18727,446,15,30,64,0,1
1537443381267,65,Add_MainPage,200,"Number of samples in transaction : 2, number of failing samples : 0",AddContact 1-7,,true,,18727,446,15,30,64,985,1
1537443382791,43,Add_ContactAction,200,OK,AddContact 1-3,text,true,,2477,1614,15,30,43,0,0
1537443379861,43,Add_ContactAction,200,"Number of samples in transaction : 2, number of failing samples : 0",AddContact 1-3,,true,,2477,1614,15,30,43,2930,0
1537443382822,19,Add_ContactAction,200,OK,AddContact 1-4,text,true,,2477,1361,15,30,18,0,1
1537443379892,19,Add_ContactAction,200,"Number of samples in transaction : 2, number of failing samples : 0",AddContact 1-4,,true,,2477,1361,15,30,18,2930,1
1537443382944,46,Add_ContactForm,200,OK,AddContact 1-6,text,true,,3239,474,15,30,46,0,0
1537443381970,46,Add_ContactForm,200,"Number of samples in transaction : 2, number of failing samples : 0",AddContact 1-6,,true,,3239,474,15,30,46,974,0
1537443382945,50,Del_ContactFrom,200,OK,DeleteContact 2-13,text,true,,3336,481,15,30,50,0,0
1537443380010,50,Del_ContactFrom,200,"Number of samples in transaction : 2, number of failing samples : 0",DeleteContact 2-13,,true,,3336,481,15,30,50,2935,0
1537443383006,66,Add_ContactAction,200,OK,AddContact 1-15,text,true,,2477,1271,15,30,66,0,1
1537443380073,66,Add_ContactAction,200,"Number of samples in transaction : 2, number of failing samples : 0",AddContact 1-15,,true,,2477,1271,15,30,66,2933,1
1537443383007,92,Add_ContactAction,200,OK,AddContact 1-2,text,true,,2477,1121,15,30,92,0,0
1537443380075,92,Add_ContactAction,200,"Number of samples in transaction : 2, number of failing samples : 0",AddContact 1-2,,true,,2477,1121,15,30,92,2932,0
1537443383159,29,Add_ContactAction,200,OK,AddContact 1-5,text,true,,2477,1313,15,30,29,0,2
1537443380229,29,Add_ContactAction,200,"Number of samples in transaction : 2, number of failing samples : 0",AddContact 1-5,,true,,2477,1313,15,30,29,2930,2
1537443383283,56,Add_ContactForm,200,OK,AddContact 1-9,text,true,,3239,474,15,30,56,0,0
1537443382300,56,Add_ContactForm,200,"Number of samples in transaction : 2, number of failing samples : 0",AddContact 1-9,,true,,3239,474,15,30,56,984,0
1537443383284,57,Add_ContactForm,200,OK,AddContact 1-8,text,true,,3239,474,15,30,57,0,0
1537443382304,57,Add_ContactForm,200,"Number of samples in transaction : 2, number of failing samples : 0",AddContact 1-8,,true,,3239,474,15,30,57,981,0
1537443383319,24,Add_ContactForm,200,OK,AddContact 1-7,text,true,,3239,474,15,30,24,0,0
1537443382317,24,Add_ContactForm,200,"Number of samples in transaction : 2, number of failing samples : 0",AddContact 1-7,,true,,3239,474,15,30,24,1003,0
1537443383376,24,Del_MainPage,200,OK,DeleteContact 2-2,text,true,,19486,446,15,30,23,0,0
1537443382390,24,Del_MainPage,200,"Number of samples in transaction : 2, number of failing samples : 0",DeleteContact 2-2,,true,,19486,446,15,30,23,989,0
1537443383437,23,Del_MainPage,200,OK,DeleteContact 2-14,text,true,,19486,446,15,30,22,0,0
1537443382455,23,Del_MainPage,200,"Number of samples in transaction : 2, number of failing samples : 0",DeleteContact 2-14,,true,,19486,446,15,30,22,985,0
1537443384513,26,Del_Contact,200,OK,DeleteContact 2-8,text,true,,2484,510,15,30,26,0,1
1537443381009,26,Del_Contact,200,"Number of samples in transaction : 2, number of failing samples : 0",DeleteContact 2-8,,true,,2484,510,15,30,26,2952,1
1537443384729,87,Del_Contact,200,OK,DeleteContact 2-10,text,true,,2484,510,15,30,87,0,0
1537443381235,87,Del_Contact,200,"Number of samples in transaction : 2, number of failing samples : 0",DeleteContact 2-10,,true,,2484,510,15,30,87,2941,0
1537443384747,74,Del_Contact,200,OK,DeleteContact 2-9,text,true,,2483,510,15,30,74,0,1
1537443381237,74,Del_Contact,200,"Number of samples in transaction : 2, number of failing samples : 0",DeleteContact 2-9,,true,,2483,510,15,30,74,2958,1
1537443384929,39,Del_Contact,200,OK,DeleteContact 2-11,text,true,,2484,510,15,30,38,0,0
1537443381425,39,Del_Contact,200,"Number of samples in transaction : 2, number of failing samples : 0",DeleteContact 2-11,,true,,2484,510,15,30,38,2951,0
1537443384960,112,Del_MainPage,200,OK,DeleteContact 2-15,text,true,,18832,446,15,30,112,0,0
1537443383422,112,Del_MainPage,200,"Number of samples in transaction : 2, number of failing samples : 0",DeleteContact 2-15,,true,,18832,446,15,30,112,988,0
1537443384974,105,Del_MainPage,200,OK,DeleteContact 2-3,text,true,,18832,446,15,30,105,0,1
1537443383437,105,Del_MainPage,200,"Number of samples in transaction : 2, number of failing samples : 0",DeleteContact 2-3,,true,,18832,446,15,30,105,987,1
1537443384975,110,Del_MainPage,200,OK,DeleteContact 2-4,text,true,,18832,446,15,30,110,0,1
1537443383437,110,Del_MainPage,200,"Number of samples in transaction : 2, number of failing samples : 0",DeleteContact 2-4,,true,,18832,446,15,30,110,988,1
1537443384976,116,Del_MainPage,200,OK,DeleteContact 2-1,text,true,,18832,446,15,30,115,0,0
1537443383437,116,Del_MainPage,200,"Number of samples in transaction : 2, number of failing samples : 0",DeleteContact 2-1,,true,,18832,446,15,30,115,988,0
1537443384961,152,Del_Contact,200,OK,DeleteContact 2-12,text,true,,2484,510,15,30,152,0,0
1537443381466,152,Del_Contact,200,"Number of samples in transaction : 2, number of failing samples : 0",DeleteContact 2-12,,true,,2484,510,15,30,152,2942,0
1537443386454,94,Add_MainPage,200,OK,AddContact 1-10,text,true,,18648,446,15,30,93,0,0
1537443385467,94,Add_MainPage,200,"Number of samples in transaction : 2, number of failing samples : 0",AddContact 1-10,,true,,18648,446,15,30,93,987,0
1537443386452,101,Add_ContactAction,200,OK,AddContact 1-6,text,true,,2477,1301,15,30,101,0,1
1537443382990,101,Add_ContactAction,200,"Number of samples in transaction : 2, number of failing samples : 0",AddContact 1-6,,true,,2477,1301,15,30,101,2909,1
1537443386490,79,Add_MainPage,200,OK,AddContact 1-11,text,true,,18764,446,15,30,79,0,1
1537443385482,79,Add_MainPage,200,"Number of samples in transaction : 2, number of failing samples : 0",AddContact 1-11,,true,,18764,446,15,30,79,1009,1
1537443386489,94,Del_Contact,200,OK,DeleteContact 2-13,text,true,,2484,510,15,30,94,0,1
1537443382995,94,Del_Contact,200,"Number of samples in transaction : 2, number of failing samples : 0",DeleteContact 2-13,,true,,2484,510,15,30,94,2941,1
1537443386806,74,Add_ContactAction,200,OK,AddContact 1-9,text,true,,2477,1577,15,30,74,0,1
1537443383340,74,Add_ContactAction,200,"Number of samples in transaction : 2, number of failing samples : 0",AddContact 1-9,,true,,2477,1577,15,30,74,2913,1
1537443386868,17,Del_ContactFrom,200,OK,DeleteContact 2-2,text,true,,3323,481,15,30,17,0,0
1537443383403,17,Del_ContactFrom,200,"Number of samples in transaction : 2, number of failing samples : 0",DeleteContact 2-2,,true,,3323,481,15,30,17,2912,0
1537443386807,82,Add_ContactAction,200,OK,AddContact 1-8,text,true,,2477,1662,15,30,82,0,1
1537443383342,82,Add_ContactAction,200,"Number of samples in transaction : 2, number of failing samples : 0",AddContact 1-8,,true,,2477,1662,15,30,82,2912,1
1537443386838,54,Add_ContactAction,200,OK,AddContact 1-7,text,true,,2477,1698,15,30,54,0,5
1537443383344,54,Add_ContactAction,200,"Number of samples in transaction : 2, number of failing samples : 0",AddContact 1-7,,true,,2477,1698,15,30,54,2941,5
1537443386930,24,Del_ContactFrom,200,OK,DeleteContact 2-14,text,true,,3414,481,15,30,24,0,0
1537443383463,24,Del_ContactFrom,200,"Number of samples in transaction : 2, number of failing samples : 0",DeleteContact 2-14,,true,,3414,481,15,30,24,2914,0
1537443387453,56,Del_MainPage,200,OK,DeleteContact 2-5,text,true,,19325,446,15,30,55,0,0
1537443386490,56,Del_MainPage,200,"Number of samples in transaction : 2, number of failing samples : 0",DeleteContact 2-5,,true,,19325,446,15,30,55,965,0
1537443387454,62,Del_MainPage,200,OK,DeleteContact 2-6,text,true,,19325,446,15,30,60,0,0
1537443386490,62,Del_MainPage,200,"Number of samples in transaction : 2, number of failing samples : 0",DeleteContact 2-6,,true,,19325,446,15,30,60,966,0
1537443387514,30,Add_ContactForm,200,OK,AddContact 1-10,text,true,,3239,474,15,30,30,0,0
1537443386548,30,Add_ContactForm,200,"Number of samples in transaction : 2, number of failing samples : 0",AddContact 1-10,,true,,3239,474,15,30,30,966,0
1537443387529,20,Add_ContactForm,200,OK,AddContact 1-11,text,true,,3239,474,15,30,20,0,0
1537443386570,20,Add_ContactForm,200,"Number of samples in transaction : 2, number of failing samples : 0",AddContact 1-11,,true,,3239,474,15,30,20,959,0
1537443387652,34,Del_MainPage,200,OK,DeleteContact 2-7,text,true,,19325,446,15,30,33,0,1
1537443386683,34,Del_MainPage,200,"Number of samples in transaction : 2, number of failing samples : 0",DeleteContact 2-7,,true,,19325,446,15,30,33,973,1
1537443387991,67,Del_ContactFrom,200,OK,DeleteContact 2-15,text,true,,3380,481,15,30,67,0,1
1537443385075,67,Del_ContactFrom,200,"Number of samples in transaction : 2, number of failing samples : 0",DeleteContact 2-15,,true,,3380,481,15,30,67,2916,1
1537443387992,68,Del_ContactFrom,200,OK,DeleteContact 2-3,text,true,,3372,481,15,30,68,0,0
1537443385082,68,Del_ContactFrom,200,"Number of samples in transaction : 2, number of failing samples : 0",DeleteContact 2-3,,true,,3372,481,15,30,68,2910,0
1537443388023,39,Del_ContactFrom,200,OK,DeleteContact 2-4,text,true,,3363,481,15,30,39,0,0
1537443385088,39,Del_ContactFrom,200,"Number of samples in transaction : 2, number of failing samples : 0",DeleteContact 2-4,,true,,3363,481,15,30,39,2935,0
1537443388023,41,Del_ContactFrom,200,OK,DeleteContact 2-1,text,true,,3349,481,15,30,41,0,1
1537443385094,41,Del_ContactFrom,200,"Number of samples in transaction : 2, number of failing samples : 0",DeleteContact 2-1,,true,,3349,481,15,30,41,2929,1
1537443388376,33,Add_MainPage,200,OK,AddContact 1-14,text,true,,19325,446,15,30,32,0,0
1537443387406,33,Add_MainPage,200,"Number of samples in transaction : 2, number of failing samples : 0",AddContact 1-14,,true,,19325,446,15,30,32,971,0
1537443388777,42,Add_MainPage,200,OK,AddContact 1-12,text,true,,19325,446,15,30,41,0,0
1537443387806,42,Add_MainPage,200,"Number of samples in transaction : 2, number of failing samples : 0",AddContact 1-12,,true,,19325,446,15,30,41,971,0
1537443389072,30,Add_MainPage,200,OK,AddContact 1-13,text,true,,19325,446,15,30,28,0,0
1537443388039,30,Add_MainPage,200,"Number of samples in transaction : 2, number of failing samples : 0",AddContact 1-13,,true,,19325,446,15,30,28,968,0
1537443389456,24,Add_ContactForm,200,OK,AddContact 1-14,text,true,,3239,474,15,30,24,0,0
1537443388410,24,Add_ContactForm,200,"Number of samples in transaction : 2, number of failing samples : 0",AddContact 1-14,,true,,3239,474,15,30,24,982,0
1537443389858,48,Add_ContactForm,200,OK,AddContact 1-12,text,true,,3239,474,15,30,48,0,0
1537443388819,48,Add_ContactForm,200,"Number of samples in transaction : 2, number of failing samples : 0",AddContact 1-12,,true,,3239,474,15,30,48,974,0
1537443389858,61,Add_MainPage,200,OK,AddContact 1-1,text,true,,19325,446,15,30,60,0,0
1537443388815,61,Add_MainPage,200,"Number of samples in transaction : 2, number of failing samples : 0",AddContact 1-1,,true,,19325,446,15,30,60,978,0
1537443389856,73,Del_Contact,200,OK,DeleteContact 2-2,text,true,,2484,510,15,30,73,0,1
1537443386885,73,Del_Contact,200,"Number of samples in transaction : 2, number of failing samples : 0",DeleteContact 2-2,,true,,2484,510,15,30,73,2907,1
1537443389919,17,Del_Contact,200,OK,DeleteContact 2-14,text,true,,2484,510,15,30,17,0,0
1537443386954,17,Del_Contact,200,"Number of samples in transaction : 2, number of failing samples : 0",DeleteContact 2-14,,true,,2484,510,15,30,17,2900,0
1537443390072,23,Add_ContactForm,200,OK,AddContact 1-13,text,true,,3239,474,15,30,23,0,0
1537443389102,23,Add_ContactForm,200,"Number of samples in transaction : 2, number of failing samples : 0",AddContact 1-13,,true,,3239,474,15,30,23,970,0
1537443390442,39,Del_MainPage,200,OK,DeleteContact 2-8,text,true,,18963,446,15,30,38,0,0
1537443389457,39,Del_MainPage,200,"Number of samples in transaction : 2, number of failing samples : 0",DeleteContact 2-8,,true,,18963,446,15,30,38,987,0
1537443390488,13,Del_ContactFrom,200,OK,DeleteContact 2-5,text,true,,3308,481,15,30,13,0,0
1537443387511,13,Del_ContactFrom,200,"Number of samples in transaction : 2, number of failing samples : 0",DeleteContact 2-5,,true,,3308,481,15,30,13,2912,0
1537443390503,33,Del_ContactFrom,200,OK,DeleteContact 2-6,text,true,,3378,481,15,30,33,0,1
1537443387518,33,Del_ContactFrom,200,"Number of samples in transaction : 2, number of failing samples : 0",DeleteContact 2-6,,true,,3378,481,15,30,33,2920,1
1537443390518,39,Add_ContactAction,200,OK,AddContact 1-10,text,true,,2477,1253,15,30,39,0,0
1537443387544,39,Add_ContactAction,200,"Number of samples in transaction : 2, number of failing samples : 0",AddContact 1-10,,true,,2477,1253,15,30,39,2909,0
1537443390535,25,Add_ContactAction,200,OK,AddContact 1-11,text,true,,2477,1620,15,30,25,0,0
1537443387549,25,Add_ContactAction,200,"Number of samples in transaction : 2, number of failing samples : 0",AddContact 1-11,,true,,2477,1620,15,30,25,2921,0
1537443390672,27,Del_ContactFrom,200,OK,DeleteContact 2-7,text,true,,3354,481,15,30,27,0,1
1537443387690,27,Del_ContactFrom,200,"Number of samples in transaction : 2, number of failing samples : 0",DeleteContact 2-7,,true,,3354,481,15,30,27,2918,1
1537443390718,33,Del_MainPage,200,OK,DeleteContact 2-10,text,true,,19338,446,15,30,33,0,0
1537443389733,33,Del_MainPage,200,"Number of samples in transaction : 2, number of failing samples : 0",DeleteContact 2-10,,true,,19338,446,15,30,33,988,0
1537443390737,31,Del_MainPage,200,OK,DeleteContact 2-9,text,true,,19338,446,15,30,30,0,1
1537443389748,31,Del_MainPage,200,"Number of samples in transaction : 2, number of failing samples : 0",DeleteContact 2-9,,true,,19338,446,15,30,30,991,1
1537443390872,54,Del_MainPage,200,OK,DeleteContact 2-11,text,true,,19338,446,15,30,53,0,1
1537443389899,54,Del_MainPage,200,"Number of samples in transaction : 2, number of failing samples : 0",DeleteContact 2-11,,true,,19338,446,15,30,53,976,1
1537443390911,22,Add_ContactForm,200,OK,AddContact 1-1,text,true,,3239,474,15,30,22,0,0
1537443389919,22,Add_ContactForm,200,"Number of samples in transaction : 2, number of failing samples : 0",AddContact 1-1,,true,,3239,474,15,30,22,993,0
1537443391041,113,Del_MainPage,200,OK,DeleteContact 2-12,text,true,,19338,446,15,30,112,0,1
1537443390056,113,Del_MainPage,200,"Number of samples in transaction : 2, number of failing samples : 0",DeleteContact 2-12,,true,,19338,446,15,30,112,987,1
1537443391043,155,Del_Contact,200,OK,DeleteContact 2-15,text,true,,2484,510,15,30,155,0,0
1537443388058,155,Del_Contact,200,"Number of samples in transaction : 2, number of failing samples : 0",DeleteContact 2-15,,true,,2484,510,15,30,155,2921,0
1537443391081,126,Del_Contact,200,OK,DeleteContact 2-1,text,true,,2484,510,15,30,126,0,0
1537443388064,126,Del_Contact,200,"Number of samples in transaction : 2, number of failing samples : 0",DeleteContact 2-1,,true,,2484,510,15,30,126,2952,0
1537443391079,130,Del_Contact,200,OK,DeleteContact 2-3,text,true,,2484,510,15,30,130,0,0
1537443388060,130,Del_Contact,200,"Number of samples in transaction : 2, number of failing samples : 0",DeleteContact 2-3,,true,,2484,510,15,30,130,2954,0
1537443391080,133,Del_Contact,200,OK,DeleteContact 2-4,text,true,,2484,510,15,30,133,0,0
1537443388062,133,Del_Contact,200,"Number of samples in transaction : 2, number of failing samples : 0",DeleteContact 2-4,,true,,2484,510,15,30,133,2953,0
1537443391226,34,Add_MainPage,200,OK,AddContact 1-3,text,true,,18634,446,15,30,33,0,0
1537443390257,34,Add_MainPage,200,"Number of samples in transaction : 2, number of failing samples : 0",AddContact 1-3,,true,,18634,446,15,30,33,970,0
1537443391246,28,Add_MainPage,200,OK,AddContact 1-4,text,true,,18634,446,15,30,26,0,1
1537443390272,28,Add_MainPage,200,"Number of samples in transaction : 2, number of failing samples : 0",AddContact 1-4,,true,,18634,446,15,30,26,974,1
1537443391473,66,Add_MainPage,200,OK,AddContact 1-15,text,true,,18634,446,15,30,65,0,1
1537443390503,66,Add_MainPage,200,"Number of samples in transaction : 2, number of failing samples : 0",AddContact 1-15,,true,,18634,446,15,30,65,970,1
1537443391502,41,Add_MainPage,200,OK,AddContact 1-2,text,true,,18634,446,15,30,40,0,1
1537443390533,41,Add_MainPage,200,"Number of samples in transaction : 2, number of failing samples : 0",AddContact 1-2,,true,,18634,446,15,30,40,969,1
1537443391580,24,Add_MainPage,200,OK,AddContact 1-5,text,true,,18634,446,15,30,23,0,1
1537443390610,24,Add_MainPage,200,"Number of samples in transaction : 2, number of failing samples : 0",AddContact 1-5,,true,,18634,446,15,30,23,970,1
1537443392241,42,Add_ContactForm,200,OK,AddContact 1-3,text,true,,3239,474,15,30,42,0,0
1537443391261,42,Add_ContactForm,200,"Number of samples in transaction : 2, number of failing samples : 0",AddContact 1-3,,true,,3239,474,15,30,42,980,0
1537443392260,25,Add_ContactForm,200,OK,AddContact 1-4,text,true,,3239,474,15,30,25,0,0
1537443391274,25,Add_ContactForm,200,"Number of samples in transaction : 2, number of failing samples : 0",AddContact 1-4,,true,,3239,474,15,30,25,986,0
1537443392396,44,Add_ContactAction,200,OK,AddContact 1-14,text,true,,2477,1181,15,30,44,0,1
1537443389481,44,Add_ContactAction,200,"Number of samples in transaction : 2, number of failing samples : 0",AddContact 1-14,,true,,2477,1181,15,30,44,2916,1
1537443392472,43,Del_MainPage,200,OK,DeleteContact 2-13,text,true,,18730,446,15,30,42,0,1
1537443391502,43,Del_MainPage,200,"Number of samples in transaction : 2, number of failing samples : 0",DeleteContact 2-13,,true,,18730,446,15,30,42,973,1
1537443392518,25,Add_ContactForm,200,OK,AddContact 1-15,text,true,,3239,474,15,30,24,0,0
1537443391539,25,Add_ContactForm,200,"Number of samples in transaction : 2, number of failing samples : 0",AddContact 1-15,,true,,3239,474,15,30,24,979,0
1537443392519,25,Add_ContactForm,200,OK,AddContact 1-2,text,true,,3239,474,15,30,25,0,0
1537443391543,25,Add_ContactForm,200,"Number of samples in transaction : 2, number of failing samples : 0",AddContact 1-2,,true,,3239,474,15,30,25,977,0
1537443392581,24,Add_ContactForm,200,OK,AddContact 1-5,text,true,,3239,474,15,30,24,0,0
1537443391604,24,Add_ContactForm,200,"Number of samples in transaction : 2, number of failing samples : 0",AddContact 1-5,,true,,3239,474,15,30,24,977,0
1537443392827,49,Add_ContactAction,200,OK,AddContact 1-12,text,true,,2477,1481,15,30,49,0,1
1537443389906,49,Add_ContactAction,200,"Number of samples in transaction : 2, number of failing samples : 0",AddContact 1-12,,true,,2477,1481,15,30,49,2921,1
1537443393011,51,Add_ContactAction,200,OK,AddContact 1-13,text,true,,2477,1199,15,30,51,0,1
1537443390095,51,Add_ContactAction,200,"Number of samples in transaction : 2, number of failing samples : 0",AddContact 1-13,,true,,2477,1199,15,30,51,2916,1
1537443393396,46,Del_ContactFrom,200,OK,DeleteContact 2-8,text,true,,3332,481,15,30,46,0,1
1537443390483,46,Del_ContactFrom,200,"Number of samples in transaction : 2, number of failing samples : 0",DeleteContact 2-8,,true,,3332,481,15,30,46,2913,1
1537443393414,61,Del_Contact,200,OK,DeleteContact 2-5,text,true,,2484,510,15,30,61,0,1
1537443390501,61,Del_Contact,200,"Number of samples in transaction : 2, number of failing samples : 0",DeleteContact 2-5,,true,,2484,510,15,30,61,2913,1
1537443393458,37,Del_Contact,200,OK,DeleteContact 2-6,text,true,,2484,510,15,30,37,0,0
1537443390536,37,Del_Contact,200,"Number of samples in transaction : 2, number of failing samples : 0",DeleteContact 2-6,,true,,2484,510,15,30,37,2922,0
1537443393611,32,Del_Contact,200,OK,DeleteContact 2-7,text,true,,2484,510,15,30,32,0,1
1537443390700,32,Del_Contact,200,"Number of samples in transaction : 2, number of failing samples : 0",DeleteContact 2-7,,true,,2484,510,15,30,32,2911,1
1537443393673,40,Del_ContactFrom,200,OK,DeleteContact 2-10,text,true,,3410,481,15,30,40,0,0
1537443390754,40,Del_ContactFrom,200,"Number of samples in transaction : 2, number of failing samples : 0",DeleteContact 2-10,,true,,3410,481,15,30,40,2919,0
1537443393693,23,Del_ContactFrom,200,OK,DeleteContact 2-9,text,true,,3389,481,15,30,23,0,1
1537443390770,23,Del_ContactFrom,200,"Number of samples in transaction : 2, number of failing samples : 0",DeleteContact 2-9,,true,,3389,481,15,30,23,2923,1
1537443393842,42,Del_ContactFrom,200,OK,DeleteContact 2-11,text,true,,3175,481,15,30,42,0,1
1537443390929,42,Del_ContactFrom,200,"Number of samples in transaction : 2, number of failing samples : 0",DeleteContact 2-11,,true,,3175,481,15,30,42,2913,1
1537443393864,34,Add_ContactAction,200,OK,AddContact 1-1,text,true,,2477,1511,15,30,34,0,1
1537443390934,34,Add_ContactAction,200,"Number of samples in transaction : 2, number of failing samples : 0",AddContact 1-1,,true,,2477,1511,15,30,34,2930,1
1537443394103,26,Del_ContactFrom,200,OK,DeleteContact 2-12,text,true,,3324,481,15,30,26,0,1
1537443391156,26,Del_ContactFrom,200,"Number of samples in transaction : 2, number of failing samples : 0",DeleteContact 2-12,,true,,3324,481,15,30,26,2917,1
1537443394442,39,Add_MainPage,200,OK,AddContact 1-6,text,true,,18719,446,15,30,37,0,1
1537443393432,39,Add_MainPage,200,"Number of samples in transaction : 2, number of failing samples : 0",AddContact 1-6,,true,,18719,446,15,30,37,980,1
1537443394765,73,Add_MainPage,200,OK,AddContact 1-9,text,true,,18719,446,15,30,73,0,1
1537443393752,73,Add_MainPage,200,"Number of samples in transaction : 2, number of failing samples : 0",AddContact 1-9,,true,,18719,446,15,30,73,985,1
1537443394783,61,Add_MainPage,200,OK,AddContact 1-7,text,true,,18719,446,15,30,61,0,1
1537443393765,61,Add_MainPage,200,"Number of samples in transaction : 2, number of failing samples : 0",AddContact 1-7,,true,,18719,446,15,30,61,990,1
1537443394784,66,Add_MainPage,200,OK,AddContact 1-8,text,true,,18719,446,15,30,65,0,1
1537443393765,66,Add_MainPage,200,"Number of samples in transaction : 2, number of failing samples : 0",AddContact 1-8,,true,,18719,446,15,30,65,989,1
1537443395255,85,Add_ContactAction,200,OK,AddContact 1-3,text,true,,2477,1205,15,30,85,0,1
1537443392283,85,Add_ContactAction,200,"Number of samples in transaction : 2, number of failing samples : 0",AddContact 1-3,,true,,2477,1205,15,30,85,2942,1
1537443395269,77,Add_ContactAction,200,OK,AddContact 1-4,text,true,,2477,1511,15,30,77,0,1
1537443392285,77,Add_ContactAction,200,"Number of samples in transaction : 2, number of failing samples : 0",AddContact 1-4,,true,,2477,1511,15,30,77,2954,1
1537443395457,25,Add_ContactForm,200,OK,AddContact 1-6,text,true,,3239,474,15,30,25,0,0
1537443394481,25,Add_ContactForm,200,"Number of samples in transaction : 2, number of failing samples : 0",AddContact 1-6,,true,,3239,474,15,30,25,977,0
1537443395488,18,Del_ContactFrom,200,OK,DeleteContact 2-13,text,true,,3263,481,15,30,18,0,1
1537443392518,18,Del_ContactFrom,200,"Number of samples in transaction : 2, number of failing samples : 0",DeleteContact 2-13,,true,,3263,481,15,30,18,2941,1
1537443395519,50,Add_ContactAction,200,OK,AddContact 1-15,text,true,,2477,1397,15,30,50,0,0
1537443392543,50,Add_ContactAction,200,"Number of samples in transaction : 2, number of failing samples : 0",AddContact 1-15,,true,,2477,1397,15,30,50,2946,0
1537443395519,53,Add_ContactAction,200,OK,AddContact 1-2,text,true,,2477,1595,15,30,53,0,1
1537443392545,53,Add_ContactAction,200,"Number of samples in transaction : 2, number of failing samples : 0",AddContact 1-2,,true,,2477,1595,15,30,53,2944,1
1537443395580,21,Add_ContactAction,200,OK,AddContact 1-5,text,true,,2477,1223,15,30,21,0,1
1537443392605,21,Add_ContactAction,200,"Number of samples in transaction : 2, number of failing samples : 0",AddContact 1-5,,true,,2477,1223,15,30,21,2946,1
1537443395810,85,Add_ContactForm,200,OK,AddContact 1-9,text,true,,3239,474,15,30,85,0,0
1537443394840,85,Add_ContactForm,200,"Number of samples in transaction : 2, number of failing samples : 0",AddContact 1-9,,true,,3239,474,15,30,85,977,0
1537443395831,73,Add_ContactForm,200,OK,AddContact 1-7,text,true,,3239,474,15,30,73,0,0
1537443394846,73,Add_ContactForm,200,"Number of samples in transaction : 2, number of failing samples : 0",AddContact 1-7,,true,,3239,474,15,30,73,993,0
1537443395831,83,Add_ContactForm,200,OK,AddContact 1-8,text,true,,3239,474,15,30,83,0,0
1537443394850,83,Add_ContactForm,200,"Number of samples in transaction : 2, number of failing samples : 0",AddContact 1-8,,true,,3239,474,15,30,83,981,0
1537443395830,107,Del_MainPage,200,OK,DeleteContact 2-2,text,true,,19450,446,15,30,107,0,1
1537443394844,107,Del_MainPage,200,"Number of samples in transaction : 2, number of failing samples : 0",DeleteContact 2-2,,true,,19450,446,15,30,107,989,1
1537443395858,86,Del_MainPage,200,OK,DeleteContact 2-14,text,true,,19450,446,15,30,85,0,1
1537443394857,86,Del_MainPage,200,"Number of samples in transaction : 2, number of failing samples : 0",DeleteContact 2-14,,true,,19450,446,15,30,85,1003,1
1537443396427,43,Del_Contact,200,OK,DeleteContact 2-8,text,true,,2484,510,15,30,43,0,0
1537443393442,43,Del_Contact,200,"Number of samples in transaction : 2, number of failing samples : 0",DeleteContact 2-8,,true,,2484,510,15,30,43,2955,0
1537443396689,38,Del_Contact,200,OK,DeleteContact 2-10,text,true,,2484,510,15,30,37,0,0
1537443393713,38,Del_Contact,200,"Number of samples in transaction : 2, number of failing samples : 0",DeleteContact 2-10,,true,,2484,510,15,30,37,2946,0
1537443396690,40,Del_Contact,200,OK,DeleteContact 2-9,text,true,,2484,510,15,30,40,0,0
1537443393716,40,Del_Contact,200,"Number of samples in transaction : 2, number of failing samples : 0",DeleteContact 2-9,,true,,2484,510,15,30,40,2944,0
1537443396858,25,Del_Contact,200,OK,DeleteContact 2-11,text,true,,2490,510,15,30,25,0,0
1537443393884,25,Del_Contact,200,"Number of samples in transaction : 2, number of failing samples : 0",DeleteContact 2-11,,true,,2490,510,15,30,25,2945,0
1537443397073,40,Del_Contact,200,OK,DeleteContact 2-12,text,true,,2484,510,15,30,40,0,1
1537443394129,40,Del_Contact,200,"Number of samples in transaction : 2, number of failing samples : 0",DeleteContact 2-12,,true,,2484,510,15,30,40,2944,1
1537443397119,84,Del_MainPage,200,OK,DeleteContact 2-15,text,true,,18760,446,15,30,84,0,1
1537443396134,84,Del_MainPage,200,"Number of samples in transaction : 2, number of failing samples : 0",DeleteContact 2-15,,true,,18760,446,15,30,84,988,1
1537443397120,90,Del_MainPage,200,OK,DeleteContact 2-1,text,true,,18760,446,15,30,89,0,0
1537443396134,90,Del_MainPage,200,"Number of samples in transaction : 2, number of failing samples : 0",DeleteContact 2-1,,true,,18760,446,15,30,89,988,0
1537443397120,97,Del_MainPage,200,OK,DeleteContact 2-3,text,true,,18760,446,15,30,96,0,1
1537443396134,97,Del_MainPage,200,"Number of samples in transaction : 2, number of failing samples : 0",DeleteContact 2-3,,true,,18760,446,15,30,96,988,1
1537443397152,76,Del_MainPage,200,OK,DeleteContact 2-4,text,true,,18760,446,15,30,71,0,0
1537443396150,76,Del_MainPage,200,"Number of samples in transaction : 2, number of failing samples : 0",DeleteContact 2-4,,true,,18760,446,15,30,71,1005,0
1537443398412,83,Add_ContactAction,200,OK,AddContact 1-6,text,true,,2477,1577,15,30,83,0,1
1537443395483,83,Add_ContactAction,200,"Number of samples in transaction : 2, number of failing samples : 0",AddContact 1-6,,true,,2477,1577,15,30,83,2929,1
1537443398413,86,Add_MainPage,200,OK,AddContact 1-10,text,true,,18760,446,15,30,85,0,1
1537443397427,86,Add_MainPage,200,"Number of samples in transaction : 2, number of failing samples : 0",AddContact 1-10,,true,,18760,446,15,30,85,986,1
1537443398414,88,Add_MainPage,200,OK,AddContact 1-11,text,true,,18760,446,15,30,88,0,0
1537443397427,88,Add_MainPage,200,"Number of samples in transaction : 2, number of failing samples : 0",AddContact 1-11,,true,,18760,446,15,30,88,988,0
1537443398460,46,Del_Contact,200,OK,DeleteContact 2-13,text,true,,2484,510,15,30,46,0,1
1537443395507,46,Del_Contact,200,"Number of samples in transaction : 2, number of failing samples : 0",DeleteContact 2-13,,true,,2484,510,15,30,46,2954,1
1537443398828,85,Add_ContactAction,200,OK,AddContact 1-9,text,true,,2477,1133,15,30,84,0,1
1537443395903,85,Add_ContactAction,200,"Number of samples in transaction : 2, number of failing samples : 0",AddContact 1-9,,true,,2477,1133,15,30,84,2925,1
1537443398879,40,Del_ContactFrom,200,OK,DeleteContact 2-2,text,true,,3287,481,15,30,39,0,1
1537443395940,40,Del_ContactFrom,200,"Number of samples in transaction : 2, number of failing samples : 0",DeleteContact 2-2,,true,,3287,481,15,30,39,2939,1
1537443398880,41,Del_ContactFrom,200,OK,DeleteContact 2-14,text,true,,3287,481,15,30,41,0,0
1537443395946,41,Del_ContactFrom,200,"Number of samples in transaction : 2, number of failing samples : 0",DeleteContact 2-14,,true,,3287,481,15,30,41,2934,0
1537443398849,94,Add_ContactAction,200,OK,AddContact 1-7,text,true,,2477,1457,15,30,94,0,0
1537443395912,94,Add_ContactAction,200,"Number of samples in transaction : 2, number of failing samples : 0",AddContact 1-7,,true,,2477,1457,15,30,94,2937,0
1537443398850,96,Add_ContactAction,200,OK,AddContact 1-8,text,true,,2477,1091,15,30,96,0,0
1537443395914,96,Add_ContactAction,200,"Number of samples in transaction : 2, number of failing samples : 0",AddContact 1-8,,true,,2477,1091,15,30,96,2936,0
1537443398929,46,Del_MainPage,200,OK,DeleteContact 2-5,text,true,,19296,446,15,30,45,0,1
1537443398414,46,Del_MainPage,200,"Number of samples in transaction : 2, number of failing samples : 0",DeleteContact 2-5,,true,,19296,446,15,30,45,985,1
1537443398962,28,Del_MainPage,200,OK,DeleteContact 2-6,text,true,,19296,446,15,30,27,0,0
1537443398451,28,Del_MainPage,200,"Number of samples in transaction : 2, number of failing samples : 0",DeleteContact 2-6,,true,,19296,446,15,30,27,981,0
1537443399006,22,Add_ContactForm,200,OK,AddContact 1-10,text,true,,3239,474,15,30,22,0,0
1537443398499,22,Add_ContactForm,200,"Number of samples in transaction : 2, number of failing samples : 0",AddContact 1-10,,true,,3239,474,15,30,22,975,0
1537443399006,24,Add_ContactForm,200,OK,AddContact 1-11,text,true,,3239,474,15,30,24,0,0
1537443398503,24,Add_ContactForm,200,"Number of samples in transaction : 2, number of failing samples : 0",AddContact 1-11,,true,,3239,474,15,30,24,971,0
1537443399098,41,Del_MainPage,200,OK,DeleteContact 2-7,text,true,,19296,446,15,30,40,0,0
1537443398581,41,Del_MainPage,200,"Number of samples in transaction : 2, number of failing samples : 0",DeleteContact 2-7,,true,,19296,446,15,30,40,988,0
1537443399667,74,Del_ContactFrom,200,OK,DeleteContact 2-15,text,true,,3347,481,15,30,74,0,1
1537443397206,74,Del_ContactFrom,200,"Number of samples in transaction : 2, number of failing samples : 0",DeleteContact 2-15,,true,,3347,481,15,30,74,2930,1
1537443399685,59,Del_ContactFrom,200,OK,DeleteContact 2-1,text,true,,3332,481,15,30,59,0,1
1537443397212,59,Del_ContactFrom,200,"Number of samples in transaction : 2, number of failing samples : 0",DeleteContact 2-1,,true,,3332,481,15,30,59,2941,1
1537443399686,60,Del_ContactFrom,200,OK,DeleteContact 2-3,text,true,,3408,481,15,30,60,0,1
1537443397219,60,Del_ContactFrom,200,"Number of samples in transaction : 2, number of failing samples : 0",DeleteContact 2-3,,true,,3408,481,15,30,60,2935,1
1537443399705,43,Del_ContactFrom,200,OK,DeleteContact 2-4,text,true,,3314,481,15,30,43,0,1
1537443397231,43,Del_ContactFrom,200,"Number of samples in transaction : 2, number of failing samples : 0",DeleteContact 2-4,,true,,3314,481,15,30,43,2942,1
1537443399837,40,Add_MainPage,200,OK,AddContact 1-14,text,true,,19296,446,15,30,39,0,0
1537443398851,40,Add_MainPage,200,"Number of samples in transaction : 2, number of failing samples : 0",AddContact 1-14,,true,,19296,446,15,30,39,986,0
1537443400283,39,Add_MainPage,200,OK,AddContact 1-12,text,true,,19296,446,15,30,38,0,0
1537443399299,39,Add_MainPage,200,"Number of samples in transaction : 2, number of failing samples : 0",AddContact 1-12,,true,,19296,446,15,30,38,984,0
1537443400467,38,Add_MainPage,200,OK,AddContact 1-13,text,true,,19296,446,15,30,36,0,1
1537443399483,38,Add_MainPage,200,"Number of samples in transaction : 2, number of failing samples : 0",AddContact 1-13,,true,,19296,446,15,30,36,984,1
1537443400852,58,Add_ContactForm,200,OK,AddContact 1-14,text,true,,3239,474,15,30,58,0,0
1537443399877,58,Add_ContactForm,200,"Number of samples in transaction : 2, number of failing samples : 0",AddContact 1-14,,true,,3239,474,15,30,58,975,0
1537443401300,33,Add_ContactForm,200,OK,AddContact 1-12,text,true,,3239,474,15,30,33,0,0
1537443400322,33,Add_ContactForm,200,"Number of samples in transaction : 2, number of failing samples : 0",AddContact 1-12,,true,,3239,474,15,30,33,979,0
1537443401299,46,Add_MainPage,200,OK,AddContact 1-1,text,true,,19296,446,15,30,45,0,0
1537443400319,46,Add_MainPage,200,"Number of samples in transaction : 2, number of failing samples : 0",AddContact 1-1,,true,,19296,446,15,30,45,980,0
1537443401375,35,Del_Contact,200,OK,DeleteContact 2-2,text,true,,2484,510,15,30,35,0,1
1537443398451,35,Del_Contact,200,"Number of samples in transaction : 2, number of failing samples : 0",DeleteContact 2-2,,true,,2484,510,15,30,35,2924,1
1537443401391,24,Del_Contact,200,OK,DeleteContact 2-14,text,true,,2484,510,15,30,24,0,1
1537443398453,24,Del_Contact,200,"Number of samples in transaction : 2, number of failing samples : 0",DeleteContact 2-14,,true,,2484,510,15,30,24,2938,1
1537443401484,24,Add_ContactForm,200,OK,AddContact 1-13,text,true,,3239,474,15,30,24,0,0
1537443400505,24,Add_ContactForm,200,"Number of samples in transaction : 2, number of failing samples : 0",AddContact 1-13,,true,,3239,474,15,30,24,979,0
1537443401868,61,Del_MainPage,200,OK,DeleteContact 2-8,text,true,,19085,446,15,30,60,0,1
1537443400885,61,Del_MainPage,200,"Number of samples in transaction : 2, number of failing samples : 0",DeleteContact 2-8,,true,,19085,446,15,30,60,986,1
1537443401914,35,Del_ContactFrom,200,OK,DeleteContact 2-5,text,true,,3293,481,15,30,35,0,1
1537443398977,35,Del_ContactFrom,200,"Number of samples in transaction : 2, number of failing samples : 0",DeleteContact 2-5,,true,,3293,481,15,30,35,2937,1
1537443401925,26,Del_ContactFrom,200,OK,DeleteContact 2-6,text,true,,3321,481,15,30,26,0,0
1537443398992,26,Del_ContactFrom,200,"Number of samples in transaction : 2, number of failing samples : 0",DeleteContact 2-6,,true,,3321,481,15,30,26,2933,0
1537443401960,28,Add_ContactAction,200,OK,AddContact 1-10,text,true,,2477,1301,15,30,28,0,1
1537443399028,28,Add_ContactAction,200,"Number of samples in transaction : 2, number of failing samples : 0",AddContact 1-10,,true,,2477,1301,15,30,28,2932,1
1537443401961,31,Add_ContactAction,200,OK,AddContact 1-11,text,true,,2477,1343,15,30,31,0,1
1537443399030,31,Add_ContactAction,200,"Number of samples in transaction : 2, number of failing samples : 0",AddContact 1-11,,true,,2477,1343,15,30,31,2931,1
1537443402069,25,Del_ContactFrom,200,OK,DeleteContact 2-7,text,true,,3295,481,15,30,24,0,0
1537443399142,25,Del_ContactFrom,200,"Number of samples in transaction : 2, number of failing samples : 0",DeleteContact 2-7,,true,,3295,481,15,30,24,2927,0
1537443402130,52,Del_MainPage,200,OK,DeleteContact 2-10,text,true,,19358,446,15,30,52,0,0
1537443401144,52,Del_MainPage,200,"Number of samples in transaction : 2, number of failing samples : 0",DeleteContact 2-10,,true,,19358,446,15,30,52,989,0
1537443402130,58,Del_MainPage,200,OK,DeleteContact 2-9,text,true,,19358,446,15,30,57,0,1
1537443401144,58,Del_MainPage,200,"Number of samples in transaction : 2, number of failing samples : 0",DeleteContact 2-9,,true,,19358,446,15,30,57,989,1
1537443402283,43,Del_MainPage,200,OK,DeleteContact 2-11,text,true,,19358,446,15,30,41,0,1
1537443401299,43,Del_MainPage,200,"Number of samples in transaction : 2, number of failing samples : 0",DeleteContact 2-11,,true,,19358,446,15,30,41,988,1
1537443402330,14,Add_ContactForm,200,OK,AddContact 1-1,text,true,,3239,474,15,30,14,0,0
1537443401345,14,Add_ContactForm,200,"Number of samples in transaction : 2, number of failing samples : 0",AddContact 1-1,,true,,3239,474,15,30,14,985,0
1537443402515,41,Del_MainPage,200,OK,DeleteContact 2-12,text,true,,19358,446,15,30,40,0,0
1537443401529,41,Del_MainPage,200,"Number of samples in transaction : 2, number of failing samples : 0",DeleteContact 2-12,,true,,19358,446,15,30,40,991,0
1537443402715,62,Add_MainPage,200,OK,AddContact 1-3,text,true,,19358,446,15,30,61,0,0
1537443401729,62,Add_MainPage,200,"Number of samples in transaction : 2, number of failing samples : 0",AddContact 1-3,,true,,19358,446,15,30,61,986,0
1537443402718,64,Add_MainPage,200,OK,AddContact 1-4,text,true,,19358,446,15,30,63,0,1
1537443401729,64,Add_MainPage,200,"Number of samples in transaction : 2, number of failing samples : 0",AddContact 1-4,,true,,19358,446,15,30,63,989,1
1537443402668,174,Del_Contact,200,OK,DeleteContact 2-15,text,true,,2484,510,15,30,174,0,1
1537443399742,174,Del_Contact,200,"Number of samples in transaction : 2, number of failing samples : 0",DeleteContact 2-15,,true,,2484,510,15,30,174,2926,1
1537443402706,150,Del_Contact,200,OK,DeleteContact 2-4,text,true,,2483,510,15,30,149,0,1
1537443399748,150,Del_Contact,200,"Number of samples in transaction : 2, number of failing samples : 0",DeleteContact 2-4,,true,,2483,510,15,30,149,2958,1
1537443402705,155,Del_Contact,200,OK,DeleteContact 2-3,text,true,,2484,510,15,30,155,0,1
1537443399746,155,Del_Contact,200,"Number of samples in transaction : 2, number of failing samples : 0",DeleteContact 2-3,,true,,2484,510,15,30,155,2960,1
1537443402669,196,Del_Contact,200,OK,DeleteContact 2-1,text,true,,2484,510,15,30,196,0,1
1537443399744,196,Del_Contact,200,"Number of samples in transaction : 2, number of failing samples : 0",DeleteContact 2-1,,true,,2484,510,15,30,196,2926,1
1537443402915,70,Add_MainPage,200,OK,AddContact 1-15,text,true,,18739,446,15,30,69,0,0
1537443401944,70,Add_MainPage,200,"Number of samples in transaction : 2, number of failing samples : 0",AddContact 1-15,,true,,18739,446,15,30,69,971,0
1537443402916,73,Add_MainPage,200,OK,AddContact 1-2,text,true,,18739,446,15,30,71,0,0
1537443401944,73,Add_MainPage,200,"Number of samples in transaction : 2, number of failing samples : 0",AddContact 1-2,,true,,18739,446,15,30,71,972,0
1537443402964,79,Add_MainPage,200,OK,AddContact 1-5,text,true,,18739,446,15,30,78,0,0
1537443401981,79,Add_MainPage,200,"Number of samples in transaction : 2, number of failing samples : 0",AddContact 1-5,,true,,18739,446,15,30,78,983,0
1537443403281,37,Add_ContactForm,200,OK,AddContact 1-3,text,true,,3239,474,15,30,37,0,0
1537443402777,37,Add_ContactForm,200,"Number of samples in transaction : 2, number of failing samples : 0",AddContact 1-3,,true,,3239,474,15,30,37,975,0
1537443403301,19,Add_ContactForm,200,OK,AddContact 1-4,text,true,,3239,474,15,30,19,0,0
1537443402782,19,Add_ContactForm,200,"Number of samples in transaction : 2, number of failing samples : 0",AddContact 1-4,,true,,3239,474,15,30,19,991,0
1537443403366,27,Add_ContactAction,200,OK,AddContact 1-14,text,true,,2477,1746,15,30,27,0,1
1537443400910,27,Add_ContactAction,200,"Number of samples in transaction : 2, number of failing samples : 0",AddContact 1-14,,true,,2477,1746,15,30,27,2927,1
1537443403459,34,Del_MainPage,200,OK,DeleteContact 2-13,text,true,,18988,446,15,30,33,0,1
1537443402950,34,Del_MainPage,200,"Number of samples in transaction : 2, number of failing samples : 0",DeleteContact 2-13,,true,,18988,446,15,30,33,983,1
1537443403490,30,Add_ContactForm,200,OK,AddContact 1-15,text,true,,3239,474,15,30,30,0,0
1537443402985,30,Add_ContactForm,200,"Number of samples in transaction : 2, number of failing samples : 0",AddContact 1-15,,true,,3239,474,15,30,30,976,0
1537443403490,33,Add_ContactForm,200,OK,AddContact 1-2,text,true,,3239,474,15,30,33,0,0
1537443402990,33,Add_ContactForm,200,"Number of samples in transaction : 2, number of failing samples : 0",AddContact 1-2,,true,,3239,474,15,30,33,972,0
1537443403551,13,Add_ContactForm,200,OK,AddContact 1-5,text,true,,3239,474,15,30,13,0,0
1537443403043,13,Add_ContactForm,200,"Number of samples in transaction : 2, number of failing samples : 0",AddContact 1-5,,true,,3239,474,15,30,13,979,0
1537443403782,28,Add_ContactAction,200,OK,AddContact 1-12,text,true,,2477,1704,15,30,28,0,1
1537443401334,28,Add_ContactAction,200,"Number of samples in transaction : 2, number of failing samples : 0",AddContact 1-12,,true,,2477,1704,15,30,28,2919,1
1537443403951,30,Add_ContactAction,200,OK,AddContact 1-13,text,true,,2477,1421,15,30,30,0,1
1537443401508,30,Add_ContactAction,200,"Number of samples in transaction : 2, number of failing samples : 0",AddContact 1-13,,true,,2477,1421,15,30,30,2914,1
1537443404382,50,Del_ContactFrom,200,OK,DeleteContact 2-8,text,true,,3175,481,15,30,50,0,1
1537443401932,50,Del_ContactFrom,200,"Number of samples in transaction : 2, number of failing samples : 0",DeleteContact 2-8,,true,,3175,481,15,30,50,2922,1
1537443404413,43,Del_Contact,200,OK,DeleteContact 2-6,text,true,,2484,510,15,30,43,0,1
1537443401951,43,Del_Contact,200,"Number of samples in transaction : 2, number of failing samples : 0",DeleteContact 2-6,,true,,2484,510,15,30,43,2933,1
1537443404414,45,Del_Contact,200,OK,DeleteContact 2-5,text,true,,2484,510,15,30,45,0,1
1537443401949,45,Del_Contact,200,"Number of samples in transaction : 2, number of failing samples : 0",DeleteContact 2-5,,true,,2484,510,15,30,45,2936,1
1537443404552,26,Del_Contact,200,OK,DeleteContact 2-7,text,true,,2484,510,15,30,26,0,0
1537443402094,26,Del_Contact,200,"Number of samples in transaction : 2, number of failing samples : 0",DeleteContact 2-7,,true,,2484,510,15,30,26,2930,0
1537443404643,33,Del_ContactFrom,200,OK,DeleteContact 2-10,text,true,,3380,481,15,30,33,0,1
1537443402185,33,Del_ContactFrom,200,"Number of samples in transaction : 2, number of failing samples : 0",DeleteContact 2-10,,true,,3380,481,15,30,33,2930,1
1537443404644,35,Del_ContactFrom,200,OK,DeleteContact 2-9,text,true,,3340,481,15,30,35,0,1
1537443402191,35,Del_ContactFrom,200,"Number of samples in transaction : 2, number of failing samples : 0",DeleteContact 2-9,,true,,3340,481,15,30,35,2924,1
1537443404798,45,Del_ContactFrom,200,OK,DeleteContact 2-11,text,true,,3372,481,15,30,45,0,1
1537443402330,45,Del_ContactFrom,200,"Number of samples in transaction : 2, number of failing samples : 0",DeleteContact 2-11,,true,,3372,481,15,30,45,2939,1
1537443404799,49,Add_ContactAction,200,OK,AddContact 1-1,text,true,,2477,1632,15,30,49,0,1
1537443402344,49,Add_ContactAction,200,"Number of samples in transaction : 2, number of failing samples : 0",AddContact 1-1,,true,,2477,1632,15,30,49,2926,1
1537443405028,29,Del_ContactFrom,200,OK,DeleteContact 2-12,text,true,,3314,481,15,30,29,0,1
1537443402561,29,Del_ContactFrom,200,"Number of samples in transaction : 2, number of failing samples : 0",DeleteContact 2-12,,true,,3314,481,15,30,29,2939,1
1537443405382,32,Add_MainPage,200,OK,AddContact 1-6,text,true,,19252,446,15,30,31,0,1
1537443404408,32,Add_MainPage,200,"Number of samples in transaction : 2, number of failing samples : 0",AddContact 1-6,,true,,19252,446,15,30,31,974,1
1537443405814,77,Add_MainPage,200,OK,AddContact 1-9,text,true,,19252,446,15,30,76,0,1
1537443404834,77,Add_MainPage,200,"Number of samples in transaction : 2, number of failing samples : 0",AddContact 1-9,,true,,19252,446,15,30,76,980,1
1537443405832,62,Add_MainPage,200,OK,AddContact 1-8,text,true,,19252,446,15,30,62,0,1
1537443404844,62,Add_MainPage,200,"Number of samples in transaction : 2, number of failing samples : 0",AddContact 1-8,,true,,19252,446,15,30,62,988,1
1537443405833,65,Add_MainPage,200,OK,AddContact 1-7,text,true,,19252,446,15,30,64,0,0
1537443404844,65,Add_MainPage,200,"Number of samples in transaction : 2, number of failing samples : 0",AddContact 1-7,,true,,19252,446,15,30,64,989,0
1537443406260,41,Add_ContactAction,200,OK,AddContact 1-3,text,true,,2477,1379,15,30,41,0,1
1537443403318,41,Add_ContactAction,200,"Number of samples in transaction : 2, number of failing samples : 0",AddContact 1-3,,true,,2477,1379,15,30,41,2942,1
1537443406261,43,Add_ContactAction,200,OK,AddContact 1-4,text,true,,2477,1319,15,30,43,0,1
1537443403321,43,Add_ContactAction,200,"Number of samples in transaction : 2, number of failing samples : 0",AddContact 1-4,,true,,2477,1319,15,30,43,2940,1
1537443406395,23,Add_ContactForm,200,OK,AddContact 1-6,text,true,,3239,474,15,30,23,0,0
1537443405414,23,Add_ContactForm,200,"Number of samples in transaction : 2, number of failing samples : 0",AddContact 1-6,,true,,3239,474,15,30,23,982,0
1537443406429,23,Del_ContactFrom,200,OK,DeleteContact 2-13,text,true,,3366,481,15,30,23,0,1
1537443403496,23,Del_ContactFrom,200,"Number of samples in transaction : 2, number of failing samples : 0",DeleteContact 2-13,,true,,3366,481,15,30,23,2933,1
1537443406460,30,Add_ContactAction,200,OK,AddContact 1-15,text,true,,2477,1614,15,30,30,0,1
1537443403520,30,Add_ContactAction,200,"Number of samples in transaction : 2, number of failing samples : 0",AddContact 1-15,,true,,2477,1614,15,30,30,2940,1
1537443406461,43,Add_ContactAction,200,OK,AddContact 1-2,text,true,,2477,1031,15,30,43,0,0
1537443403524,43,Add_ContactAction,200,"Number of samples in transaction : 2, number of failing samples : 0",AddContact 1-2,,true,,2477,1031,15,30,43,2937,0
1537443406490,19,Add_ContactAction,200,OK,AddContact 1-5,text,true,,2477,1241,15,30,19,0,1
1537443403564,19,Add_ContactAction,200,"Number of samples in transaction : 2, number of failing samples : 0",AddContact 1-5,,true,,2477,1241,15,30,19,2926,1
1537443406814,58,Del_MainPage,200,OK,DeleteContact 2-2,text,true,,19906,446,15,30,57,0,0
1537443405833,58,Del_MainPage,200,"Number of samples in transaction : 2, number of failing samples : 0",DeleteContact 2-2,,true,,19906,446,15,30,57,983,0
1537443406815,68,Del_MainPage,200,OK,DeleteContact 2-14,text,true,,19906,446,15,30,66,0,0
1537443405834,68,Del_MainPage,200,"Number of samples in transaction : 2, number of failing samples : 0",DeleteContact 2-14,,true,,19906,446,15,30,66,984,0
1537443406877,42,Add_ContactForm,200,OK,AddContact 1-9,text,true,,3239,474,15,30,42,0,0
1537443405891,42,Add_ContactForm,200,"Number of samples in transaction : 2, number of failing samples : 0",AddContact 1-9,,true,,3239,474,15,30,42,986,0
1537443406877,43,Add_ContactForm,200,OK,AddContact 1-8,text,true,,3239,474,15,30,43,0,0
1537443405894,43,Add_ContactForm,200,"Number of samples in transaction : 2, number of failing samples : 0",AddContact 1-8,,true,,3239,474,15,30,43,984,0
1537443406877,45,Add_ContactForm,200,OK,AddContact 1-7,text,true,,3239,474,15,30,45,0,0
1537443405898,45,Add_ContactForm,200,"Number of samples in transaction : 2, number of failing samples : 0",AddContact 1-7,,true,,3239,474,15,30,45,979,0
1537443407383,24,Del_Contact,200,OK,DeleteContact 2-8,text,true,,2489,510,15,30,24,0,1
1537443404433,24,Del_Contact,200,"Number of samples in transaction : 2, number of failing samples : 0",DeleteContact 2-8,,true,,2489,510,15,30,24,2950,1
1537443407630,47,Del_Contact,200,OK,DeleteContact 2-10,text,true,,2484,510,15,30,47,0,0
1537443404677,47,Del_Contact,200,"Number of samples in transaction : 2, number of failing samples : 0",DeleteContact 2-10,,true,,2484,510,15,30,47,2953,0
1537443407631,67,Del_Contact,200,OK,DeleteContact 2-9,text,true,,2484,510,15,30,67,0,0
1537443404679,67,Del_Contact,200,"Number of samples in transaction : 2, number of failing samples : 0",DeleteContact 2-9,,true,,2484,510,15,30,67,2953,0
1537443407721,25,Del_Contact,200,OK,DeleteContact 2-11,text,true,,2484,510,15,30,24,0,0
1537443404843,25,Del_Contact,200,"Number of samples in transaction : 2, number of failing samples : 0",DeleteContact 2-11,,true,,2484,510,15,30,24,2941,0
1537443407936,28,Del_Contact,200,OK,DeleteContact 2-12,text,true,,2484,510,15,30,28,0,0
1537443405058,28,Del_Contact,200,"Number of samples in transaction : 2, number of failing samples : 0",DeleteContact 2-12,,true,,2484,510,15,30,28,2941,0
1537443408182,93,Del_MainPage,200,OK,DeleteContact 2-15,text,true,,19230,446,15,30,93,0,1
1537443407260,93,Del_MainPage,200,"Number of samples in transaction : 2, number of failing samples : 0",DeleteContact 2-15,,true,,19230,446,15,30,93,988,1
1537443408203,79,Del_MainPage,200,OK,DeleteContact 2-1,text,true,,19230,446,15,30,78,0,0
1537443407276,79,Del_MainPage,200,"Number of samples in transaction : 2, number of failing samples : 0",DeleteContact 2-1,,true,,19230,446,15,30,78,996,0
1537443408204,91,Del_MainPage,200,OK,DeleteContact 2-3,text,true,,19230,446,15,30,91,0,0
1537443407276,91,Del_MainPage,200,"Number of samples in transaction : 2, number of failing samples : 0",DeleteContact 2-3,,true,,19230,446,15,30,91,994,0
1537443408204,98,Del_MainPage,200,OK,DeleteContact 2-4,text,true,,19230,446,15,30,97,0,1
1537443407276,98,Del_MainPage,200,"Number of samples in transaction : 2, number of failing samples : 0",DeleteContact 2-4,,true,,19230,446,15,30,97,994,1
1537443409275,72,Add_MainPage,200,OK,AddContact 1-10,text,true,,19230,446,15,30,72,0,1
1537443408305,72,Add_MainPage,200,"Number of samples in transaction : 2, number of failing samples : 0",AddContact 1-10,,true,,19230,446,15,30,72,971,1
1537443409293,59,Add_MainPage,200,OK,AddContact 1-11,text,true,,19230,446,15,30,58,0,1
1537443408320,59,Add_MainPage,200,"Number of samples in transaction : 2, number of failing samples : 0",AddContact 1-11,,true,,19230,446,15,30,58,973,1
1537443409294,59,Add_ContactAction,200,OK,AddContact 1-6,text,true,,2477,1451,15,30,59,0,1
1537443406419,59,Add_ContactAction,200,"Number of samples in transaction : 2, number of failing samples : 0",AddContact 1-6,,true,,2477,1451,15,30,59,2939,1
1537443409321,38,Del_Contact,200,OK,DeleteContact 2-13,text,true,,2484,510,15,30,38,0,0
1537443406452,38,Del_Contact,200,"Number of samples in transaction : 2, number of failing samples : 0",DeleteContact 2-13,,true,,2484,510,15,30,38,2932,0
1537443409736,84,Del_ContactFrom,200,OK,DeleteContact 2-2,text,true,,3266,481,15,30,84,0,1
1537443406874,84,Del_ContactFrom,200,"Number of samples in transaction : 2, number of failing samples : 0",DeleteContact 2-2,,true,,3266,481,15,30,84,2926,1
1537443409760,63,Del_ContactFrom,200,OK,DeleteContact 2-14,text,true,,3370,481,15,30,62,0,1
1537443406886,63,Del_ContactFrom,200,"Number of samples in transaction : 2, number of failing samples : 0",DeleteContact 2-14,,true,,3370,481,15,30,62,2937,1
1537443409783,50,Add_ContactAction,200,OK,AddContact 1-9,text,true,,2477,1523,15,30,50,0,1
1537443406919,50,Add_ContactAction,200,"Number of samples in transaction : 2, number of failing samples : 0",AddContact 1-9,,true,,2477,1523,15,30,50,2928,1
1537443409784,57,Add_ContactAction,200,OK,AddContact 1-8,text,true,,2477,1217,15,30,57,0,1
1537443406921,57,Add_ContactAction,200,"Number of samples in transaction : 2, number of failing samples : 0",AddContact 1-8,,true,,2477,1217,15,30,57,2927,1
1537443409801,44,Add_ContactAction,200,OK,AddContact 1-7,text,true,,2477,1463,15,30,44,0,0
1537443406922,44,Add_ContactAction,200,"Number of samples in transaction : 2, number of failing samples : 0",AddContact 1-7,,true,,2477,1463,15,30,44,2942,0
1537443410260,49,Del_MainPage,200,OK,DeleteContact 2-6,text,true,,19737,446,15,30,48,0,1
1537443409275,49,Del_MainPage,200,"Number of samples in transaction : 2, number of failing samples : 0",DeleteContact 2-6,,true,,19737,446,15,30,48,987,1
1537443410277,38,Del_MainPage,200,OK,DeleteContact 2-5,text,true,,19737,446,15,30,37,0,0
1537443409293,38,Del_MainPage,200,"Number of samples in transaction : 2, number of failing samples : 0",DeleteContact 2-5,,true,,19737,446,15,30,37,987,0
1537443410322,13,Add_ContactForm,200,OK,AddContact 1-10,text,true,,3239,474,15,30,13,0,0
1537443409348,13,Add_ContactForm,200,"Number of samples in transaction : 2, number of failing samples : 0",AddContact 1-10,,true,,3239,474,15,30,13,974,0
1537443410336,12,Add_ContactForm,200,OK,AddContact 1-11,text,true,,3239,474,15,30,12,0,0
1537443409352,12,Add_ContactForm,200,"Number of samples in transaction : 2, number of failing samples : 0",AddContact 1-11,,true,,3239,474,15,30,12,985,0
1537443410383,26,Del_MainPage,200,OK,DeleteContact 2-7,text,true,,19737,446,15,30,25,0,0
1537443409397,26,Del_MainPage,200,"Number of samples in transaction : 2, number of failing samples : 0",DeleteContact 2-7,,true,,19737,446,15,30,25,990,0
1537443411168,35,Add_MainPage,200,OK,AddContact 1-14,text,true,,19737,446,15,30,21,0,0
1537443410183,35,Add_MainPage,200,"Number of samples in transaction : 2, number of failing samples : 0",AddContact 1-14,,true,,19737,446,15,30,21,985,0
1537443411200,63,Del_ContactFrom,200,OK,DeleteContact 2-15,text,true,,3345,481,15,30,62,0,1
1537443408278,63,Del_ContactFrom,200,"Number of samples in transaction : 2, number of failing samples : 0",DeleteContact 2-15,,true,,3345,481,15,30,62,2922,1
1537443411201,64,Del_ContactFrom,200,OK,DeleteContact 2-1,text,true,,3301,481,15,30,64,0,0
1537443408288,64,Del_ContactFrom,200,"Number of samples in transaction : 2, number of failing samples : 0",DeleteContact 2-1,,true,,3301,481,15,30,64,2913,0
1537443411230,37,Del_ContactFrom,200,OK,DeleteContact 2-3,text,true,,3285,481,15,30,37,0,1
1537443408298,37,Del_ContactFrom,200,"Number of samples in transaction : 2, number of failing samples : 0",DeleteContact 2-3,,true,,3285,481,15,30,37,2932,1
1537443411231,38,Del_ContactFrom,200,OK,DeleteContact 2-4,text,true,,3317,481,15,30,38,0,0
1537443408305,38,Del_ContactFrom,200,"Number of samples in transaction : 2, number of failing samples : 0",DeleteContact 2-4,,true,,3317,481,15,30,38,2926,0
1537443411568,54,Add_MainPage,200,OK,AddContact 1-12,text,true,,19737,446,15,30,52,0,0
1537443410583,54,Add_MainPage,200,"Number of samples in transaction : 2, number of failing samples : 0",AddContact 1-12,,true,,19737,446,15,30,52,985,0
1537443411737,42,Add_MainPage,200,OK,AddContact 1-13,text,true,,19737,446,15,30,40,0,0
1537443410752,42,Add_MainPage,200,"Number of samples in transaction : 2, number of failing samples : 0",AddContact 1-13,,true,,19737,446,15,30,40,986,0
1537443412183,32,Add_ContactForm,200,OK,AddContact 1-14,text,true,,3239,474,15,30,32,0,0
1537443411203,32,Add_ContactForm,200,"Number of samples in transaction : 2, number of failing samples : 0",AddContact 1-14,,true,,3239,474,15,30,32,981,0
1537443412563,44,Add_ContactForm,200,OK,AddContact 1-12,text,true,,3239,474,15,30,44,0,0
1537443411622,44,Add_ContactForm,200,"Number of samples in transaction : 2, number of failing samples : 0",AddContact 1-12,,true,,3239,474,15,30,44,977,0
1537443412580,39,Add_MainPage,200,OK,AddContact 1-1,text,true,,19737,446,15,30,38,0,1
1537443411629,39,Add_MainPage,200,"Number of samples in transaction : 2, number of failing samples : 0",AddContact 1-1,,true,,19737,446,15,30,38,987,1
1537443412719,46,Add_ContactForm,200,OK,AddContact 1-13,text,true,,3239,474,15,30,46,0,0
1537443411780,46,Add_ContactForm,200,"Number of samples in transaction : 2, number of failing samples : 0",AddContact 1-13,,true,,3239,474,15,30,46,975,0
1537443412717,56,Del_Contact,200,OK,DeleteContact 2-2,text,true,,2484,510,15,30,56,0,1
1537443409821,56,Del_Contact,200,"Number of samples in transaction : 2, number of failing samples : 0",DeleteContact 2-2,,true,,2484,510,15,30,56,2932,1
1537443412718,58,Del_Contact,200,OK,DeleteContact 2-14,text,true,,2484,510,15,30,58,0,1
1537443409823,58,Del_Contact,200,"Number of samples in transaction : 2, number of failing samples : 0",DeleteContact 2-14,,true,,2484,510,15,30,58,2931,1
1537443413178,48,Del_MainPage,200,OK,DeleteContact 2-8,text,true,,19470,446,15,30,46,0,2
1537443412230,48,Del_MainPage,200,"Number of samples in transaction : 2, number of failing samples : 0",DeleteContact 2-8,,true,,19470,446,15,30,46,988,2
1537443413216,71,Del_ContactFrom,200,OK,DeleteContact 2-6,text,true,,3359,481,15,30,71,0,1
1537443410311,71,Del_ContactFrom,200,"Number of samples in transaction : 2, number of failing samples : 0",DeleteContact 2-6,,true,,3359,481,15,30,71,2941,1
1537443413219,70,Del_ContactFrom,200,OK,DeleteContact 2-5,text,true,,3389,481,15,30,70,0,0
1537443410318,70,Del_ContactFrom,200,"Number of samples in transaction : 2, number of failing samples : 0",DeleteContact 2-5,,true,,3389,481,15,30,70,2937,0
1537443413257,36,Add_ContactAction,200,OK,AddContact 1-10,text,true,,2477,1535,15,30,36,0,0
1537443410335,36,Add_ContactAction,200,"Number of samples in transaction : 2, number of failing samples : 0",AddContact 1-10,,true,,2477,1535,15,30,36,2958,0
1537443413258,57,Add_ContactAction,200,OK,AddContact 1-11,text,true,,2477,1517,15,30,57,0,0
1537443410349,57,Add_ContactAction,200,"Number of samples in transaction : 2, number of failing samples : 0",AddContact 1-11,,true,,2477,1517,15,30,57,2945,0
1537443413302,16,Del_ContactFrom,200,OK,DeleteContact 2-7,text,true,,3354,481,15,30,16,0,0
1537443410413,16,Del_ContactFrom,200,"Number of samples in transaction : 2, number of failing samples : 0",DeleteContact 2-7,,true,,3354,481,15,30,16,2925,0
1537443413455,57,Del_MainPage,200,OK,DeleteContact 2-10,text,true,,19858,446,15,30,56,0,1
1537443412506,57,Del_MainPage,200,"Number of samples in transaction : 2, number of failing samples : 0",DeleteContact 2-10,,true,,19858,446,15,30,56,987,1
1537443413473,45,Del_MainPage,200,OK,DeleteContact 2-9,text,true,,19858,446,15,30,44,0,1
1537443412522,45,Del_MainPage,200,"Number of samples in transaction : 2, number of failing samples : 0",DeleteContact 2-9,,true,,19858,446,15,30,44,990,1
1537443413596,20,Add_ContactForm,200,OK,AddContact 1-1,text,true,,3239,474,15,30,20,0,0
1537443412619,20,Add_ContactForm,200,"Number of samples in transaction : 2, number of failing samples : 0",AddContact 1-1,,true,,3239,474,15,30,20,977,0
1537443413578,50,Del_MainPage,200,OK,DeleteContact 2-11,text,true,,19858,446,15,30,49,0,1
1537443412598,50,Del_MainPage,200,"Number of samples in transaction : 2, number of failing samples : 0",DeleteContact 2-11,,true,,19858,446,15,30,49,984,1
1537443413794,42,Del_MainPage,200,OK,DeleteContact 2-12,text,true,,19858,446,15,30,40,0,0
1537443412809,42,Del_MainPage,200,"Number of samples in transaction : 2, number of failing samples : 0",DeleteContact 2-12,,true,,19858,446,15,30,40,990,0
1537443414025,79,Add_MainPage,200,OK,AddContact 1-3,text,true,,19858,446,15,30,77,0,0
1537443413040,79,Add_MainPage,200,"Number of samples in transaction : 2, number of failing samples : 0",AddContact 1-3,,true,,19858,446,15,30,77,985,0
1537443414026,84,Add_MainPage,200,OK,AddContact 1-4,text,true,,19858,446,15,30,82,0,0
1537443413040,84,Add_MainPage,200,"Number of samples in transaction : 2, number of failing samples : 0",AddContact 1-4,,true,,19858,446,15,30,82,986,0
1537443414205,105,Add_MainPage,200,OK,AddContact 1-15,text,true,,19858,446,15,30,104,0,0
1537443413233,105,Add_MainPage,200,"Number of samples in transaction : 2, number of failing samples : 0",AddContact 1-15,,true,,19858,446,15,30,104,972,0
1537443414219,96,Add_MainPage,200,OK,AddContact 1-2,text,true,,19858,446,15,30,95,0,1
1537443413248,96,Add_MainPage,200,"Number of samples in transaction : 2, number of failing samples : 0",AddContact 1-2,,true,,19858,446,15,30,95,971,1
1537443414163,154,Del_Contact,200,OK,DeleteContact 2-15,text,true,,2484,510,15,30,154,0,0
1537443411263,154,Del_Contact,200,"Number of samples in transaction : 2, number of failing samples : 0",DeleteContact 2-15,,true,,2484,510,15,30,154,2936,0
1537443414243,78,Add_MainPage,200,OK,AddContact 1-5,text,true,,19858,446,15,30,78,0,1
1537443413267,78,Add_MainPage,200,"Number of samples in transaction : 2, number of failing samples : 0",AddContact 1-5,,true,,19858,446,15,30,78,977,1
1537443414165,158,Del_Contact,200,OK,DeleteContact 2-3,text,true,,2484,510,15,30,158,0,0
1537443411267,158,Del_Contact,200,"Number of samples in transaction : 2, number of failing samples : 0",DeleteContact 2-3,,true,,2484,510,15,30,158,2934,0
1537443414166,160,Del_Contact,200,OK,DeleteContact 2-4,text,true,,2484,510,15,30,160,0,0
1537443411269,160,Del_Contact,200,"Number of samples in transaction : 2, number of failing samples : 0",DeleteContact 2-4,,true,,2484,510,15,30,160,2934,0
1537443414164,167,Del_Contact,200,OK,DeleteContact 2-1,text,true,,2484,510,15,30,167,0,0
1537443411265,167,Del_Contact,200,"Number of samples in transaction : 2, number of failing samples : 0",DeleteContact 2-1,,true,,2484,510,15,30,167,2935,0
1537443415087,46,Add_ContactForm,200,OK,AddContact 1-3,text,true,,3239,474,15,30,46,0,0
1537443414104,46,Add_ContactForm,200,"Number of samples in transaction : 2, number of failing samples : 0",AddContact 1-3,,true,,3239,474,15,30,46,983,0
1537443415087,47,Add_ContactForm,200,OK,AddContact 1-4,text,true,,3239,474,15,30,47,0,0
1537443414110,47,Add_ContactForm,200,"Number of samples in transaction : 2, number of failing samples : 0",AddContact 1-4,,true,,3239,474,15,30,47,978,0
1537443415117,23,Add_ContactAction,200,OK,AddContact 1-14,text,true,,2477,1686,15,30,23,0,0
1537443412216,23,Add_ContactAction,200,"Number of samples in transaction : 2, number of failing samples : 0",AddContact 1-14,,true,,2477,1686,15,30,23,2937,0
1537443415209,33,Del_MainPage,200,OK,DeleteContact 2-13,text,true,,19574,446,15,30,32,0,1
1537443414234,33,Del_MainPage,200,"Number of samples in transaction : 2, number of failing samples : 0",DeleteContact 2-13,,true,,19574,446,15,30,32,978,1
1537443415281,38,Add_ContactForm,200,OK,AddContact 1-15,text,true,,3239,474,15,30,38,0,0
1537443414310,38,Add_ContactForm,200,"Number of samples in transaction : 2, number of failing samples : 0",AddContact 1-15,,true,,3239,474,15,30,38,971,0
1537443415281,40,Add_ContactForm,200,OK,AddContact 1-2,text,true,,3239,474,15,30,40,0,0
1537443414315,40,Add_ContactForm,200,"Number of samples in transaction : 2, number of failing samples : 0",AddContact 1-2,,true,,3239,474,15,30,40,966,0
1537443415301,22,Add_ContactForm,200,OK,AddContact 1-5,text,true,,3239,474,15,30,22,0,0
1537443414322,22,Add_ContactForm,200,"Number of samples in transaction : 2, number of failing samples : 0",AddContact 1-5,,true,,3239,474,15,30,22,979,0
1537443415532,27,Add_ContactAction,200,OK,AddContact 1-12,text,true,,2477,1259,15,30,27,0,1
1537443412607,27,Add_ContactAction,200,"Number of samples in transaction : 2, number of failing samples : 0",AddContact 1-12,,true,,2477,1259,15,30,27,2925,1
1537443415701,28,Add_ContactAction,200,OK,AddContact 1-13,text,true,,2477,1085,15,30,28,0,1
1537443412765,28,Add_ContactAction,200,"Number of samples in transaction : 2, number of failing samples : 0",AddContact 1-13,,true,,2477,1085,15,30,28,2936,1
1537443416166,26,Del_ContactFrom,200,OK,DeleteContact 2-8,text,true,,3354,481,15,30,26,0,1
1537443413230,26,Del_ContactFrom,200,"Number of samples in transaction : 2, number of failing samples : 0",DeleteContact 2-8,,true,,3354,481,15,30,26,2936,1
1537443416214,36,Del_Contact,200,OK,DeleteContact 2-6,text,true,,2484,510,15,30,36,0,1
1537443413287,36,Del_Contact,200,"Number of samples in transaction : 2, number of failing samples : 0",DeleteContact 2-6,,true,,2484,510,15,30,36,2927,1
1537443416225,28,Del_Contact,200,OK,DeleteContact 2-5,text,true,,2484,510,15,30,28,0,1
1537443413289,28,Del_Contact,200,"Number of samples in transaction : 2, number of failing samples : 0",DeleteContact 2-5,,true,,2484,510,15,30,28,2943,1
1537443416260,14,Del_Contact,200,OK,DeleteContact 2-7,text,true,,2484,510,15,30,14,0,0
1537443413318,14,Del_Contact,200,"Number of samples in transaction : 2, number of failing samples : 0",DeleteContact 2-7,,true,,2484,510,15,30,14,2943,0
1537443416441,39,Del_ContactFrom,200,OK,DeleteContact 2-10,text,true,,3269,481,15,30,39,0,0
1537443413514,39,Del_ContactFrom,200,"Number of samples in transaction : 2, number of failing samples : 0",DeleteContact 2-10,,true,,3269,481,15,30,39,2927,0
1537443416459,23,Del_ContactFrom,200,OK,DeleteContact 2-9,text,true,,3302,481,15,30,23,0,0
1537443413521,23,Del_ContactFrom,200,"Number of samples in transaction : 2, number of failing samples : 0",DeleteContact 2-9,,true,,3302,481,15,30,23,2938,0
1537443416566,27,Del_ContactFrom,200,OK,DeleteContact 2-11,text,true,,3362,481,15,30,27,0,1
1537443413632,27,Del_ContactFrom,200,"Number of samples in transaction : 2, number of failing samples : 0",DeleteContact 2-11,,true,,3362,481,15,30,27,2934,1
1537443416548,49,Add_ContactAction,200,OK,AddContact 1-1,text,true,,2477,1481,15,30,49,0,1
1537443413616,49,Add_ContactAction,200,"Number of samples in transaction : 2, number of failing samples : 0",AddContact 1-1,,true,,2477,1481,15,30,49,2933,1
1537443416779,26,Del_ContactFrom,200,OK,DeleteContact 2-12,text,true,,3394,481,15,30,26,0,1
1537443413841,26,Del_ContactFrom,200,"Number of samples in transaction : 2, number of failing samples : 0",DeleteContact 2-12,,true,,3394,481,15,30,26,2938,1
1537443417148,41,Add_MainPage,200,OK,AddContact 1-6,text,true,,19406,446,15,30,40,0,1
1537443416163,41,Add_MainPage,200,"Number of samples in transaction : 2, number of failing samples : 0",AddContact 1-6,,true,,19406,446,15,30,40,985,1
1537443418048,74,Add_MainPage,200,OK,AddContact 1-9,text,true,,19406,446,15,30,73,0,1
1537443416640,74,Add_MainPage,200,"Number of samples in transaction : 2, number of failing samples : 0",AddContact 1-9,,true,,19406,446,15,30,73,985,1
1537443418049,77,Add_MainPage,200,OK,AddContact 1-8,text,true,,19406,446,15,30,76,0,1
1537443416640,77,Add_MainPage,200,"Number of samples in transaction : 2, number of failing samples : 0",AddContact 1-8,,true,,19406,446,15,30,76,986,1
1537443418080,49,Add_MainPage,200,OK,AddContact 1-7,text,true,,19406,446,15,30,48,0,1
1537443416656,49,Add_MainPage,200,"Number of samples in transaction : 2, number of failing samples : 0",AddContact 1-7,,true,,19406,446,15,30,48,1002,1
1537443418511,60,Add_ContactAction,200,OK,AddContact 1-3,text,true,,2477,1379,15,30,60,0,0
1537443415133,60,Add_ContactAction,200,"Number of samples in transaction : 2, number of failing samples : 0",AddContact 1-3,,true,,2477,1379,15,30,60,2955,0
1537443418512,62,Add_ContactAction,200,OK,AddContact 1-4,text,true,,2477,1505,15,30,62,0,0
1537443415135,62,Add_ContactAction,200,"Number of samples in transaction : 2, number of failing samples : 0",AddContact 1-4,,true,,2477,1505,15,30,62,2954,0
1537443418588,13,Add_ContactForm,200,OK,AddContact 1-6,text,true,,3239,474,15,30,13,0,0
1537443417189,13,Add_ContactForm,200,"Number of samples in transaction : 2, number of failing samples : 0",AddContact 1-6,,true,,3239,474,15,30,13,976,0
1537443418611,16,Del_ContactFrom,200,OK,DeleteContact 2-13,text,true,,3429,481,15,30,15,0,1
1537443415245,16,Del_ContactFrom,200,"Number of samples in transaction : 2, number of failing samples : 0",DeleteContact 2-13,,true,,3429,481,15,30,15,2943,1
1537443418695,69,Add_ContactAction,200,OK,AddContact 1-15,text,true,,2477,1547,15,30,69,0,0
1537443415319,69,Add_ContactAction,200,"Number of samples in transaction : 2, number of failing samples : 0",AddContact 1-15,,true,,2477,1547,15,30,69,2953,0
1537443418696,70,Add_ContactAction,200,OK,AddContact 1-5,text,true,,2477,1115,15,30,70,0,0
1537443415323,70,Add_ContactAction,200,"Number of samples in transaction : 2, number of failing samples : 0",AddContact 1-5,,true,,2477,1115,15,30,70,2950,0
1537443418695,72,Add_ContactAction,200,OK,AddContact 1-2,text,true,,2477,1235,15,30,72,0,1
1537443415321,72,Add_ContactAction,200,"Number of samples in transaction : 2, number of failing samples : 0",AddContact 1-2,,true,,2477,1235,15,30,72,2952,1
1537443419095,47,Add_ContactForm,200,OK,AddContact 1-9,text,true,,3239,474,15,30,47,0,0
1537443418122,47,Add_ContactForm,200,"Number of samples in transaction : 2, number of failing samples : 0",AddContact 1-9,,true,,3239,474,15,30,47,973,0
1537443419111,33,Add_ContactForm,200,OK,AddContact 1-8,text,true,,3239,474,15,30,33,0,0
1537443418126,33,Add_ContactForm,200,"Number of samples in transaction : 2, number of failing samples : 0",AddContact 1-8,,true,,3239,474,15,30,33,985,0
1537443419111,34,Add_ContactForm,200,OK,AddContact 1-7,text,true,,3239,474,15,30,34,0,0
1537443418130,34,Add_ContactForm,200,"Number of samples in transaction : 2, number of failing samples : 0",AddContact 1-7,,true,,3239,474,15,30,34,982,0
1537443419080,78,Del_MainPage,200,OK,DeleteContact 2-2,text,true,,20203,446,15,30,77,0,1
1537443418094,78,Del_MainPage,200,"Number of samples in transaction : 2, number of failing samples : 0",DeleteContact 2-2,,true,,20203,446,15,30,77,988,1
1537443419081,101,Del_MainPage,200,OK,DeleteContact 2-14,text,true,,20203,446,15,30,100,0,0
1537443418094,101,Del_MainPage,200,"Number of samples in transaction : 2, number of failing samples : 0",DeleteContact 2-14,,true,,20203,446,15,30,100,994,0
1537443419556,24,Del_Contact,200,OK,DeleteContact 2-8,text,true,,2491,510,15,30,24,0,1
1537443416192,24,Del_Contact,200,"Number of samples in transaction : 2, number of failing samples : 0",DeleteContact 2-8,,true,,2491,510,15,30,24,2941,1
1537443419849,47,Del_Contact,200,OK,DeleteContact 2-10,text,true,,2483,510,15,30,47,0,1
1537443416480,47,Del_Contact,200,"Number of samples in transaction : 2, number of failing samples : 0",DeleteContact 2-10,,true,,2483,510,15,30,47,2947,1
1537443419850,50,Del_Contact,200,OK,DeleteContact 2-9,text,true,,2484,510,15,30,50,0,1
1537443416482,50,Del_Contact,200,"Number of samples in transaction : 2, number of failing samples : 0",DeleteContact 2-9,,true,,2484,510,15,30,50,2945,1
1537443419957,27,Del_Contact,200,OK,DeleteContact 2-11,text,true,,2485,510,15,30,27,0,1
1537443416593,27,Del_Contact,200,"Number of samples in transaction : 2, number of failing samples : 0",DeleteContact 2-11,,true,,2485,510,15,30,27,2942,1
1537443420172,28,Del_Contact,200,OK,DeleteContact 2-12,text,true,,2483,510,15,30,28,0,0
1537443416805,28,Del_Contact,200,"Number of samples in transaction : 2, number of failing samples : 0",DeleteContact 2-12,,true,,2483,510,15,30,28,2945,0
1537443420647,83,Del_MainPage,200,OK,DeleteContact 2-1,text,true,,19573,446,15,30,82,0,1
1537443419664,83,Del_MainPage,200,"Number of samples in transaction : 2, number of failing samples : 0",DeleteContact 2-1,,true,,19573,446,15,30,82,985,1
1537443420648,88,Del_MainPage,200,OK,DeleteContact 2-4,text,true,,19573,446,15,30,87,0,0
1537443419664,88,Del_MainPage,200,"Number of samples in transaction : 2, number of failing samples : 0",DeleteContact 2-4,,true,,19573,446,15,30,87,987,0
1537443420649,93,Del_MainPage,200,OK,DeleteContact 2-15,text,true,,19573,446,15,30,93,0,0
1537443419664,93,Del_MainPage,200,"Number of samples in transaction : 2, number of failing samples : 0",DeleteContact 2-15,,true,,19573,446,15,30,93,988,0
1537443420648,101,Del_MainPage,200,OK,DeleteContact 2-3,text,true,,19573,446,15,30,100,0,1
1537443419664,101,Del_MainPage,200,"Number of samples in transaction : 2, number of failing samples : 0",DeleteContact 2-3,,true,,19573,446,15,30,100,987,1
1537443421542,35,Add_ContactAction,200,OK,AddContact 1-6,text,true,,2477,1481,15,30,35,0,1
1537443418602,35,Add_ContactAction,200,"Number of samples in transaction : 2, number of failing samples : 0",AddContact 1-6,,true,,2477,1481,15,30,35,2940,1
1537443421572,27,Del_Contact,200,OK,DeleteContact 2-13,text,true,,2484,510,15,30,27,0,1
1537443418627,27,Del_Contact,200,"Number of samples in transaction : 2, number of failing samples : 0",DeleteContact 2-13,,true,,2484,510,15,30,27,2945,1
1537443421573,49,Add_MainPage,200,OK,AddContact 1-10,text,true,,19530,446,15,30,48,0,0
1537443420588,49,Add_MainPage,200,"Number of samples in transaction : 2, number of failing samples : 0",AddContact 1-10,,true,,19530,446,15,30,48,985,0
1537443421588,47,Add_MainPage,200,OK,AddContact 1-11,text,true,,19530,446,15,30,46,0,0
1537443420603,47,Add_MainPage,200,"Number of samples in transaction : 2, number of failing samples : 0",AddContact 1-11,,true,,19530,446,15,30,46,985,0
1537443422118,41,Del_ContactFrom,200,OK,DeleteContact 2-2,text,true,,3431,481,15,30,41,0,0
1537443419160,41,Del_ContactFrom,200,"Number of samples in transaction : 2, number of failing samples : 0",DeleteContact 2-2,,true,,3431,481,15,30,41,2958,0
1537443422080,83,Add_ContactAction,200,OK,AddContact 1-9,text,true,,2477,1523,15,30,83,0,1
1537443419142,83,Add_ContactAction,200,"Number of samples in transaction : 2, number of failing samples : 0",AddContact 1-9,,true,,2477,1523,15,30,83,2938,1
1537443422130,35,Del_ContactFrom,200,OK,DeleteContact 2-14,text,true,,3393,481,15,30,35,0,0
1537443419189,35,Del_ContactFrom,200,"Number of samples in transaction : 2, number of failing samples : 0",DeleteContact 2-14,,true,,3393,481,15,30,35,2941,0
1537443422082,86,Add_ContactAction,200,OK,AddContact 1-7,text,true,,2477,1259,15,30,86,0,1
1537443419146,86,Add_ContactAction,200,"Number of samples in transaction : 2, number of failing samples : 0",AddContact 1-7,,true,,2477,1259,15,30,86,2936,1
1537443422081,89,Add_ContactAction,200,OK,AddContact 1-8,text,true,,2477,1181,15,30,88,0,1
1537443419144,89,Add_ContactAction,200,"Number of samples in transaction : 2, number of failing samples : 0",AddContact 1-8,,true,,2477,1181,15,30,88,2937,1
1537443422605,29,Add_ContactForm,200,OK,AddContact 1-10,text,true,,3239,474,15,30,29,0,0
1537443421622,29,Add_ContactForm,200,"Number of samples in transaction : 2, number of failing samples : 0",AddContact 1-10,,true,,3239,474,15,30,29,983,0
1537443422557,102,Del_MainPage,200,OK,DeleteContact 2-6,text,true,,20006,446,15,30,101,0,1
1537443421572,102,Del_MainPage,200,"Number of samples in transaction : 2, number of failing samples : 0",DeleteContact 2-6,,true,,20006,446,15,30,101,988,1
1537443422572,93,Del_MainPage,200,OK,DeleteContact 2-5,text,true,,20006,446,15,30,93,0,1
1537443421588,93,Del_MainPage,200,"Number of samples in transaction : 2, number of failing samples : 0",DeleteContact 2-5,,true,,20006,446,15,30,93,987,1
1537443422593,79,Del_MainPage,200,OK,DeleteContact 2-7,text,true,,20006,446,15,30,78,0,1
1537443421609,79,Del_MainPage,200,"Number of samples in transaction : 2, number of failing samples : 0",DeleteContact 2-7,,true,,20006,446,15,30,78,986,1
1537443422619,60,Add_ContactForm,200,OK,AddContact 1-11,text,true,,3239,474,15,30,60,0,0
1537443421635,60,Add_ContactForm,200,"Number of samples in transaction : 2, number of failing samples : 0",AddContact 1-11,,true,,3239,474,15,30,60,985,0
1537443423851,40,Add_MainPage,200,OK,AddContact 1-14,text,true,,20006,446,15,30,39,0,0
1537443422434,40,Add_MainPage,200,"Number of samples in transaction : 2, number of failing samples : 0",AddContact 1-14,,true,,20006,446,15,30,39,987,0
1537443424096,61,Del_ContactFrom,200,OK,DeleteContact 2-4,text,true,,3302,481,15,30,60,0,1
1537443420739,61,Del_ContactFrom,200,"Number of samples in transaction : 2, number of failing samples : 0",DeleteContact 2-4,,true,,3302,481,15,30,60,2926,1
1537443424097,62,Del_ContactFrom,200,OK,DeleteContact 2-1,text,true,,3402,481,15,30,62,0,0
1537443420732,62,Del_ContactFrom,200,"Number of samples in transaction : 2, number of failing samples : 0",DeleteContact 2-1,,true,,3402,481,15,30,62,2934,0
1537443424127,34,Del_ContactFrom,200,OK,DeleteContact 2-3,text,true,,3275,481,15,30,34,0,1
1537443420752,34,Del_ContactFrom,200,"Number of samples in transaction : 2, number of failing samples : 0",DeleteContact 2-3,,true,,3275,481,15,30,34,2944,1
1537443424128,35,Del_ContactFrom,200,OK,DeleteContact 2-15,text,true,,3346,481,15,30,35,0,0
1537443420745,35,Del_ContactFrom,200,"Number of samples in transaction : 2, number of failing samples : 0",DeleteContact 2-15,,true,,3346,481,15,30,35,2952,0
1537443424249,37,Add_MainPage,200,OK,AddContact 1-12,text,true,,20006,446,15,30,35,0,1
1537443423281,37,Add_MainPage,200,"Number of samples in transaction : 2, number of failing samples : 0",AddContact 1-12,,true,,20006,446,15,30,35,968,1
1537443424419,35,Add_MainPage,200,OK,AddContact 1-13,text,true,,20006,446,15,30,34,0,1
1537443423449,35,Add_MainPage,200,"Number of samples in transaction : 2, number of failing samples : 0",AddContact 1-13,,true,,20006,446,15,30,34,970,1
1537443424851,23,Add_ContactForm,200,OK,AddContact 1-14,text,true,,3239,474,15,30,23,0,0
1537443423892,23,Add_ContactForm,200,"Number of samples in transaction : 2, number of failing samples : 0",AddContact 1-14,,true,,3239,474,15,30,23,960,0
1537443425266,24,Add_ContactForm,200,OK,AddContact 1-12,text,true,,3239,474,15,30,24,0,0
1537443424286,24,Add_ContactForm,200,"Number of samples in transaction : 2, number of failing samples : 0",AddContact 1-12,,true,,3239,474,15,30,24,981,0
1537443425297,30,Add_MainPage,200,OK,AddContact 1-1,text,true,,20006,446,15,30,29,0,1
1537443424312,30,Add_MainPage,200,"Number of samples in transaction : 2, number of failing samples : 0",AddContact 1-1,,true,,20006,446,15,30,29,985,1
1537443425435,24,Add_ContactForm,200,OK,AddContact 1-13,text,true,,3239,474,15,30,24,0,0
1537443424454,24,Add_ContactForm,200,"Number of samples in transaction : 2, number of failing samples : 0",AddContact 1-13,,true,,3239,474,15,30,24,981,0
1537443425512,43,Del_Contact,200,OK,DeleteContact 2-2,text,true,,2484,510,15,30,43,0,1
1537443422159,43,Del_Contact,200,"Number of samples in transaction : 2, number of failing samples : 0",DeleteContact 2-2,,true,,2484,510,15,30,43,2922,1
1537443425514,47,Del_Contact,200,OK,DeleteContact 2-14,text,true,,2484,510,15,30,47,0,0
1537443422165,47,Del_Contact,200,"Number of samples in transaction : 2, number of failing samples : 0",DeleteContact 2-14,,true,,2484,510,15,30,47,2918,0
1537443425882,40,Del_MainPage,200,OK,DeleteContact 2-8,text,true,,19514,446,15,30,38,0,0
1537443424896,40,Del_MainPage,200,"Number of samples in transaction : 2, number of failing samples : 0",DeleteContact 2-8,,true,,19514,446,15,30,38,989,0
1537443426008,50,Del_ContactFrom,200,OK,DeleteContact 2-6,text,true,,3328,481,15,30,50,0,1
1537443422662,50,Del_ContactFrom,200,"Number of samples in transaction : 2, number of failing samples : 0",DeleteContact 2-6,,true,,3328,481,15,30,50,2916,1
1537443426020,41,Del_ContactFrom,200,OK,DeleteContact 2-5,text,true,,3417,481,15,30,41,0,0
1537443422668,41,Del_ContactFrom,200,"Number of samples in transaction : 2, number of failing samples : 0",DeleteContact 2-5,,true,,3417,481,15,30,41,2921,0
1537443426020,43,Del_ContactFrom,200,OK,DeleteContact 2-7,text,true,,3424,481,15,30,43,0,1
1537443422674,43,Del_ContactFrom,200,"Number of samples in transaction : 2, number of failing samples : 0",DeleteContact 2-7,,true,,3424,481,15,30,43,2916,1
1537443425990,76,Add_ContactAction,200,OK,AddContact 1-10,text,true,,2477,1283,15,30,76,0,0
1537443422634,76,Add_ContactAction,200,"Number of samples in transaction : 2, number of failing samples : 0",AddContact 1-10,,true,,2477,1283,15,30,76,2925,0
1537443426021,47,Add_ContactAction,200,OK,AddContact 1-11,text,true,,2477,1595,15,30,47,0,0
1537443422680,47,Add_ContactAction,200,"Number of samples in transaction : 2, number of failing samples : 0",AddContact 1-11,,true,,2477,1595,15,30,47,2910,0
1537443426189,46,Del_MainPage,200,OK,DeleteContact 2-10,text,true,,19931,446,15,30,45,0,1
1537443425204,46,Del_MainPage,200,"Number of samples in transaction : 2, number of failing samples : 0",DeleteContact 2-10,,true,,19931,446,15,30,45,987,1
1537443426190,62,Del_MainPage,200,OK,DeleteContact 2-9,text,true,,19931,446,15,30,61,0,1
1537443425204,62,Del_MainPage,200,"Number of samples in transaction : 2, number of failing samples : 0",DeleteContact 2-9,,true,,19931,446,15,30,61,988,1
1537443426266,23,Del_MainPage,200,OK,DeleteContact 2-11,text,true,,19931,446,15,30,21,0,1
1537443425284,23,Del_MainPage,200,"Number of samples in transaction : 2, number of failing samples : 0",DeleteContact 2-11,,true,,19931,446,15,30,21,989,1
1537443426297,17,Add_ContactForm,200,OK,AddContact 1-1,text,true,,3239,474,15,30,17,0,0
1537443425327,17,Add_ContactForm,200,"Number of samples in transaction : 2, number of failing samples : 0",AddContact 1-1,,true,,3239,474,15,30,17,970,0
1537443426481,39,Del_MainPage,200,OK,DeleteContact 2-12,text,true,,19931,446,15,30,38,0,1
1537443425497,39,Del_MainPage,200,"Number of samples in transaction : 2, number of failing samples : 0",DeleteContact 2-12,,true,,19931,446,15,30,38,986,1
1537443426820,79,Add_MainPage,200,OK,AddContact 1-3,text,true,,19931,446,15,30,77,0,0
1537443425834,79,Add_MainPage,200,"Number of samples in transaction : 2, number of failing samples : 0",AddContact 1-3,,true,,19931,446,15,30,77,986,0
1537443426835,68,Add_MainPage,200,OK,AddContact 1-4,text,true,,19931,446,15,30,67,0,1
1537443425851,68,Add_MainPage,200,"Number of samples in transaction : 2, number of failing samples : 0",AddContact 1-4,,true,,19931,446,15,30,67,984,1
1537443427021,148,Add_MainPage,200,OK,AddContact 1-15,text,true,,19931,446,15,30,146,0,0
1537443426035,148,Add_MainPage,200,"Number of samples in transaction : 2, number of failing samples : 0",AddContact 1-15,,true,,19931,446,15,30,146,986,0
1537443427022,150,Add_MainPage,200,OK,AddContact 1-2,text,true,,19931,446,15,30,149,0,0
1537443426035,150,Add_MainPage,200,"Number of samples in transaction : 2, number of failing samples : 0",AddContact 1-2,,true,,19931,446,15,30,149,988,0
1537443427022,156,Add_MainPage,200,OK,AddContact 1-5,text,true,,19931,446,15,30,155,0,67
1537443426039,156,Add_MainPage,200,"Number of samples in transaction : 2, number of failing samples : 0",AddContact 1-5,,true,,19931,446,15,30,155,983,67
1537443427089,95,Del_Contact,200,OK,DeleteContact 2-4,text,true,,2484,510,15,30,95,0,0
1537443424157,95,Del_Contact,200,"Number of samples in transaction : 2, number of failing samples : 0",DeleteContact 2-4,,true,,2484,510,15,30,95,2932,0
1537443427098,126,Del_Contact,200,OK,DeleteContact 2-1,text,true,,2484,510,15,30,126,0,0
1537443424159,126,Del_Contact,200,"Number of samples in transaction : 2, number of failing samples : 0",DeleteContact 2-1,,true,,2484,510,15,30,126,2939,0
1537443427098,130,Del_Contact,200,OK,DeleteContact 2-3,text,true,,2484,510,15,30,130,0,1
1537443424161,130,Del_Contact,200,"Number of samples in transaction : 2, number of failing samples : 0",DeleteContact 2-3,,true,,2484,510,15,30,130,2937,1
1537443427099,131,Del_Contact,200,OK,DeleteContact 2-15,text,true,,2483,510,15,30,130,0,0
1537443424163,131,Del_Contact,200,"Number of samples in transaction : 2, number of failing samples : 0",DeleteContact 2-15,,true,,2483,510,15,30,130,2936,0
1537443427806,28,Add_ContactAction,200,OK,AddContact 1-14,text,true,,2477,1439,15,30,28,0,0
1537443424875,28,Add_ContactAction,200,"Number of samples in transaction : 2, number of failing samples : 0",AddContact 1-14,,true,,2477,1439,15,30,28,2931,0
1537443427882,46,Add_ContactForm,200,OK,AddContact 1-3,text,true,,3239,474,15,30,46,0,0
1537443426899,46,Add_ContactForm,200,"Number of samples in transaction : 2, number of failing samples : 0",AddContact 1-3,,true,,3239,474,15,30,46,983,0
1537443427882,48,Add_ContactForm,200,OK,AddContact 1-4,text,true,,3239,474,15,30,48,0,0
1537443426903,48,Add_ContactForm,200,"Number of samples in transaction : 2, number of failing samples : 0",AddContact 1-4,,true,,3239,474,15,30,48,979,0
1537443427911,30,Del_MainPage,200,OK,DeleteContact 2-13,text,true,,19513,446,15,30,29,0,0
1537443426913,30,Del_MainPage,200,"Number of samples in transaction : 2, number of failing samples : 0",DeleteContact 2-13,,true,,19513,446,15,30,29,1001,0
1537443429117,46,Add_ContactForm,200,OK,AddContact 1-15,text,true,,3239,474,15,30,46,0,0
1537443427169,46,Add_ContactForm,200,"Number of samples in transaction : 2, number of failing samples : 0",AddContact 1-15,,true,,3239,474,15,30,46,975,0
1537443429118,47,Add_ContactForm,200,OK,AddContact 1-2,text,true,,3239,474,15,30,47,0,0
1537443427173,47,Add_ContactForm,200,"Number of samples in transaction : 2, number of failing samples : 0",AddContact 1-2,,true,,3239,474,15,30,47,972,0
1537443429147,22,Add_ContactForm,200,OK,AddContact 1-5,text,true,,3239,474,15,30,22,0,0
1537443427178,22,Add_ContactForm,200,"Number of samples in transaction : 2, number of failing samples : 0",AddContact 1-5,,true,,3239,474,15,30,22,995,0
1537443429195,16,Add_ContactAction,200,OK,AddContact 1-12,text,true,,2477,1499,15,30,16,0,1
1537443425291,16,Add_ContactAction,200,"Number of samples in transaction : 2, number of failing samples : 0",AddContact 1-12,,true,,2477,1499,15,30,16,2930,1
1537443429364,37,Add_ContactAction,200,OK,AddContact 1-13,text,true,,2477,1145,15,30,37,0,1
1537443425459,37,Add_ContactAction,200,"Number of samples in transaction : 2, number of failing samples : 0",AddContact 1-13,,true,,2477,1145,15,30,37,2931,1
1537443429826,26,Del_ContactFrom,200,OK,DeleteContact 2-8,text,true,,3365,481,15,30,25,0,1
1537443425925,26,Del_ContactFrom,200,"Number of samples in transaction : 2, number of failing samples : 0",DeleteContact 2-8,,true,,3365,481,15,30,25,2927,1
1537443429964,57,Del_Contact,200,OK,DeleteContact 2-6,text,true,,2484,510,15,30,57,0,0
1537443426059,57,Del_Contact,200,"Number of samples in transaction : 2, number of failing samples : 0",DeleteContact 2-6,,true,,2484,510,15,30,57,2931,0
1537443429965,59,Del_Contact,200,OK,DeleteContact 2-5,text,true,,2484,510,15,30,59,0,0
1537443426061,59,Del_Contact,200,"Number of samples in transaction : 2, number of failing samples : 0",DeleteContact 2-5,,true,,2484,510,15,30,59,2930,0
1537443429965,64,Del_Contact,200,OK,DeleteContact 2-7,text,true,,2484,510,15,30,64,0,1
1537443426064,64,Del_Contact,200,"Number of samples in transaction : 2, number of failing samples : 0",DeleteContact 2-7,,true,,2484,510,15,30,64,2927,1
1537443430148,40,Del_ContactFrom,200,OK,DeleteContact 2-10,text,true,,3378,481,15,30,40,0,1
1537443426237,40,Del_ContactFrom,200,"Number of samples in transaction : 2, number of failing samples : 0",DeleteContact 2-10,,true,,3378,481,15,30,40,2937,1
1537443430166,24,Del_ContactFrom,200,OK,DeleteContact 2-9,text,true,,3245,481,15,30,24,0,0
1537443426254,24,Del_ContactFrom,200,"Number of samples in transaction : 2, number of failing samples : 0",DeleteContact 2-9,,true,,3245,481,15,30,24,2938,0
1537443430195,18,Del_ContactFrom,200,OK,DeleteContact 2-11,text,true,,3409,481,15,30,18,0,0
1537443426296,18,Del_ContactFrom,200,"Number of samples in transaction : 2, number of failing samples : 0",DeleteContact 2-11,,true,,3409,481,15,30,18,2925,0
1537443430225,15,Add_ContactAction,200,OK,AddContact 1-1,text,true,,2477,1475,15,30,15,0,1
1537443426314,15,Add_ContactAction,200,"Number of samples in transaction : 2, number of failing samples : 0",AddContact 1-1,,true,,2477,1475,15,30,15,2937,1
1537443430426,25,Del_ContactFrom,200,OK,DeleteContact 2-12,text,true,,3337,481,15,30,24,0,0
1537443426522,25,Del_ContactFrom,200,"Number of samples in transaction : 2, number of failing samples : 0",DeleteContact 2-12,,true,,3337,481,15,30,24,2930,0
1537443430811,33,Add_MainPage,200,OK,AddContact 1-6,text,true,,19321,446,15,30,32,0,1
1537443429827,33,Add_MainPage,200,"Number of samples in transaction : 2, number of failing samples : 0",AddContact 1-6,,true,,19321,446,15,30,32,984,1
1537443431379,80,Add_MainPage,200,OK,AddContact 1-8,text,true,,19321,446,15,30,79,0,1
1537443430395,80,Add_MainPage,200,"Number of samples in transaction : 2, number of failing samples : 0",AddContact 1-8,,true,,19321,446,15,30,79,984,1
1537443431380,82,Add_MainPage,200,OK,AddContact 1-7,text,true,,19321,446,15,30,82,0,1
1537443430395,82,Add_MainPage,200,"Number of samples in transaction : 2, number of failing samples : 0",AddContact 1-7,,true,,19321,446,15,30,82,986,1
1537443431381,85,Add_MainPage,200,OK,AddContact 1-9,text,true,,19321,446,15,30,84,0,0
1537443430395,85,Add_MainPage,200,"Number of samples in transaction : 2, number of failing samples : 0",AddContact 1-9,,true,,19321,446,15,30,84,986,0
1537443431828,60,Add_ContactForm,200,OK,AddContact 1-6,text,true,,3239,474,15,30,60,0,0
1537443430844,60,Add_ContactForm,200,"Number of samples in transaction : 2, number of failing samples : 0",AddContact 1-6,,true,,3239,474,15,30,60,984,0
1537443431826,68,Add_ContactAction,200,OK,AddContact 1-3,text,true,,2477,1205,15,30,68,0,1
1537443427928,68,Add_ContactAction,200,"Number of samples in transaction : 2, number of failing samples : 0",AddContact 1-3,,true,,2477,1205,15,30,68,2924,1
1537443431862,54,Del_ContactFrom,200,OK,DeleteContact 2-13,text,true,,3302,481,15,30,54,0,1
1537443427944,54,Del_ContactFrom,200,"Number of samples in transaction : 2, number of failing samples : 0",DeleteContact 2-13,,true,,3302,481,15,30,54,2944,1
1537443431827,92,Add_ContactAction,200,OK,AddContact 1-4,text,true,,2477,1235,15,30,92,0,1
1537443427930,92,Add_ContactAction,200,"Number of samples in transaction : 2, number of failing samples : 0",AddContact 1-4,,true,,2477,1235,15,30,92,2923,1
1537443432072,54,Add_ContactAction,200,OK,AddContact 1-15,text,true,,2477,1379,15,30,54,0,1
1537443429164,54,Add_ContactAction,200,"Number of samples in transaction : 2, number of failing samples : 0",AddContact 1-15,,true,,2477,1379,15,30,54,2908,1
1537443432095,37,Add_ContactAction,200,OK,AddContact 1-2,text,true,,2477,1217,15,30,37,0,1
1537443429166,37,Add_ContactAction,200,"Number of samples in transaction : 2, number of failing samples : 0",AddContact 1-2,,true,,2477,1217,15,30,37,2929,1
1537443432099,36,Add_ContactAction,200,OK,AddContact 1-5,text,true,,2477,1343,15,30,36,0,1
1537443429169,36,Add_ContactAction,200,"Number of samples in transaction : 2, number of failing samples : 0",AddContact 1-5,,true,,2477,1343,15,30,36,2930,1
1537443432395,81,Del_MainPage,200,OK,DeleteContact 2-2,text,true,,20020,446,15,30,80,0,1
1537443431417,81,Del_MainPage,200,"Number of samples in transaction : 2, number of failing samples : 0",DeleteContact 2-2,,true,,20020,446,15,30,80,980,1
1537443432410,72,Del_MainPage,200,OK,DeleteContact 2-14,text,true,,20020,446,15,30,71,0,1
1537443431426,72,Del_MainPage,200,"Number of samples in transaction : 2, number of failing samples : 0",DeleteContact 2-14,,true,,20020,446,15,30,71,986,1
1537443432447,45,Add_ContactForm,200,OK,AddContact 1-8,text,true,,3239,474,15,30,45,0,0
1537443431459,45,Add_ContactForm,200,"Number of samples in transaction : 2, number of failing samples : 0",AddContact 1-8,,true,,3239,474,15,30,45,988,0
1537443432447,47,Add_ContactForm,200,OK,AddContact 1-7,text,true,,3239,474,15,30,47,0,0
1537443431463,47,Add_ContactForm,200,"Number of samples in transaction : 2, number of failing samples : 0",AddContact 1-7,,true,,3239,474,15,30,47,984,0
1537443432447,49,Add_ContactForm,200,OK,AddContact 1-9,text,true,,3239,474,15,30,49,0,0
1537443431466,49,Add_ContactForm,200,"Number of samples in transaction : 2, number of failing samples : 0",AddContact 1-9,,true,,3239,474,15,30,49,981,0
1537443432765,27,Del_Contact,200,OK,DeleteContact 2-8,text,true,,2484,510,15,30,26,0,1
1537443429852,27,Del_Contact,200,"Number of samples in transaction : 2, number of failing samples : 0",DeleteContact 2-8,,true,,2484,510,15,30,26,2913,1
1537443433118,69,Del_Contact,200,OK,DeleteContact 2-10,text,true,,2484,510,15,30,69,0,1
1537443430188,69,Del_Contact,200,"Number of samples in transaction : 2, number of failing samples : 0",DeleteContact 2-10,,true,,2484,510,15,30,69,2930,1
1537443433119,72,Del_Contact,200,OK,DeleteContact 2-9,text,true,,2483,510,15,30,72,0,1
1537443430190,72,Del_Contact,200,"Number of samples in transaction : 2, number of failing samples : 0",DeleteContact 2-9,,true,,2483,510,15,30,72,2929,1
1537443433160,35,Del_Contact,200,OK,DeleteContact 2-11,text,true,,2484,510,15,30,35,0,0
1537443430213,35,Del_Contact,200,"Number of samples in transaction : 2, number of failing samples : 0",DeleteContact 2-11,,true,,2484,510,15,30,35,2947,0
1537443433381,25,Del_Contact,200,OK,DeleteContact 2-12,text,true,,2484,510,15,30,25,0,0
1537443430451,25,Del_Contact,200,"Number of samples in transaction : 2, number of failing samples : 0",DeleteContact 2-12,,true,,2484,510,15,30,25,2931,0
1537443434991,43,Del_MainPage,200,OK,DeleteContact 2-4,text,true,,19181,446,15,30,42,0,1
1537443433027,43,Del_MainPage,200,"Number of samples in transaction : 2, number of failing samples : 0",DeleteContact 2-4,,true,,19181,446,15,30,42,988,1
1537443435037,31,Del_MainPage,200,OK,DeleteContact 2-15,text,true,,19181,446,15,30,30,0,0
1537443433072,31,Del_MainPage,200,"Number of samples in transaction : 2, number of failing samples : 0",DeleteContact 2-15,,true,,19181,446,15,30,30,988,0
1537443435037,56,Del_MainPage,200,OK,DeleteContact 2-3,text,true,,19181,446,15,30,55,0,1
1537443433072,56,Del_MainPage,200,"Number of samples in transaction : 2, number of failing samples : 0",DeleteContact 2-3,,true,,19181,446,15,30,55,988,1
1537443435038,76,Del_MainPage,200,OK,DeleteContact 2-1,text,true,,19181,446,15,30,75,0,0
1537443433072,76,Del_MainPage,200,"Number of samples in transaction : 2, number of failing samples : 0",DeleteContact 2-1,,true,,19181,446,15,30,75,990,0
1537443435856,53,Add_MainPage,200,OK,AddContact 1-10,text,true,,19181,446,15,30,52,0,0
1537443433888,53,Add_MainPage,200,"Number of samples in transaction : 2, number of failing samples : 0",AddContact 1-10,,true,,19181,446,15,30,52,989,0
1537443435856,57,Add_MainPage,200,OK,AddContact 1-11,text,true,,19181,446,15,30,57,0,0
1537443433888,57,Add_MainPage,200,"Number of samples in transaction : 2, number of failing samples : 0",AddContact 1-11,,true,,19181,446,15,30,57,990,0
1537443435840,75,Del_Contact,200,OK,DeleteContact 2-13,text,true,,2483,510,15,30,75,0,0
1537443431916,75,Del_Contact,200,"Number of samples in transaction : 2, number of failing samples : 0",DeleteContact 2-13,,true,,2483,510,15,30,75,2945,0
1537443435821,96,Add_ContactAction,200,OK,AddContact 1-6,text,true,,2477,1331,15,30,96,0,1
1537443431888,96,Add_ContactAction,200,"Number of samples in transaction : 2, number of failing samples : 0",AddContact 1-6,,true,,2477,1331,15,30,96,2954,1
1537443436406,78,Del_ContactFrom,200,OK,DeleteContact 2-2,text,true,,3259,481,15,30,78,0,1
1537443432478,78,Del_ContactFrom,200,"Number of samples in transaction : 2, number of failing samples : 0",DeleteContact 2-2,,true,,3259,481,15,30,78,2949,1
1537443436407,79,Del_ContactFrom,200,OK,DeleteContact 2-14,text,true,,3414,481,15,30,79,0,0
1537443432484,79,Del_ContactFrom,200,"Number of samples in transaction : 2, number of failing samples : 0",DeleteContact 2-14,,true,,3414,481,15,30,79,2944,0
1537443436441,111,Add_ContactAction,200,OK,AddContact 1-8,text,true,,2477,1620,15,30,111,0,1
1537443432492,111,Add_ContactAction,200,"Number of samples in transaction : 2, number of failing samples : 0",AddContact 1-8,,true,,2477,1620,15,30,111,2970,1
1537443436443,116,Add_ContactAction,200,OK,AddContact 1-9,text,true,,2477,1091,15,30,115,0,1
1537443432496,116,Add_ContactAction,200,"Number of samples in transaction : 2, number of failing samples : 0",AddContact 1-9,,true,,2477,1091,15,30,115,2968,1
1537443436442,127,Add_ContactAction,200,OK,AddContact 1-7,text,true,,2477,1632,15,30,126,0,1
1537443432494,127,Add_ContactAction,200,"Number of samples in transaction : 2, number of failing samples : 0",AddContact 1-7,,true,,2477,1632,15,30,126,2969,1
1537443436897,41,Add_ContactForm,200,OK,AddContact 1-10,text,true,,3239,474,15,30,40,0,0
1537443435909,41,Add_ContactForm,200,"Number of samples in transaction : 2, number of failing samples : 0",AddContact 1-10,,true,,3239,474,15,30,40,988,0
1537443436907,33,Add_ContactForm,200,OK,AddContact 1-11,text,true,,3239,474,15,30,33,0,0
1537443435914,33,Add_ContactForm,200,"Number of samples in transaction : 2, number of failing samples : 0",AddContact 1-11,,true,,3239,474,15,30,33,993,0
1537443436868,89,Del_MainPage,200,OK,DeleteContact 2-6,text,true,,19698,446,15,30,88,0,1
1537443435883,89,Del_MainPage,200,"Number of samples in transaction : 2, number of failing samples : 0",DeleteContact 2-6,,true,,19698,446,15,30,88,987,1
1537443436869,94,Del_MainPage,200,OK,DeleteContact 2-5,text,true,,19698,446,15,30,94,0,0
1537443435883,94,Del_MainPage,200,"Number of samples in transaction : 2, number of failing samples : 0",DeleteContact 2-5,,true,,19698,446,15,30,94,989,0
1537443436907,72,Del_MainPage,200,OK,DeleteContact 2-7,text,true,,19698,446,15,30,71,0,1
1537443435914,72,Del_MainPage,200,"Number of samples in transaction : 2, number of failing samples : 0",DeleteContact 2-7,,true,,19698,446,15,30,71,996,1
1537443437591,40,Add_MainPage,200,OK,AddContact 1-14,text,true,,19698,446,15,30,38,0,1
1537443436622,40,Add_MainPage,200,"Number of samples in transaction : 2, number of failing samples : 0",AddContact 1-14,,true,,19698,446,15,30,38,969,1
1537443437976,68,Del_ContactFrom,200,OK,DeleteContact 2-4,text,true,,3285,481,15,30,67,0,0
1537443435037,68,Del_ContactFrom,200,"Number of samples in transaction : 2, number of failing samples : 0",DeleteContact 2-4,,true,,3285,481,15,30,67,2939,0
1537443437997,58,Del_ContactFrom,200,OK,DeleteContact 2-15,text,true,,3341,481,15,30,58,0,0
1537443435070,58,Del_ContactFrom,200,"Number of samples in transaction : 2, number of failing samples : 0",DeleteContact 2-15,,true,,3341,481,15,30,58,2928,0
1537443438013,52,Del_ContactFrom,200,OK,DeleteContact 2-3,text,true,,3347,481,15,30,52,0,1
1537443435095,52,Del_ContactFrom,200,"Number of samples in transaction : 2, number of failing samples : 0",DeleteContact 2-3,,true,,3347,481,15,30,52,2918,1
1537443438043,31,Del_ContactFrom,200,OK,DeleteContact 2-1,text,true,,3280,481,15,30,31,0,0
1537443435117,31,Del_ContactFrom,200,"Number of samples in transaction : 2, number of failing samples : 0",DeleteContact 2-1,,true,,3280,481,15,30,31,2926,0
1537443438015,63,Add_MainPage,200,OK,AddContact 1-12,text,true,,19698,446,15,30,62,0,1
1537443437037,63,Add_MainPage,200,"Number of samples in transaction : 2, number of failing samples : 0",AddContact 1-12,,true,,19698,446,15,30,62,978,1
1537443438191,35,Add_MainPage,200,OK,AddContact 1-13,text,true,,19698,446,15,30,34,0,0
1537443437221,35,Add_MainPage,200,"Number of samples in transaction : 2, number of failing samples : 0",AddContact 1-13,,true,,19698,446,15,30,34,970,0
1537443438592,24,Add_ContactForm,200,OK,AddContact 1-14,text,true,,3239,474,15,30,23,0,0
1537443437631,24,Add_ContactForm,200,"Number of samples in transaction : 2, number of failing samples : 0",AddContact 1-14,,true,,3239,474,15,30,23,961,0
1537443439056,25,Add_ContactForm,200,OK,AddContact 1-12,text,true,,3239,474,15,30,25,0,0
1537443438078,25,Add_ContactForm,200,"Number of samples in transaction : 2, number of failing samples : 0",AddContact 1-12,,true,,3239,474,15,30,25,978,0
1537443439037,55,Add_MainPage,200,OK,AddContact 1-1,text,true,,19698,446,15,30,53,0,1
1537443438055,55,Add_MainPage,200,"Number of samples in transaction : 2, number of failing samples : 0",AddContact 1-1,,true,,19698,446,15,30,53,982,1
1537443439207,24,Add_ContactForm,200,OK,AddContact 1-13,text,true,,3239,474,15,30,24,0,0
1537443438226,24,Add_ContactForm,200,"Number of samples in transaction : 2, number of failing samples : 0",AddContact 1-13,,true,,3239,474,15,30,24,981,0
1537443439407,36,Del_Contact,200,OK,DeleteContact 2-2,text,true,,2484,510,15,30,36,0,1
1537443436484,36,Del_Contact,200,"Number of samples in transaction : 2, number of failing samples : 0",DeleteContact 2-2,,true,,2484,510,15,30,36,2923,1
1537443439408,38,Del_Contact,200,OK,DeleteContact 2-14,text,true,,2484,510,15,30,38,0,1
1537443436486,38,Del_Contact,200,"Number of samples in transaction : 2, number of failing samples : 0",DeleteContact 2-14,,true,,2484,510,15,30,38,2922,1
1537443439638,35,Del_MainPage,200,OK,DeleteContact 2-8,text,true,,19405,446,15,30,34,0,0
1537443438653,35,Del_MainPage,200,"Number of samples in transaction : 2, number of failing samples : 0",DeleteContact 2-8,,true,,19405,446,15,30,34,988,0
1537443440314,42,Del_ContactFrom,200,OK,DeleteContact 2-6,text,true,,3314,481,15,30,42,0,1
1537443436960,42,Del_ContactFrom,200,"Number of samples in transaction : 2, number of failing samples : 0",DeleteContact 2-6,,true,,3314,481,15,30,42,2923,1
1537443440325,34,Del_ContactFrom,200,OK,DeleteContact 2-5,text,true,,3411,481,15,30,34,0,0
1537443436966,34,Del_ContactFrom,200,"Number of samples in transaction : 2, number of failing samples : 0",DeleteContact 2-5,,true,,3411,481,15,30,34,2927,0
1537443440335,27,Del_ContactFrom,200,OK,DeleteContact 2-7,text,true,,3347,481,15,30,27,0,1
1537443436982,27,Del_ContactFrom,200,"Number of samples in transaction : 2, number of failing samples : 0",DeleteContact 2-7,,true,,3347,481,15,30,27,2921,1
1537443440285,79,Add_ContactAction,200,OK,AddContact 1-10,text,true,,2477,1481,15,30,79,0,1
1537443436938,79,Add_ContactAction,200,"Number of samples in transaction : 2, number of failing samples : 0",AddContact 1-10,,true,,2477,1481,15,30,79,2915,1
1537443440286,83,Add_ContactAction,200,OK,AddContact 1-11,text,true,,2477,1728,15,30,82,0,1
1537443436940,83,Add_ContactAction,200,"Number of samples in transaction : 2, number of failing samples : 0",AddContact 1-11,,true,,2477,1728,15,30,82,2914,1
1537443440470,69,Del_MainPage,200,OK,DeleteContact 2-10,text,true,,19845,446,15,30,68,0,1
1537443439056,69,Del_MainPage,200,"Number of samples in transaction : 2, number of failing samples : 0",DeleteContact 2-10,,true,,19845,446,15,30,68,985,1
1537443440503,54,Add_ContactForm,200,OK,AddContact 1-1,text,true,,3239,474,15,30,54,0,0
1537443439092,54,Add_ContactForm,200,"Number of samples in transaction : 2, number of failing samples : 0",AddContact 1-1,,true,,3239,474,15,30,54,980,0
1537443440471,98,Del_MainPage,200,OK,DeleteContact 2-9,text,true,,19845,446,15,30,98,0,1
1537443439056,98,Del_MainPage,200,"Number of samples in transaction : 2, number of failing samples : 0",DeleteContact 2-9,,true,,19845,446,15,30,98,986,1
1537443440472,115,Del_MainPage,200,OK,DeleteContact 2-11,text,true,,19845,446,15,30,113,0,0
1537443439056,115,Del_MainPage,200,"Number of samples in transaction : 2, number of failing samples : 0",DeleteContact 2-11,,true,,19845,446,15,30,113,986,0
1537443440669,23,Del_MainPage,200,OK,DeleteContact 2-12,text,true,,19845,446,15,30,22,0,0
1537443439253,23,Del_MainPage,200,"Number of samples in transaction : 2, number of failing samples : 0",DeleteContact 2-12,,true,,19845,446,15,30,22,1005,0
1537443441131,23,Add_MainPage,200,OK,AddContact 1-3,text,true,,19845,446,15,30,22,0,1
1537443439714,23,Add_MainPage,200,"Number of samples in transaction : 2, number of failing samples : 0",AddContact 1-3,,true,,19845,446,15,30,22,986,1
1537443441162,23,Add_MainPage,200,OK,AddContact 1-4,text,true,,19845,446,15,30,22,0,0
1537443439745,23,Add_MainPage,200,"Number of samples in transaction : 2, number of failing samples : 0",AddContact 1-4,,true,,19845,446,15,30,22,985,0
1537443441363,48,Add_MainPage,200,OK,AddContact 1-15,text,true,,19845,446,15,30,46,0,0
1537443440378,48,Add_MainPage,200,"Number of samples in transaction : 2, number of failing samples : 0",AddContact 1-15,,true,,19845,446,15,30,46,985,0
1537443441364,120,Add_MainPage,200,OK,AddContact 1-2,text,true,,19845,446,15,30,119,0,0
1537443440378,120,Add_MainPage,200,"Number of samples in transaction : 2, number of failing samples : 0",AddContact 1-2,,true,,19845,446,15,30,119,987,0
1537443441364,124,Add_MainPage,200,OK,AddContact 1-5,text,true,,19845,446,15,30,124,0,1
1537443440388,124,Add_MainPage,200,"Number of samples in transaction : 2, number of failing samples : 0",AddContact 1-5,,true,,19845,446,15,30,124,976,1
1537443441411,82,Del_Contact,200,OK,DeleteContact 2-15,text,true,,2484,510,15,30,82,0,0
1537443438056,82,Del_Contact,200,"Number of samples in transaction : 2, number of failing samples : 0",DeleteContact 2-15,,true,,2484,510,15,30,82,2923,0
1537443441412,84,Del_Contact,200,OK,DeleteContact 2-4,text,true,,2484,510,15,30,84,0,0
1537443438044,84,Del_Contact,200,"Number of samples in transaction : 2, number of failing samples : 0",DeleteContact 2-4,,true,,2484,510,15,30,84,2936,0
1537443441430,69,Del_Contact,200,OK,DeleteContact 2-1,text,true,,2483,510,15,30,69,0,1
1537443438074,69,Del_Contact,200,"Number of samples in transaction : 2, number of failing samples : 0",DeleteContact 2-1,,true,,2483,510,15,30,69,2924,1
1537443441431,70,Del_Contact,200,OK,DeleteContact 2-3,text,true,,2484,510,15,30,70,0,0
1537443438065,70,Del_Contact,200,"Number of samples in transaction : 2, number of failing samples : 0",DeleteContact 2-3,,true,,2484,510,15,30,70,2934,0
1537443441978,28,Add_ContactAction,200,OK,AddContact 1-14,text,true,,2477,1463,15,30,28,0,0
1537443438616,28,Add_ContactAction,200,"Number of samples in transaction : 2, number of failing samples : 0",AddContact 1-14,,true,,2477,1463,15,30,28,2930,0
1537443442132,24,Add_ContactForm,200,OK,AddContact 1-3,text,true,,3239,474,15,30,24,0,0
1537443441155,24,Add_ContactForm,200,"Number of samples in transaction : 2, number of failing samples : 0",AddContact 1-3,,true,,3239,474,15,30,24,978,0
1537443442163,14,Add_ContactForm,200,OK,AddContact 1-4,text,true,,3239,474,15,30,14,0,0
1537443441185,14,Add_ContactForm,200,"Number of samples in transaction : 2, number of failing samples : 0",AddContact 1-4,,true,,3239,474,15,30,14,978,0
1537443442193,24,Del_MainPage,200,OK,DeleteContact 2-13,text,true,,19530,446,15,30,23,0,1
1537443441221,24,Del_MainPage,200,"Number of samples in transaction : 2, number of failing samples : 0",DeleteContact 2-13,,true,,19530,446,15,30,23,974,1
1537443442393,24,Add_ContactForm,200,OK,AddContact 1-15,text,true,,3239,474,15,30,24,0,0
1537443441411,24,Add_ContactForm,200,"Number of samples in transaction : 2, number of failing samples : 0",AddContact 1-15,,true,,3239,474,15,30,24,983,0
1537443442450,30,Add_ContactForm,200,OK,AddContact 1-2,text,true,,3239,474,15,30,30,0,0
1537443441485,30,Add_ContactForm,200,"Number of samples in transaction : 2, number of failing samples : 0",AddContact 1-2,,true,,3239,474,15,30,30,970,0
1537443442467,23,Add_ContactForm,200,OK,AddContact 1-5,text,true,,3239,474,15,30,23,0,0
1537443441488,23,Add_ContactForm,200,"Number of samples in transaction : 2, number of failing samples : 0",AddContact 1-5,,true,,3239,474,15,30,23,980,0
1537443442441,53,Add_ContactAction,200,OK,AddContact 1-12,text,true,,2477,1301,15,30,53,0,1
1537443439081,53,Add_ContactAction,200,"Number of samples in transaction : 2, number of failing samples : 0",AddContact 1-12,,true,,2477,1301,15,30,53,2928,1
1537443442578,45,Add_ContactAction,200,OK,AddContact 1-13,text,true,,2477,1391,15,30,45,0,1
1537443439231,45,Add_ContactAction,200,"Number of samples in transaction : 2, number of failing samples : 0",AddContact 1-13,,true,,2477,1391,15,30,45,2915,1
1537443443024,27,Del_ContactFrom,200,OK,DeleteContact 2-8,text,true,,3175,481,15,30,27,0,1
1537443439676,27,Del_ContactFrom,200,"Number of samples in transaction : 2, number of failing samples : 0",DeleteContact 2-8,,true,,3175,481,15,30,27,2917,1
1537443443301,20,Del_Contact,200,OK,DeleteContact 2-7,text,true,,2490,510,15,30,20,0,1
1537443440362,20,Del_Contact,200,"Number of samples in transaction : 2, number of failing samples : 0",DeleteContact 2-7,,true,,2490,510,15,30,20,2939,1
1537443443270,65,Del_Contact,200,OK,DeleteContact 2-6,text,true,,2484,510,15,30,65,0,1
1537443440357,65,Del_Contact,200,"Number of samples in transaction : 2, number of failing samples : 0",DeleteContact 2-6,,true,,2484,510,15,30,65,2913,1
1537443443271,67,Del_Contact,200,OK,DeleteContact 2-5,text,true,,2484,510,15,30,67,0,1
1537443440359,67,Del_Contact,200,"Number of samples in transaction : 2, number of failing samples : 0",DeleteContact 2-5,,true,,2484,510,15,30,67,2912,1
1537443443470,60,Del_ContactFrom,200,OK,DeleteContact 2-10,text,true,,3300,481,15,30,60,0,1
1537443440542,60,Del_ContactFrom,200,"Number of samples in transaction : 2, number of failing samples : 0",DeleteContact 2-10,,true,,3300,481,15,30,60,2928,1
1537443443502,31,Del_ContactFrom,200,OK,DeleteContact 2-9,text,true,,3442,481,15,30,31,0,0
1537443440572,31,Del_ContactFrom,200,"Number of samples in transaction : 2, number of failing samples : 0",DeleteContact 2-9,,true,,3442,481,15,30,31,2930,0
1537443443511,25,Del_ContactFrom,200,OK,DeleteContact 2-11,text,true,,3322,481,15,30,25,0,1
1537443440589,25,Del_ContactFrom,200,"Number of samples in transaction : 2, number of failing samples : 0",DeleteContact 2-11,,true,,3322,481,15,30,25,2922,1
1537443443490,48,Add_ContactAction,200,OK,AddContact 1-1,text,true,,2477,1205,15,30,47,0,0
1537443440558,48,Add_ContactAction,200,"Number of samples in transaction : 2, number of failing samples : 0",AddContact 1-1,,true,,2477,1205,15,30,47,2932,0
1537443443640,25,Del_ContactFrom,200,OK,DeleteContact 2-12,text,true,,3384,481,15,30,25,0,1
1537443440713,25,Del_ContactFrom,200,"Number of samples in transaction : 2, number of failing samples : 0",DeleteContact 2-12,,true,,3384,481,15,30,25,2928,1
1537443444148,35,Add_MainPage,200,OK,AddContact 1-6,text,true,,19585,446,15,30,34,0,1
1537443443163,35,Add_MainPage,200,"Number of samples in transaction : 2, number of failing samples : 0",AddContact 1-6,,true,,19585,446,15,30,34,985,1
1537443444779,172,Add_MainPage,200,OK,AddContact 1-8,text,true,,19585,446,15,30,172,0,0
1537443443793,172,Add_MainPage,200,"Number of samples in transaction : 2, number of failing samples : 0",AddContact 1-8,,true,,19585,446,15,30,172,987,0
1537443444780,175,Add_MainPage,200,OK,AddContact 1-9,text,true,,19585,446,15,30,175,0,1
1537443443794,175,Add_MainPage,200,"Number of samples in transaction : 2, number of failing samples : 0",AddContact 1-9,,true,,19585,446,15,30,175,987,1
1537443444807,152,Add_MainPage,200,OK,AddContact 1-7,text,true,,19585,446,15,30,151,0,1
1537443443809,152,Add_MainPage,200,"Number of samples in transaction : 2, number of failing samples : 0",AddContact 1-7,,true,,19585,446,15,30,151,998,1
1537443445086,61,Add_ContactAction,200,OK,AddContact 1-3,text,true,,2477,1463,15,30,61,0,1
1537443442157,61,Add_ContactAction,200,"Number of samples in transaction : 2, number of failing samples : 0",AddContact 1-3,,true,,2477,1463,15,30,61,2929,1
1537443445553,14,Del_ContactFrom,200,OK,DeleteContact 2-13,text,true,,3306,481,15,30,14,0,1
1537443442219,14,Del_ContactFrom,200,"Number of samples in transaction : 2, number of failing samples : 0",DeleteContact 2-13,,true,,3306,481,15,30,14,2928,1
1537443445570,12,Add_ContactForm,200,OK,AddContact 1-6,text,true,,3239,474,15,30,12,0,0
1537443444183,12,Add_ContactForm,200,"Number of samples in transaction : 2, number of failing samples : 0",AddContact 1-6,,true,,3239,474,15,30,12,981,0
1537443445105,188,Add_ContactAction,200,OK,AddContact 1-4,text,true,,2477,1541,15,30,188,0,1
1537443442177,188,Add_ContactAction,200,"Number of samples in transaction : 2, number of failing samples : 0",AddContact 1-4,,true,,2477,1541,15,30,188,2928,1
1537443445770,22,Add_ContactAction,200,OK,AddContact 1-15,text,true,,2477,1259,15,30,22,0,1
1537443442418,22,Add_ContactAction,200,"Number of samples in transaction : 2, number of failing samples : 0",AddContact 1-15,,true,,2477,1259,15,30,22,2946,1
1537443445816,26,Add_ContactAction,200,OK,AddContact 1-2,text,true,,2477,1217,15,30,26,0,0
1537443442485,26,Add_ContactAction,200,"Number of samples in transaction : 2, number of failing samples : 0",AddContact 1-2,,true,,2477,1217,15,30,26,2925,0
1537443445817,31,Add_ContactAction,200,OK,AddContact 1-5,text,true,,2477,1385,15,30,31,0,0
1537443442491,31,Add_ContactAction,200,"Number of samples in transaction : 2, number of failing samples : 0",AddContact 1-5,,true,,2477,1385,15,30,31,2920,0
1537443446123,56,Del_MainPage,200,OK,DeleteContact 2-14,text,true,,20364,446,15,30,55,0,1
1537443444747,56,Del_MainPage,200,"Number of samples in transaction : 2, number of failing samples : 0",DeleteContact 2-14,,true,,20364,446,15,30,55,972,1
1537443446124,71,Del_MainPage,200,OK,DeleteContact 2-2,text,true,,20364,446,15,30,70,0,1
1537443444747,71,Del_MainPage,200,"Number of samples in transaction : 2, number of failing samples : 0",DeleteContact 2-2,,true,,20364,446,15,30,70,974,1
1537443446323,57,Add_ContactForm,200,OK,AddContact 1-8,text,true,,3239,474,15,30,57,0,0
1537443444952,57,Add_ContactForm,200,"Number of samples in transaction : 2, number of failing samples : 0",AddContact 1-8,,true,,3239,474,15,30,57,965,0
1537443446324,58,Add_ContactForm,200,OK,AddContact 1-9,text,true,,3239,474,15,30,58,0,0
1537443444956,58,Add_ContactForm,200,"Number of samples in transaction : 2, number of failing samples : 0",AddContact 1-9,,true,,3239,474,15,30,58,962,0
1537443446324,60,Add_ContactForm,200,OK,AddContact 1-7,text,true,,3239,474,15,30,60,0,0
1537443444959,60,Add_ContactForm,200,"Number of samples in transaction : 2, number of failing samples : 0",AddContact 1-7,,true,,3239,474,15,30,60,959,0
1537443446370,18,Del_Contact,200,OK,DeleteContact 2-8,text,true,,2489,510,15,30,18,0,0
1537443443052,18,Del_Contact,200,"Number of samples in transaction : 2, number of failing samples : 0",DeleteContact 2-8,,true,,2489,510,15,30,18,2912,0
1537443446862,51,Del_Contact,200,OK,DeleteContact 2-11,text,true,,2484,510,15,30,51,0,3
1537443443536,51,Del_Contact,200,"Number of samples in transaction : 2, number of failing samples : 0",DeleteContact 2-11,,true,,2484,510,15,30,51,2920,3
1537443446863,53,Del_Contact,200,OK,DeleteContact 2-9,text,true,,2484,510,15,30,53,0,3
1537443443533,53,Del_Contact,200,"Number of samples in transaction : 2, number of failing samples : 0",DeleteContact 2-9,,true,,2484,510,15,30,53,2925,3
1537443446863,55,Del_Contact,200,OK,DeleteContact 2-10,text,true,,2484,510,15,30,55,0,2
1537443443530,55,Del_Contact,200,"Number of samples in transaction : 2, number of failing samples : 0",DeleteContact 2-10,,true,,2484,510,15,30,55,2927,2
1537443446985,25,Del_Contact,200,OK,DeleteContact 2-12,text,true,,2484,510,15,30,25,0,1
1537443443666,25,Del_Contact,200,"Number of samples in transaction : 2, number of failing samples : 0",DeleteContact 2-12,,true,,2484,510,15,30,25,2913,1
1537443447740,90,Del_MainPage,200,OK,DeleteContact 2-1,text,true,,19657,446,15,30,90,0,0
1537443446754,90,Del_MainPage,200,"Number of samples in transaction : 2, number of failing samples : 0",DeleteContact 2-1,,true,,19657,446,15,30,90,989,0
1537443447741,95,Del_MainPage,200,OK,DeleteContact 2-4,text,true,,19657,446,15,30,95,0,0
1537443446755,95,Del_MainPage,200,"Number of samples in transaction : 2, number of failing samples : 0",DeleteContact 2-4,,true,,19657,446,15,30,95,989,0
1537443447741,101,Del_MainPage,200,OK,DeleteContact 2-15,text,true,,19657,446,15,30,101,0,1
1537443446755,101,Del_MainPage,200,"Number of samples in transaction : 2, number of failing samples : 0",DeleteContact 2-15,,true,,19657,446,15,30,101,989,1
1537443447779,81,Del_MainPage,200,OK,DeleteContact 2-3,text,true,,19657,446,15,30,80,0,0
1537443446770,81,Del_MainPage,200,"Number of samples in transaction : 2, number of failing samples : 0",DeleteContact 2-3,,true,,19657,446,15,30,80,1012,0
1537443448478,42,Del_Contact,200,OK,DeleteContact 2-13,text,true,,2484,510,15,30,42,0,1
1537443445567,42,Del_Contact,200,"Number of samples in transaction : 2, number of failing samples : 0",DeleteContact 2-13,,true,,2484,510,15,30,42,2911,1
1537443448496,28,Add_ContactAction,200,OK,AddContact 1-6,text,true,,2477,1403,15,30,28,0,1
1537443445582,28,Add_ContactAction,200,"Number of samples in transaction : 2, number of failing samples : 0",AddContact 1-6,,true,,2477,1403,15,30,28,2914,1
1537443448570,54,Add_MainPage,200,OK,AddContact 1-10,text,true,,19681,446,15,30,54,0,1
1537443447585,54,Add_MainPage,200,"Number of samples in transaction : 2, number of failing samples : 0",AddContact 1-10,,true,,19681,446,15,30,54,985,1
1537443448571,57,Add_MainPage,200,OK,AddContact 1-11,text,true,,19681,446,15,30,56,0,0
1537443447585,57,Add_MainPage,200,"Number of samples in transaction : 2, number of failing samples : 0",AddContact 1-11,,true,,19681,446,15,30,56,986,0
1537443449109,35,Del_ContactFrom,200,OK,DeleteContact 2-14,text,true,,3354,481,15,30,35,0,0
1537443446181,35,Del_ContactFrom,200,"Number of samples in transaction : 2, number of failing samples : 0",DeleteContact 2-14,,true,,3354,481,15,30,35,2928,0
1537443449127,19,Del_ContactFrom,200,OK,DeleteContact 2-2,text,true,,3369,481,15,30,19,0,0
1537443446198,19,Del_ContactFrom,200,"Number of samples in transaction : 2, number of failing samples : 0",DeleteContact 2-2,,true,,3369,481,15,30,19,2929,0
1537443449309,69,Add_ContactAction,200,OK,AddContact 1-7,text,true,,2477,1157,15,30,69,0,1
1537443446384,69,Add_ContactAction,200,"Number of samples in transaction : 2, number of failing samples : 0",AddContact 1-7,,true,,2477,1157,15,30,69,2925,1
1537443449311,70,Add_ContactAction,200,OK,AddContact 1-8,text,true,,2477,1211,15,30,70,0,0
1537443446380,70,Add_ContactAction,200,"Number of samples in transaction : 2, number of failing samples : 0",AddContact 1-8,,true,,2477,1211,15,30,70,2931,0
1537443449310,74,Add_ContactAction,200,OK,AddContact 1-9,text,true,,2477,1175,15,30,74,0,0
1537443446382,74,Add_ContactAction,200,"Number of samples in transaction : 2, number of failing samples : 0",AddContact 1-9,,true,,2477,1175,15,30,74,2928,0
1537443449606,58,Add_ContactForm,200,OK,AddContact 1-10,text,true,,3239,474,15,30,58,0,0
1537443448624,58,Add_ContactForm,200,"Number of samples in transaction : 2, number of failing samples : 0",AddContact 1-10,,true,,3239,474,15,30,58,982,0
1537443449606,60,Add_ContactForm,200,OK,AddContact 1-11,text,true,,3239,474,15,30,60,0,0
1537443448628,60,Add_ContactForm,200,"Number of samples in transaction : 2, number of failing samples : 0",AddContact 1-11,,true,,3239,474,15,30,60,978,0
1537443449586,107,Del_MainPage,200,OK,DeleteContact 2-7,text,true,,20023,446,15,30,106,0,0
1537443448602,107,Del_MainPage,200,"Number of samples in transaction : 2, number of failing samples : 0",DeleteContact 2-7,,true,,20023,446,15,30,106,986,0
1537443449604,95,Del_MainPage,200,OK,DeleteContact 2-6,text,true,,20023,446,15,30,95,0,1
1537443448621,95,Del_MainPage,200,"Number of samples in transaction : 2, number of failing samples : 0",DeleteContact 2-6,,true,,20023,446,15,30,95,986,1
1537443449605,101,Del_MainPage,200,OK,DeleteContact 2-5,text,true,,20023,446,15,30,99,0,0
1537443448621,101,Del_MainPage,200,"Number of samples in transaction : 2, number of failing samples : 0",DeleteContact 2-5,,true,,20023,446,15,30,99,986,0
1537443450216,39,Add_MainPage,200,OK,AddContact 1-14,text,true,,20023,446,15,30,38,0,1
1537443449232,39,Add_MainPage,200,"Number of samples in transaction : 2, number of failing samples : 0",AddContact 1-14,,true,,20023,446,15,30,38,984,1
1537443450614,43,Add_MainPage,200,OK,AddContact 1-12,text,true,,20023,446,15,30,41,0,1
1537443449719,43,Add_MainPage,200,"Number of samples in transaction : 2, number of failing samples : 0",AddContact 1-12,,true,,20023,446,15,30,41,990,1
1537443450676,98,Del_ContactFrom,200,OK,DeleteContact 2-1,text,true,,3237,481,15,30,97,0,0
1537443447833,98,Del_ContactFrom,200,"Number of samples in transaction : 2, number of failing samples : 0",DeleteContact 2-1,,true,,3237,481,15,30,97,2938,0
1537443450676,100,Del_ContactFrom,200,OK,DeleteContact 2-4,text,true,,3314,481,15,30,100,0,1
1537443447839,100,Del_ContactFrom,200,"Number of samples in transaction : 2, number of failing samples : 0",DeleteContact 2-4,,true,,3314,481,15,30,100,2932,1
1537443450677,101,Del_ContactFrom,200,OK,DeleteContact 2-15,text,true,,3387,481,15,30,101,0,1
1537443447845,101,Del_ContactFrom,200,"Number of samples in transaction : 2, number of failing samples : 0",DeleteContact 2-15,,true,,3387,481,15,30,101,2927,1
1537443450731,49,Del_ContactFrom,200,OK,DeleteContact 2-3,text,true,,3403,481,15,30,49,0,1
1537443447863,49,Del_ContactFrom,200,"Number of samples in transaction : 2, number of failing samples : 0",DeleteContact 2-3,,true,,3403,481,15,30,49,2963,1
1537443450750,42,Add_MainPage,200,OK,AddContact 1-13,text,true,,20023,446,15,30,40,0,1
1537443449847,42,Add_MainPage,200,"Number of samples in transaction : 2, number of failing samples : 0",AddContact 1-13,,true,,20023,446,15,30,40,998,1
1537443451137,25,Add_ContactForm,200,OK,AddContact 1-14,text,true,,3239,474,15,30,24,0,0
1537443450255,25,Add_ContactForm,200,"Number of samples in transaction : 2, number of failing samples : 0",AddContact 1-14,,true,,3239,474,15,30,24,977,0
1537443451630,23,Add_ContactForm,200,OK,AddContact 1-12,text,true,,3239,474,15,30,23,0,0
1537443450657,23,Add_ContactForm,200,"Number of samples in transaction : 2, number of failing samples : 0",AddContact 1-12,,true,,3239,474,15,30,23,973,0
1537443451692,41,Add_MainPage,200,OK,AddContact 1-1,text,true,,20023,446,15,30,39,0,0
1537443450712,41,Add_MainPage,200,"Number of samples in transaction : 2, number of failing samples : 0",AddContact 1-1,,true,,20023,446,15,30,39,980,0
1537443451767,24,Add_ContactForm,200,OK,AddContact 1-13,text,true,,3239,474,15,30,24,0,0
1537443450792,24,Add_ContactForm,200,"Number of samples in transaction : 2, number of failing samples : 0",AddContact 1-13,,true,,3239,474,15,30,24,975,0
1537443451984,28,Del_Contact,200,OK,DeleteContact 2-14,text,true,,2484,510,15,30,27,0,1
1537443449144,28,Del_Contact,200,"Number of samples in transaction : 2, number of failing samples : 0",DeleteContact 2-14,,true,,2484,510,15,30,27,2935,1
1537443451985,30,Del_Contact,200,OK,DeleteContact 2-2,text,true,,2484,510,15,30,30,0,0
1537443449146,30,Del_Contact,200,"Number of samples in transaction : 2, number of failing samples : 0",DeleteContact 2-2,,true,,2484,510,15,30,30,2934,0
1537443452184,43,Del_MainPage,200,OK,DeleteContact 2-8,text,true,,19666,446,15,30,41,0,0
1537443451199,43,Del_MainPage,200,"Number of samples in transaction : 2, number of failing samples : 0",DeleteContact 2-8,,true,,19666,446,15,30,41,990,0
1537443452507,81,Add_ContactAction,200,OK,AddContact 1-10,text,true,,2477,1313,15,30,80,0,1
1537443449664,81,Add_ContactAction,200,"Number of samples in transaction : 2, number of failing samples : 0",AddContact 1-10,,true,,2477,1313,15,30,80,2938,1
1537443452508,83,Add_ContactAction,200,OK,AddContact 1-11,text,true,,2477,1638,15,30,83,0,1
1537443449666,83,Add_ContactAction,200,"Number of samples in transaction : 2, number of failing samples : 0",AddContact 1-11,,true,,2477,1638,15,30,83,2937,1
1537443452543,53,Del_ContactFrom,200,OK,DeleteContact 2-7,text,true,,3301,481,15,30,53,0,1
1537443449695,53,Del_ContactFrom,200,"Number of samples in transaction : 2, number of failing samples : 0",DeleteContact 2-7,,true,,3301,481,15,30,53,2943,1
1537443452544,55,Del_ContactFrom,200,OK,DeleteContact 2-6,text,true,,3296,481,15,30,55,0,1
1537443449702,55,Del_ContactFrom,200,"Number of samples in transaction : 2, number of failing samples : 0",DeleteContact 2-6,,true,,3296,481,15,30,55,2937,1
1537443452545,56,Del_ContactFrom,200,OK,DeleteContact 2-5,text,true,,3374,481,15,30,56,0,0
1537443449708,56,Del_ContactFrom,200,"Number of samples in transaction : 2, number of failing samples : 0",DeleteContact 2-5,,true,,3374,481,15,30,56,2932,0
1537443452708,54,Add_ContactForm,200,OK,AddContact 1-1,text,true,,3239,474,15,30,54,0,0
1537443451733,54,Add_ContactForm,200,"Number of samples in transaction : 2, number of failing samples : 0",AddContact 1-1,,true,,3239,474,15,30,54,975,0
1537443452707,82,Del_MainPage,200,OK,DeleteContact 2-9,text,true,,20024,446,15,30,81,0,0
1537443451726,82,Del_MainPage,200,"Number of samples in transaction : 2, number of failing samples : 0",DeleteContact 2-9,,true,,20024,446,15,30,81,983,0
1537443452708,87,Del_MainPage,200,OK,DeleteContact 2-11,text,true,,20024,446,15,30,87,0,0
1537443451726,87,Del_MainPage,200,"Number of samples in transaction : 2, number of failing samples : 0",DeleteContact 2-11,,true,,20024,446,15,30,87,985,0
1537443452736,68,Del_MainPage,200,OK,DeleteContact 2-10,text,true,,20024,446,15,30,67,0,1
1537443451738,68,Del_MainPage,200,"Number of samples in transaction : 2, number of failing samples : 0",DeleteContact 2-10,,true,,20024,446,15,30,67,1002,1
1537443452800,31,Del_MainPage,200,OK,DeleteContact 2-12,text,true,,20024,446,15,30,29,0,1
1537443451815,31,Del_MainPage,200,"Number of samples in transaction : 2, number of failing samples : 0",DeleteContact 2-12,,true,,20024,446,15,30,29,987,1
1537443453261,26,Add_MainPage,200,OK,AddContact 1-3,text,true,,20024,446,15,30,25,0,1
1537443452276,26,Add_MainPage,200,"Number of samples in transaction : 2, number of failing samples : 0",AddContact 1-3,,true,,20024,446,15,30,25,985,1
1537443453415,37,Add_MainPage,200,OK,AddContact 1-4,text,true,,20024,446,15,30,32,0,0
1537443452430,37,Add_MainPage,200,"Number of samples in transaction : 2, number of failing samples : 0",AddContact 1-4,,true,,20024,446,15,30,32,985,0
1537443453507,39,Add_MainPage,200,OK,AddContact 1-15,text,true,,20024,446,15,30,38,0,1
1537443452522,39,Add_MainPage,200,"Number of samples in transaction : 2, number of failing samples : 0",AddContact 1-15,,true,,20024,446,15,30,38,985,1
1537443453569,36,Add_MainPage,200,OK,AddContact 1-2,text,true,,20024,446,15,30,35,0,0
1537443452584,36,Add_MainPage,200,"Number of samples in transaction : 2, number of failing samples : 0",AddContact 1-2,,true,,20024,446,15,30,35,985,0
1537443453591,29,Add_MainPage,200,OK,AddContact 1-5,text,true,,20024,446,15,30,27,0,0
1537443452599,29,Add_MainPage,200,"Number of samples in transaction : 2, number of failing samples : 0",AddContact 1-5,,true,,20024,446,15,30,27,992,0
1537443453708,71,Del_Contact,200,OK,DeleteContact 2-1,text,true,,2484,510,15,30,71,0,1
1537443450774,71,Del_Contact,200,"Number of samples in transaction : 2, number of failing samples : 0",DeleteContact 2-1,,true,,2484,510,15,30,71,2934,1
1537443453710,72,Del_Contact,200,OK,DeleteContact 2-3,text,true,,2484,510,15,30,72,0,1
1537443450780,72,Del_Contact,200,"Number of samples in transaction : 2, number of failing samples : 0",DeleteContact 2-3,,true,,2484,510,15,30,72,2930,1
1537443453710,74,Del_Contact,200,OK,DeleteContact 2-15,text,true,,2484,510,15,30,74,0,0
1537443450778,74,Del_Contact,200,"Number of samples in transaction : 2, number of failing samples : 0",DeleteContact 2-15,,true,,2484,510,15,30,74,2932,0
1537443453709,78,Del_Contact,200,OK,DeleteContact 2-4,text,true,,2484,510,15,30,78,0,0
1537443450776,78,Del_Contact,200,"Number of samples in transaction : 2, number of failing samples : 0",DeleteContact 2-4,,true,,2484,510,15,30,78,2934,0
1537443454092,37,Add_ContactAction,200,OK,AddContact 1-14,text,true,,2477,1475,15,30,37,0,1
1537443451162,37,Add_ContactAction,200,"Number of samples in transaction : 2, number of failing samples : 0",AddContact 1-14,,true,,2477,1475,15,30,37,2930,1
1537443454261,26,Add_ContactForm,200,OK,AddContact 1-3,text,true,,3239,474,15,30,25,0,0
1537443453287,26,Add_ContactForm,200,"Number of samples in transaction : 2, number of failing samples : 0",AddContact 1-3,,true,,3239,474,15,30,25,974,0
1537443454307,25,Del_MainPage,200,OK,DeleteContact 2-13,text,true,,19617,446,15,30,24,0,1
1537443453323,25,Del_MainPage,200,"Number of samples in transaction : 2, number of failing samples : 0",DeleteContact 2-13,,true,,19617,446,15,30,24,987,1
1537443454430,22,Add_ContactForm,200,OK,AddContact 1-4,text,true,,3239,474,15,30,22,0,0
1537443453452,22,Add_ContactForm,200,"Number of samples in transaction : 2, number of failing samples : 0",AddContact 1-4,,true,,3239,474,15,30,22,979,0
1537443454523,22,Add_ContactForm,200,OK,AddContact 1-15,text,true,,3239,474,15,30,22,0,0
1537443453546,22,Add_ContactForm,200,"Number of samples in transaction : 2, number of failing samples : 0",AddContact 1-15,,true,,3239,474,15,30,22,978,0
1537443454585,48,Add_ContactForm,200,OK,AddContact 1-2,text,true,,3239,474,15,30,48,0,0
1537443453605,48,Add_ContactForm,200,"Number of samples in transaction : 2, number of failing samples : 0",AddContact 1-2,,true,,3239,474,15,30,48,981,0
1537443454616,20,Add_ContactForm,200,OK,AddContact 1-5,text,true,,3239,474,15,30,20,0,0
1537443453620,20,Add_ContactForm,200,"Number of samples in transaction : 2, number of failing samples : 0",AddContact 1-5,,true,,3239,474,15,30,20,996,0
1537443454585,56,Add_ContactAction,200,OK,AddContact 1-12,text,true,,2477,1331,15,30,56,0,1
1537443451653,56,Add_ContactAction,200,"Number of samples in transaction : 2, number of failing samples : 0",AddContact 1-12,,true,,2477,1331,15,30,56,2932,1
1537443454722,26,Add_ContactAction,200,OK,AddContact 1-13,text,true,,2477,1614,15,30,26,0,1
1537443451791,26,Add_ContactAction,200,"Number of samples in transaction : 2, number of failing samples : 0",AddContact 1-13,,true,,2477,1614,15,30,26,2931,1
1537443455169,25,Del_ContactFrom,200,OK,DeleteContact 2-8,text,true,,3253,481,15,30,25,0,1
1537443452232,25,Del_ContactFrom,200,"Number of samples in transaction : 2, number of failing samples : 0",DeleteContact 2-8,,true,,3253,481,15,30,25,2938,1
1537443455389,62,Del_Contact,200,OK,DeleteContact 2-7,text,true,,2484,510,15,30,62,0,0
1537443452596,62,Del_Contact,200,"Number of samples in transaction : 2, number of failing samples : 0",DeleteContact 2-7,,true,,2484,510,15,30,62,2928,0
1537443455406,48,Del_Contact,200,OK,DeleteContact 2-5,text,true,,2484,510,15,30,48,0,1
1537443452601,48,Del_Contact,200,"Number of samples in transaction : 2, number of failing samples : 0",DeleteContact 2-5,,true,,2484,510,15,30,48,2940,1
1537443455407,50,Del_Contact,200,OK,DeleteContact 2-6,text,true,,2484,510,15,30,50,0,1
1537443452599,50,Del_Contact,200,"Number of samples in transaction : 2, number of failing samples : 0",DeleteContact 2-6,,true,,2484,510,15,30,50,2943,1
1537443455558,25,Add_ContactAction,200,OK,AddContact 1-1,text,true,,2477,1692,15,30,25,0,0
1537443452762,25,Add_ContactAction,200,"Number of samples in transaction : 2, number of failing samples : 0",AddContact 1-1,,true,,2477,1692,15,30,25,2932,0
1537443455589,36,Del_ContactFrom,200,OK,DeleteContact 2-9,text,true,,3175,481,15,30,36,0,0
1537443452791,36,Del_ContactFrom,200,"Number of samples in transaction : 2, number of failing samples : 0",DeleteContact 2-9,,true,,3175,481,15,30,36,2934,0
1537443455589,38,Del_ContactFrom,200,OK,DeleteContact 2-11,text,true,,3368,481,15,30,38,0,1
1537443452798,38,Del_ContactFrom,200,"Number of samples in transaction : 2, number of failing samples : 0",DeleteContact 2-11,,true,,3368,481,15,30,38,2927,1
1537443455608,22,Del_ContactFrom,200,OK,DeleteContact 2-10,text,true,,3360,481,15,30,22,0,1
1537443452808,22,Del_ContactFrom,200,"Number of samples in transaction : 2, number of failing samples : 0",DeleteContact 2-10,,true,,3360,481,15,30,22,2935,1
1537443455631,13,Del_ContactFrom,200,OK,DeleteContact 2-12,text,true,,3367,481,15,30,13,0,0
1537443452833,13,Del_ContactFrom,200,"Number of samples in transaction : 2, number of failing samples : 0",DeleteContact 2-12,,true,,3367,481,15,30,13,2934,0
1537443456126,27,Add_MainPage,200,OK,AddContact 1-6,text,true,,19708,446,15,30,26,0,1
1537443455142,27,Add_MainPage,200,"Number of samples in transaction : 2, number of failing samples : 0",AddContact 1-6,,true,,19708,446,15,30,26,984,1
1537443456973,72,Add_MainPage,200,OK,AddContact 1-9,text,true,,19708,446,15,30,72,0,1
1537443455988,72,Add_MainPage,200,"Number of samples in transaction : 2, number of failing samples : 0",AddContact 1-9,,true,,19708,446,15,30,72,985,1
1537443456974,75,Add_MainPage,200,OK,AddContact 1-8,text,true,,19708,446,15,30,74,0,1
1537443455988,75,Add_MainPage,200,"Number of samples in transaction : 2, number of failing samples : 0",AddContact 1-8,,true,,19708,446,15,30,74,986,1
1537443456975,78,Add_MainPage,200,OK,AddContact 1-7,text,true,,19708,446,15,30,77,0,0
1537443455988,78,Add_MainPage,200,"Number of samples in transaction : 2, number of failing samples : 0",AddContact 1-7,,true,,19708,446,15,30,77,987,0
1537443457081,25,Add_ContactAction,200,OK,AddContact 1-3,text,true,,2477,1421,15,30,25,0,0
1537443454287,25,Add_ContactAction,200,"Number of samples in transaction : 2, number of failing samples : 0",AddContact 1-3,,true,,2477,1421,15,30,25,2929,0
1537443457128,24,Add_ContactForm,200,OK,AddContact 1-6,text,true,,3239,474,15,30,24,0,0
1537443456153,24,Add_ContactForm,200,"Number of samples in transaction : 2, number of failing samples : 0",AddContact 1-6,,true,,3239,474,15,30,24,975,0
1537443457128,27,Del_ContactFrom,200,OK,DeleteContact 2-13,text,true,,3175,481,15,30,27,0,0
1537443454335,27,Del_ContactFrom,200,"Number of samples in transaction : 2, number of failing samples : 0",DeleteContact 2-13,,true,,3175,481,15,30,27,2928,0
1537443457250,29,Add_ContactAction,200,OK,AddContact 1-4,text,true,,2477,1577,15,30,29,0,1
1537443454453,29,Add_ContactAction,200,"Number of samples in transaction : 2, number of failing samples : 0",AddContact 1-4,,true,,2477,1577,15,30,29,2932,1
1537443457343,37,Add_ContactAction,200,OK,AddContact 1-15,text,true,,2477,1608,15,30,37,0,1
1537443454546,37,Add_ContactAction,200,"Number of samples in transaction : 2, number of failing samples : 0",AddContact 1-15,,true,,2477,1608,15,30,37,2932,1
1537443457435,43,Add_ContactAction,200,OK,AddContact 1-2,text,true,,2477,1638,15,30,43,0,1
1537443454634,43,Add_ContactAction,200,"Number of samples in transaction : 2, number of failing samples : 0",AddContact 1-2,,true,,2477,1638,15,30,43,2936,1
1537443457436,45,Add_ContactAction,200,OK,AddContact 1-5,text,true,,2477,1565,15,30,45,0,1
1537443454636,45,Add_ContactAction,200,"Number of samples in transaction : 2, number of failing samples : 0",AddContact 1-5,,true,,2477,1565,15,30,45,2935,1
1537443457748,49,Del_MainPage,200,OK,DeleteContact 2-14,text,true,,20763,446,15,30,49,0,0
1537443456757,49,Del_MainPage,200,"Number of samples in transaction : 2, number of failing samples : 0",DeleteContact 2-14,,true,,20763,446,15,30,49,994,0
1537443457758,46,Del_MainPage,200,OK,DeleteContact 2-2,text,true,,20763,446,15,30,45,0,1
1537443456773,46,Del_MainPage,200,"Number of samples in transaction : 2, number of failing samples : 0",DeleteContact 2-2,,true,,20763,446,15,30,45,988,1
1537443457989,30,Del_Contact,200,OK,DeleteContact 2-8,text,true,,2484,510,15,30,30,0,1
1537443455195,30,Del_Contact,200,"Number of samples in transaction : 2, number of failing samples : 0",DeleteContact 2-8,,true,,2484,510,15,30,30,2929,1
1537443458020,47,Add_ContactForm,200,OK,AddContact 1-9,text,true,,3239,474,15,30,47,0,0
1537443457045,47,Add_ContactForm,200,"Number of samples in transaction : 2, number of failing samples : 0",AddContact 1-9,,true,,3239,474,15,30,47,975,0
1537443458020,51,Add_ContactForm,200,OK,AddContact 1-8,text,true,,3239,474,15,30,51,0,0
1537443457049,51,Add_ContactForm,200,"Number of samples in transaction : 2, number of failing samples : 0",AddContact 1-8,,true,,3239,474,15,30,51,971,0
1537443458050,25,Add_ContactForm,200,OK,AddContact 1-7,text,true,,3239,474,15,30,25,0,0
1537443457053,25,Add_ContactForm,200,"Number of samples in transaction : 2, number of failing samples : 0",AddContact 1-7,,true,,3239,474,15,30,25,997,0
1537443458560,57,Del_Contact,200,OK,DeleteContact 2-9,text,true,,2490,510,15,30,57,0,0
1537443455626,57,Del_Contact,200,"Number of samples in transaction : 2, number of failing samples : 0",DeleteContact 2-9,,true,,2490,510,15,30,57,2935,0
1537443458558,64,Del_Contact,200,OK,DeleteContact 2-10,text,true,,2484,510,15,30,64,0,1
1537443455630,64,Del_Contact,200,"Number of samples in transaction : 2, number of failing samples : 0",DeleteContact 2-10,,true,,2484,510,15,30,64,2928,1
1537443458593,33,Del_Contact,200,OK,DeleteContact 2-12,text,true,,2484,510,15,30,32,0,0
1537443455645,33,Del_Contact,200,"Number of samples in transaction : 2, number of failing samples : 0",DeleteContact 2-12,,true,,2484,510,15,30,32,2948,0
1537443458559,69,Del_Contact,200,OK,DeleteContact 2-11,text,true,,2484,510,15,30,69,0,0
1537443455628,69,Del_Contact,200,"Number of samples in transaction : 2, number of failing samples : 0",DeleteContact 2-11,,true,,2484,510,15,30,69,2932,0
1537443459512,95,Del_MainPage,200,OK,DeleteContact 2-3,text,true,,20152,446,15,30,94,0,1
1537443458527,95,Del_MainPage,200,"Number of samples in transaction : 2, number of failing samples : 0",DeleteContact 2-3,,true,,20152,446,15,30,94,987,1
1537443459513,100,Del_MainPage,200,OK,DeleteContact 2-1,text,true,,20152,446,15,30,99,0,1
1537443458527,100,Del_MainPage,200,"Number of samples in transaction : 2, number of failing samples : 0",DeleteContact 2-1,,true,,20152,446,15,30,99,988,1
1537443459544,75,Del_MainPage,200,OK,DeleteContact 2-15,text,true,,20152,446,15,30,75,0,0
1537443458543,75,Del_MainPage,200,"Number of samples in transaction : 2, number of failing samples : 0",DeleteContact 2-15,,true,,20152,446,15,30,75,1004,0
1537443459544,82,Del_MainPage,200,OK,DeleteContact 2-4,text,true,,20152,446,15,30,81,0,1
1537443458543,82,Del_MainPage,200,"Number of samples in transaction : 2, number of failing samples : 0",DeleteContact 2-4,,true,,20152,446,15,30,81,1003,1
1537443459502,33,Del_Contact,200,OK,DeleteContact 2-13,text,true,,2490,510,15,30,33,0,0
1537443457155,33,Del_Contact,200,"Number of samples in transaction : 2, number of failing samples : 0",DeleteContact 2-13,,true,,2490,510,15,30,33,2928,0
1537443459500,41,Add_ContactAction,200,OK,AddContact 1-6,text,true,,2477,1139,15,30,41,0,1
1537443457152,41,Add_ContactAction,200,"Number of samples in transaction : 2, number of failing samples : 0",AddContact 1-6,,true,,2477,1139,15,30,41,2929,1
1537443459739,48,Add_MainPage,200,OK,AddContact 1-10,text,true,,20255,446,15,30,48,0,0
1537443459298,48,Add_MainPage,200,"Number of samples in transaction : 2, number of failing samples : 0",AddContact 1-10,,true,,20255,446,15,30,48,1023,0
1537443459740,52,Add_MainPage,200,OK,AddContact 1-11,text,true,,20255,446,15,30,50,0,0
1537443459298,52,Add_MainPage,200,"Number of samples in transaction : 2, number of failing samples : 0",AddContact 1-11,,true,,20255,446,15,30,50,1023,0
1537443460147,48,Del_ContactFrom,200,OK,DeleteContact 2-14,text,true,,3399,481,15,30,48,0,1
1537443457800,48,Del_ContactFrom,200,"Number of samples in transaction : 2, number of failing samples : 0",DeleteContact 2-14,,true,,3399,481,15,30,48,2928,1
1537443460166,32,Del_ContactFrom,200,OK,DeleteContact 2-2,text,true,,3288,481,15,30,32,0,0
1537443457807,32,Del_ContactFrom,200,"Number of samples in transaction : 2, number of failing samples : 0",DeleteContact 2-2,,true,,3288,481,15,30,32,2940,0
1537443460424,57,Add_ContactAction,200,OK,AddContact 1-9,text,true,,2477,1499,15,30,57,0,1
1537443458067,57,Add_ContactAction,200,"Number of samples in transaction : 2, number of failing samples : 0",AddContact 1-9,,true,,2477,1499,15,30,57,2939,1
1537443460426,59,Add_ContactAction,200,OK,AddContact 1-8,text,true,,2477,1199,15,30,59,0,0
1537443458071,59,Add_ContactAction,200,"Number of samples in transaction : 2, number of failing samples : 0",AddContact 1-8,,true,,2477,1199,15,30,59,2936,0
1537443460426,63,Add_ContactAction,200,OK,AddContact 1-7,text,true,,2477,1307,15,30,63,0,1
1537443458075,63,Add_ContactAction,200,"Number of samples in transaction : 2, number of failing samples : 0",AddContact 1-7,,true,,2477,1307,15,30,63,2932,1
1537443460763,82,Add_ContactForm,200,OK,AddContact 1-10,text,true,,3239,474,15,30,82,0,0
1537443459788,82,Add_ContactForm,200,"Number of samples in transaction : 2, number of failing samples : 0",AddContact 1-10,,true,,3239,474,15,30,82,976,0
1537443460763,84,Add_ContactForm,200,OK,AddContact 1-11,text,true,,3239,474,15,30,84,0,0
1537443459792,84,Add_ContactForm,200,"Number of samples in transaction : 2, number of failing samples : 0",AddContact 1-11,,true,,3239,474,15,30,84,971,0
1537443460748,125,Del_MainPage,200,OK,DeleteContact 2-7,text,true,,20691,446,15,30,125,0,1
1537443459762,125,Del_MainPage,200,"Number of samples in transaction : 2, number of failing samples : 0",DeleteContact 2-7,,true,,20691,446,15,30,125,989,1
1537443460749,131,Del_MainPage,200,OK,DeleteContact 2-5,text,true,,20691,446,15,30,130,0,0
1537443459762,131,Del_MainPage,200,"Number of samples in transaction : 2, number of failing samples : 0",DeleteContact 2-5,,true,,20691,446,15,30,130,989,0
1537443460750,136,Del_MainPage,200,OK,DeleteContact 2-6,text,true,,20691,446,15,30,135,0,0
1537443459762,136,Del_MainPage,200,"Number of samples in transaction : 2, number of failing samples : 0",DeleteContact 2-6,,true,,20691,446,15,30,135,991,0
1537443461240,52,Add_MainPage,200,OK,AddContact 1-14,text,true,,20691,446,15,30,50,0,1
1537443460255,52,Add_MainPage,200,"Number of samples in transaction : 2, number of failing samples : 0",AddContact 1-14,,true,,20691,446,15,30,50,985,1
1537443461748,33,Add_MainPage,200,OK,AddContact 1-12,text,true,,20691,446,15,30,30,0,0
1537443460763,33,Add_MainPage,200,"Number of samples in transaction : 2, number of failing samples : 0",AddContact 1-12,,true,,20691,446,15,30,30,985,0
1537443461855,35,Add_MainPage,200,OK,AddContact 1-13,text,true,,20691,446,15,30,34,0,1
1537443460873,35,Add_MainPage,200,"Number of samples in transaction : 2, number of failing samples : 0",AddContact 1-13,,true,,20691,446,15,30,34,983,1
1537443461963,66,Del_ContactFrom,200,OK,DeleteContact 2-3,text,true,,3373,481,15,30,66,0,1
1537443459609,66,Del_ContactFrom,200,"Number of samples in transaction : 2, number of failing samples : 0",DeleteContact 2-3,,true,,3373,481,15,30,66,2936,1
1537443461964,68,Del_ContactFrom,200,OK,DeleteContact 2-1,text,true,,3287,481,15,30,68,0,1
1537443459615,68,Del_ContactFrom,200,"Number of samples in transaction : 2, number of failing samples : 0",DeleteContact 2-1,,true,,3287,481,15,30,68,2930,1
1537443462001,33,Del_ContactFrom,200,OK,DeleteContact 2-15,text,true,,3334,481,15,30,33,0,0
1537443459622,33,Del_ContactFrom,200,"Number of samples in transaction : 2, number of failing samples : 0",DeleteContact 2-15,,true,,3334,481,15,30,33,2960,0
1537443462001,35,Del_ContactFrom,200,OK,DeleteContact 2-4,text,true,,3298,481,15,30,35,0,1
1537443459628,35,Del_ContactFrom,200,"Number of samples in transaction : 2, number of failing samples : 0",DeleteContact 2-4,,true,,3298,481,15,30,35,2954,1
1537443462271,27,Add_ContactForm,200,OK,AddContact 1-14,text,true,,3239,474,15,30,27,0,0
1537443461292,27,Add_ContactForm,200,"Number of samples in transaction : 2, number of failing samples : 0",AddContact 1-14,,true,,3239,474,15,30,27,979,0
1537443462763,24,Add_ContactForm,200,OK,AddContact 1-12,text,true,,3239,474,15,30,24,0,0
1537443461781,24,Add_ContactForm,200,"Number of samples in transaction : 2, number of failing samples : 0",AddContact 1-12,,true,,3239,474,15,30,24,983,0
1537443462825,38,Add_MainPage,200,OK,AddContact 1-1,text,true,,20691,446,15,30,37,0,1
1537443461840,38,Add_MainPage,200,"Number of samples in transaction : 2, number of failing samples : 0",AddContact 1-1,,true,,20691,446,15,30,37,985,1
1537443462871,13,Add_ContactForm,200,OK,AddContact 1-13,text,true,,3239,474,15,30,12,0,0
1537443461891,13,Add_ContactForm,200,"Number of samples in transaction : 2, number of failing samples : 0",AddContact 1-13,,true,,3239,474,15,30,12,980,0
1537443463148,42,Del_Contact,200,OK,DeleteContact 2-14,text,true,,2483,510,15,30,42,0,1
1537443460195,42,Del_Contact,200,"Number of samples in transaction : 2, number of failing samples : 0",DeleteContact 2-14,,true,,2483,510,15,30,42,2954,1
1537443463149,45,Del_Contact,200,OK,DeleteContact 2-2,text,true,,2484,510,15,30,45,0,0
1537443460198,45,Del_Contact,200,"Number of samples in transaction : 2, number of failing samples : 0",DeleteContact 2-2,,true,,2484,510,15,30,45,2951,0
1537443463302,38,Del_MainPage,200,OK,DeleteContact 2-8,text,true,,20351,446,15,30,37,0,1
1537443462317,38,Del_MainPage,200,"Number of samples in transaction : 2, number of failing samples : 0",DeleteContact 2-8,,true,,20351,446,15,30,37,988,1
1537443463843,39,Add_ContactForm,200,OK,AddContact 1-1,text,true,,3239,474,15,30,39,0,0
1537443462863,39,Add_ContactForm,200,"Number of samples in transaction : 2, number of failing samples : 0",AddContact 1-1,,true,,3239,474,15,30,39,980,0
1537443463834,52,Del_ContactFrom,200,OK,DeleteContact 2-5,text,true,,3306,481,15,30,52,0,0
1537443460882,52,Del_ContactFrom,200,"Number of samples in transaction : 2, number of failing samples : 0",DeleteContact 2-5,,true,,3306,481,15,30,52,2952,0
1537443463833,55,Del_ContactFrom,200,OK,DeleteContact 2-7,text,true,,3392,481,15,30,55,0,1
1537443460876,55,Del_ContactFrom,200,"Number of samples in transaction : 2, number of failing samples : 0",DeleteContact 2-7,,true,,3392,481,15,30,55,2957,1
1537443463844,47,Del_ContactFrom,200,OK,DeleteContact 2-6,text,true,,3332,481,15,30,47,0,0
1537443460889,47,Del_ContactFrom,200,"Number of samples in transaction : 2, number of failing samples : 0",DeleteContact 2-6,,true,,3332,481,15,30,47,2955,0
1537443463794,100,Add_ContactAction,200,OK,AddContact 1-10,text,true,,2477,1505,15,30,100,0,1
1537443460846,100,Add_ContactAction,200,"Number of samples in transaction : 2, number of failing samples : 0",AddContact 1-10,,true,,2477,1505,15,30,100,2948,1
1537443463796,100,Add_ContactAction,200,OK,AddContact 1-11,text,true,,2477,1427,15,30,99,0,0
1537443460847,100,Add_ContactAction,200,"Number of samples in transaction : 2, number of failing samples : 0",AddContact 1-11,,true,,2477,1427,15,30,99,2949,0
1537443463902,50,Del_MainPage,200,OK,DeleteContact 2-9,text,true,,20738,446,15,30,49,0,1
1537443462917,50,Del_MainPage,200,"Number of samples in transaction : 2, number of failing samples : 0",DeleteContact 2-9,,true,,20738,446,15,30,49,987,1
1537443463921,66,Del_MainPage,200,OK,DeleteContact 2-10,text,true,,20738,446,15,30,66,0,1
1537443462933,66,Del_MainPage,200,"Number of samples in transaction : 2, number of failing samples : 0",DeleteContact 2-10,,true,,20738,446,15,30,66,995,1
1537443463922,76,Del_MainPage,200,OK,DeleteContact 2-12,text,true,,20738,446,15,30,76,0,0
1537443462933,76,Del_MainPage,200,"Number of samples in transaction : 2, number of failing samples : 0",DeleteContact 2-12,,true,,20738,446,15,30,76,992,0
1537443463922,83,Del_MainPage,200,OK,DeleteContact 2-11,text,true,,20738,446,15,30,82,0,0
1537443462933,83,Del_MainPage,200,"Number of samples in transaction : 2, number of failing samples : 0",DeleteContact 2-11,,true,,20738,446,15,30,82,991,0
1537443463746,26,Add_MainPage,200,OK,AddContact 1-3,text,true,,20738,446,15,30,25,0,1
1537443463379,26,Add_MainPage,200,"Number of samples in transaction : 2, number of failing samples : 0",AddContact 1-3,,true,,20738,446,15,30,25,985,1
1537443463915,41,Add_MainPage,200,OK,AddContact 1-4,text,true,,20738,446,15,30,40,0,0
1537443463548,41,Add_MainPage,200,"Number of samples in transaction : 2, number of failing samples : 0",AddContact 1-4,,true,,20738,446,15,30,40,985,0
1537443464023,34,Add_MainPage,200,OK,AddContact 1-15,text,true,,20738,446,15,30,32,0,0
1537443463656,34,Add_MainPage,200,"Number of samples in transaction : 2, number of failing samples : 0",AddContact 1-15,,true,,20738,446,15,30,32,985,0
1537443464115,33,Add_MainPage,200,OK,AddContact 1-2,text,true,,20738,446,15,30,32,0,1
1537443463748,33,Add_MainPage,200,"Number of samples in transaction : 2, number of failing samples : 0",AddContact 1-2,,true,,20738,446,15,30,32,985,1
1537443464135,27,Add_MainPage,200,OK,AddContact 1-5,text,true,,20738,446,15,30,26,0,0
1537443463764,27,Add_MainPage,200,"Number of samples in transaction : 2, number of failing samples : 0",AddContact 1-5,,true,,20738,446,15,30,26,989,0
1537443464346,78,Del_Contact,200,OK,DeleteContact 2-3,text,true,,2484,510,15,30,78,0,0
1537443462030,78,Del_Contact,200,"Number of samples in transaction : 2, number of failing samples : 0",DeleteContact 2-3,,true,,2484,510,15,30,78,2934,0
1537443464351,76,Del_Contact,200,OK,DeleteContact 2-4,text,true,,2484,510,15,30,76,0,1
1537443462036,76,Del_Contact,200,"Number of samples in transaction : 2, number of failing samples : 0",DeleteContact 2-4,,true,,2484,510,15,30,76,2933,1
1537443464348,81,Del_Contact,200,OK,DeleteContact 2-15,text,true,,2484,510,15,30,81,0,0
1537443462034,81,Del_Contact,200,"Number of samples in transaction : 2, number of failing samples : 0",DeleteContact 2-15,,true,,2484,510,15,30,81,2932,0
1537443464347,83,Del_Contact,200,OK,DeleteContact 2-1,text,true,,2484,510,15,30,83,0,0
1537443462032,83,Del_Contact,200,"Number of samples in transaction : 2, number of failing samples : 0",DeleteContact 2-1,,true,,2484,510,15,30,83,2934,0
1537443464607,27,Add_ContactAction,200,OK,AddContact 1-14,text,true,,2477,1367,15,30,27,0,1
1537443462298,27,Add_ContactAction,200,"Number of samples in transaction : 2, number of failing samples : 0",AddContact 1-14,,true,,2477,1367,15,30,27,2927,1
1537443464746,27,Add_ContactForm,200,OK,AddContact 1-3,text,true,,3239,474,15,30,27,0,0
1537443463772,27,Add_ContactForm,200,"Number of samples in transaction : 2, number of failing samples : 0",AddContact 1-3,,true,,3239,474,15,30,27,975,0
1537443464808,36,Del_MainPage,200,OK,DeleteContact 2-13,text,true,,20343,446,15,30,35,0,0
1537443463823,36,Del_MainPage,200,"Number of samples in transaction : 2, number of failing samples : 0",DeleteContact 2-13,,true,,20343,446,15,30,35,988,0
1537443464930,24,Add_ContactForm,200,OK,AddContact 1-4,text,true,,3239,474,15,30,24,0,0
1537443463956,24,Add_ContactForm,200,"Number of samples in transaction : 2, number of failing samples : 0",AddContact 1-4,,true,,3239,474,15,30,24,975,0
1537443465038,24,Add_ContactForm,200,OK,AddContact 1-15,text,true,,3239,474,15,30,24,0,0
1537443464057,24,Add_ContactForm,200,"Number of samples in transaction : 2, number of failing samples : 0",AddContact 1-15,,true,,3239,474,15,30,24,981,0
1537443465100,16,Add_ContactAction,200,OK,AddContact 1-12,text,true,,2477,1638,15,30,16,0,0
1537443462788,16,Add_ContactAction,200,"Number of samples in transaction : 2, number of failing samples : 0",AddContact 1-12,,true,,2477,1638,15,30,16,2931,0
1537443465131,13,Add_ContactForm,200,OK,AddContact 1-2,text,true,,3239,474,15,30,13,0,0
1537443464148,13,Add_ContactForm,200,"Number of samples in transaction : 2, number of failing samples : 0",AddContact 1-2,,true,,3239,474,15,30,13,983,0
1537443465146,13,Add_ContactForm,200,OK,AddContact 1-5,text,true,,3239,474,15,30,13,0,0
1537443464162,13,Add_ContactForm,200,"Number of samples in transaction : 2, number of failing samples : 0",AddContact 1-5,,true,,3239,474,15,30,13,984,0
1537443465192,27,Add_ContactAction,200,OK,AddContact 1-13,text,true,,2477,1253,15,30,27,0,0
1537443462884,27,Add_ContactAction,200,"Number of samples in transaction : 2, number of failing samples : 0",AddContact 1-13,,true,,2477,1253,15,30,27,2926,0
1537443465654,25,Del_ContactFrom,200,OK,DeleteContact 2-8,text,true,,3429,481,15,30,25,0,0
1537443463343,25,Del_ContactFrom,200,"Number of samples in transaction : 2, number of failing samples : 0",DeleteContact 2-8,,true,,3429,481,15,30,25,2929,0
1537443466192,67,Add_ContactAction,200,OK,AddContact 1-1,text,true,,2477,1481,15,30,67,0,1
1537443463882,67,Add_ContactAction,200,"Number of samples in transaction : 2, number of failing samples : 0",AddContact 1-1,,true,,2477,1481,15,30,67,2928,1
1537443466193,68,Del_Contact,200,OK,DeleteContact 2-5,text,true,,2482,510,15,30,68,0,1
1537443463886,68,Del_Contact,200,"Number of samples in transaction : 2, number of failing samples : 0",DeleteContact 2-5,,true,,2482,510,15,30,68,2925,1
1537443466228,36,Del_Contact,200,OK,DeleteContact 2-6,text,true,,2483,510,15,30,36,0,1
1537443463891,36,Del_Contact,200,"Number of samples in transaction : 2, number of failing samples : 0",DeleteContact 2-6,,true,,2483,510,15,30,36,2955,1
1537443466228,37,Del_Contact,200,OK,DeleteContact 2-7,text,true,,2484,510,15,30,37,0,0
1537443463888,37,Del_Contact,200,"Number of samples in transaction : 2, number of failing samples : 0",DeleteContact 2-7,,true,,2484,510,15,30,37,2959,0
1537443466269,15,Del_ContactFrom,200,OK,DeleteContact 2-9,text,true,,3307,481,15,30,15,0,1
1537443463954,15,Del_ContactFrom,200,"Number of samples in transaction : 2, number of failing samples : 0",DeleteContact 2-9,,true,,3307,481,15,30,15,2934,1
1537443466316,49,Del_ContactFrom,200,OK,DeleteContact 2-10,text,true,,3300,481,15,30,49,0,0
1537443463994,49,Del_ContactFrom,200,"Number of samples in transaction : 2, number of failing samples : 0",DeleteContact 2-10,,true,,3300,481,15,30,49,2940,0
1537443466316,51,Del_ContactFrom,200,OK,DeleteContact 2-12,text,true,,3410,481,15,30,51,0,1
1537443464001,51,Del_ContactFrom,200,"Number of samples in transaction : 2, number of failing samples : 0",DeleteContact 2-12,,true,,3410,481,15,30,51,2933,1
1537443466317,52,Del_ContactFrom,200,OK,DeleteContact 2-11,text,true,,3409,481,15,30,52,0,0
1537443464007,52,Del_ContactFrom,200,"Number of samples in transaction : 2, number of failing samples : 0",DeleteContact 2-11,,true,,3409,481,15,30,52,2928,0
1537443466762,37,Add_MainPage,200,OK,AddContact 1-6,text,true,,20393,446,15,30,36,0,1
1537443465777,37,Add_MainPage,200,"Number of samples in transaction : 2, number of failing samples : 0",AddContact 1-6,,true,,20393,446,15,30,36,985,1
1537443467701,124,Add_ContactAction,200,OK,AddContact 1-3,text,true,,2477,1517,15,30,124,0,1
1537443464774,124,Add_ContactAction,200,"Number of samples in transaction : 2, number of failing samples : 0",AddContact 1-3,,true,,2477,1517,15,30,124,2927,1
1537443467702,126,Add_MainPage,200,OK,AddContact 1-9,text,true,,20393,446,15,30,126,0,1
1537443466716,126,Add_MainPage,200,"Number of samples in transaction : 2, number of failing samples : 0",AddContact 1-9,,true,,20393,446,15,30,126,987,1
1537443467737,96,Add_MainPage,200,OK,AddContact 1-7,text,true,,20393,446,15,30,95,0,1
1537443466731,96,Add_MainPage,200,"Number of samples in transaction : 2, number of failing samples : 0",AddContact 1-7,,true,,20393,446,15,30,95,1006,1
1537443467738,98,Add_MainPage,200,OK,AddContact 1-8,text,true,,20393,446,15,30,98,0,0
1537443466731,98,Add_MainPage,200,"Number of samples in transaction : 2, number of failing samples : 0",AddContact 1-8,,true,,20393,446,15,30,98,1008,0
1537443467779,62,Add_ContactForm,200,OK,AddContact 1-6,text,true,,3239,474,15,30,62,0,0
1537443466799,62,Add_ContactForm,200,"Number of samples in transaction : 2, number of failing samples : 0",AddContact 1-6,,true,,3239,474,15,30,62,980,0
1537443467778,66,Del_ContactFrom,200,OK,DeleteContact 2-13,text,true,,3270,481,15,30,66,0,0
1537443464847,66,Del_ContactFrom,200,"Number of samples in transaction : 2, number of failing samples : 0",DeleteContact 2-13,,true,,3270,481,15,30,66,2931,0
1537443467885,27,Add_ContactAction,200,OK,AddContact 1-4,text,true,,2477,1511,15,30,27,0,1
1537443464955,28,Add_ContactAction,200,"Number of samples in transaction : 2, number of failing samples : 0",AddContact 1-4,,true,,2477,1511,15,30,27,2930,1
1537443467993,27,Add_ContactAction,200,OK,AddContact 1-15,text,true,,2477,1559,15,30,27,0,1
1537443465062,27,Add_ContactAction,200,"Number of samples in transaction : 2, number of failing samples : 0",AddContact 1-15,,true,,2477,1559,15,30,27,2931,1
1537443468070,50,Add_ContactAction,200,OK,AddContact 1-2,text,true,,2477,1638,15,30,50,0,1
1537443465144,50,Add_ContactAction,200,"Number of samples in transaction : 2, number of failing samples : 0",AddContact 1-2,,true,,2477,1638,15,30,50,2926,1
1537443468088,35,Add_ContactAction,200,OK,AddContact 1-5,text,true,,2477,1199,15,30,35,0,1
1537443465159,35,Add_ContactAction,200,"Number of samples in transaction : 2, number of failing samples : 0",AddContact 1-5,,true,,2477,1199,15,30,35,2929,1
1537443468438,65,Del_MainPage,200,OK,DeleteContact 2-14,text,true,,21314,446,15,30,65,0,0
1537443467454,65,Del_MainPage,200,"Number of samples in transaction : 2, number of failing samples : 0",DeleteContact 2-14,,true,,21314,446,15,30,65,987,0
1537443468456,54,Del_MainPage,200,OK,DeleteContact 2-2,text,true,,21314,446,15,30,53,0,1
1537443467470,54,Del_MainPage,200,"Number of samples in transaction : 2, number of failing samples : 0",DeleteContact 2-2,,true,,21314,446,15,30,53,989,1
1537443467594,51,Del_Contact,200,OK,DeleteContact 2-8,text,true,,2484,510,15,30,51,0,0
1537443465679,51,Del_Contact,200,"Number of samples in transaction : 2, number of failing samples : 0",DeleteContact 2-8,,true,,2484,510,15,30,51,2930,0
1537443467811,55,Add_ContactForm,200,OK,AddContact 1-9,text,true,,3239,474,15,30,55,0,0
1537443467829,55,Add_ContactForm,200,"Number of samples in transaction : 2, number of failing samples : 0",AddContact 1-9,,true,,3239,474,15,30,55,998,0
1537443467812,56,Add_ContactForm,200,OK,AddContact 1-7,text,true,,3239,474,15,30,56,0,0
1537443467833,56,Add_ContactForm,200,"Number of samples in transaction : 2, number of failing samples : 0",AddContact 1-7,,true,,3239,474,15,30,56,995,0
1537443467812,59,Add_ContactForm,200,OK,AddContact 1-8,text,true,,3239,474,15,30,59,0,0
1537443467837,59,Add_ContactForm,200,"Number of samples in transaction : 2, number of failing samples : 0",AddContact 1-8,,true,,3239,474,15,30,59,990,0
1537443468209,24,Del_Contact,200,OK,DeleteContact 2-9,text,true,,2484,510,15,30,24,0,1
1537443466285,24,Del_Contact,200,"Number of samples in transaction : 2, number of failing samples : 0",DeleteContact 2-9,,true,,2484,510,15,30,24,2939,1
1537443468287,54,Del_Contact,200,OK,DeleteContact 2-10,text,true,,2483,510,15,30,54,0,0
1537443466365,54,Del_Contact,200,"Number of samples in transaction : 2, number of failing samples : 0",DeleteContact 2-10,,true,,2483,510,15,30,54,2937,0
1537443468288,64,Del_Contact,200,OK,DeleteContact 2-12,text,true,,2484,510,15,30,64,0,0
1537443466367,64,Del_Contact,200,"Number of samples in transaction : 2, number of failing samples : 0",DeleteContact 2-12,,true,,2484,510,15,30,64,2937,0
1537443468288,78,Del_Contact,200,OK,DeleteContact 2-11,text,true,,2484,510,15,30,77,0,1
1537443466369,78,Del_Contact,200,"Number of samples in transaction : 2, number of failing samples : 0",DeleteContact 2-11,,true,,2484,510,15,30,77,2934,1
1537443469303,104,Del_MainPage,200,OK,DeleteContact 2-4,text,true,,20393,446,15,30,104,0,1
1537443468319,104,Del_MainPage,200,"Number of samples in transaction : 2, number of failing samples : 0",DeleteContact 2-4,,true,,20393,446,15,30,104,987,1
1537443469304,110,Del_MainPage,200,OK,DeleteContact 2-3,text,true,,20393,446,15,30,109,0,0
1537443468319,110,Del_MainPage,200,"Number of samples in transaction : 2, number of failing samples : 0",DeleteContact 2-3,,true,,20393,446,15,30,109,987,0
1537443469302,118,Del_MainPage,200,OK,DeleteContact 2-15,text,true,,20393,446,15,30,118,0,1
1537443468319,118,Del_MainPage,200,"Number of samples in transaction : 2, number of failing samples : 0",DeleteContact 2-15,,true,,20393,446,15,30,118,986,1
1537443469302,125,Del_MainPage,200,OK,DeleteContact 2-1,text,true,,20393,446,15,30,124,0,3
1537443468319,125,Del_MainPage,200,"Number of samples in transaction : 2, number of failing samples : 0",DeleteContact 2-1,,true,,20393,446,15,30,124,986,3
1537443469748,47,Add_ContactAction,200,OK,AddContact 1-6,text,true,,2477,1265,15,30,47,0,1
1537443467841,47,Add_ContactAction,200,"Number of samples in transaction : 2, number of failing samples : 0",AddContact 1-6,,true,,2477,1265,15,30,47,2922,1
1537443469749,50,Del_Contact,200,OK,DeleteContact 2-13,text,true,,2484,510,15,30,50,0,1
1537443467844,50,Del_Contact,200,"Number of samples in transaction : 2, number of failing samples : 0",DeleteContact 2-13,,true,,2484,510,15,30,50,2920,1
1537443470086,56,Add_MainPage,200,OK,AddContact 1-11,text,true,,20422,446,15,30,56,0,1
1537443469101,56,Add_MainPage,200,"Number of samples in transaction : 2, number of failing samples : 0",AddContact 1-11,,true,,20422,446,15,30,56,986,1
1537443470087,59,Add_MainPage,200,OK,AddContact 1-10,text,true,,20422,446,15,30,58,0,1
1537443469101,59,Add_MainPage,200,"Number of samples in transaction : 2, number of failing samples : 0",AddContact 1-10,,true,,20422,446,15,30,58,986,1
1537443470409,41,Del_ContactFrom,200,OK,DeleteContact 2-14,text,true,,3298,481,15,30,41,0,0
1537443468506,41,Del_ContactFrom,200,"Number of samples in transaction : 2, number of failing samples : 0",DeleteContact 2-14,,true,,3298,481,15,30,41,2918,0
1537443470427,25,Del_ContactFrom,200,OK,DeleteContact 2-2,text,true,,3312,481,15,30,25,0,1
1537443468513,25,Del_ContactFrom,200,"Number of samples in transaction : 2, number of failing samples : 0",DeleteContact 2-2,,true,,3312,481,15,30,25,2929,1
1537443470779,58,Add_ContactAction,200,OK,AddContact 1-9,text,true,,2477,1325,15,30,58,0,1
1537443467867,58,Add_ContactAction,200,"Number of samples in transaction : 2, number of failing samples : 0",AddContact 1-9,,true,,2477,1325,15,30,58,2912,1
1537443470809,33,Add_ContactAction,200,OK,AddContact 1-8,text,true,,2477,1301,15,30,33,0,0
1537443467871,33,Add_ContactAction,200,"Number of samples in transaction : 2, number of failing samples : 0",AddContact 1-8,,true,,2477,1301,15,30,33,2938,0
1537443470780,64,Add_ContactAction,200,OK,AddContact 1-7,text,true,,2477,1265,15,30,64,0,1
1537443467869,64,Add_ContactAction,200,"Number of samples in transaction : 2, number of failing samples : 0",AddContact 1-7,,true,,2477,1265,15,30,64,2911,1
1537443471132,40,Add_ContactForm,200,OK,AddContact 1-11,text,true,,3239,474,15,30,40,0,0
1537443470143,40,Add_ContactForm,200,"Number of samples in transaction : 2, number of failing samples : 0",AddContact 1-11,,true,,3239,474,15,30,40,990,0
1537443471132,42,Add_ContactForm,200,OK,AddContact 1-10,text,true,,3239,474,15,30,42,0,0
1537443470146,42,Add_ContactForm,200,"Number of samples in transaction : 2, number of failing samples : 0",AddContact 1-10,,true,,3239,474,15,30,42,987,0
1537443471101,98,Del_MainPage,200,OK,DeleteContact 2-5,text,true,,20817,446,15,30,98,0,1
1537443470120,98,Del_MainPage,200,"Number of samples in transaction : 2, number of failing samples : 0",DeleteContact 2-5,,true,,20817,446,15,30,98,984,1
1537443471102,104,Del_MainPage,200,OK,DeleteContact 2-6,text,true,,20817,446,15,30,103,0,1
1537443470120,104,Del_MainPage,200,"Number of samples in transaction : 2, number of failing samples : 0",DeleteContact 2-6,,true,,20817,446,15,30,103,984,1
1537443471103,109,Del_MainPage,200,OK,DeleteContact 2-7,text,true,,20817,446,15,30,108,0,0
1537443470120,109,Del_MainPage,200,"Number of samples in transaction : 2, number of failing samples : 0",DeleteContact 2-7,,true,,20817,446,15,30,108,986,0
1537443471416,39,Add_MainPage,200,OK,AddContact 1-14,text,true,,20817,446,15,30,37,0,0
1537443470446,39,Add_MainPage,200,"Number of samples in transaction : 2, number of failing samples : 0",AddContact 1-14,,true,,20817,446,15,30,37,970,0
1537443471918,52,Add_MainPage,200,OK,AddContact 1-12,text,true,,20817,446,15,30,50,0,1
1537443470933,52,Add_MainPage,200,"Number of samples in transaction : 2, number of failing samples : 0",AddContact 1-12,,true,,20817,446,15,30,50,986,1
1537443472010,36,Add_MainPage,200,OK,AddContact 1-13,text,true,,20817,446,15,30,35,0,0
1537443471026,36,Add_MainPage,200,"Number of samples in transaction : 2, number of failing samples : 0",AddContact 1-13,,true,,20817,446,15,30,35,984,0
1537443472334,59,Del_ContactFrom,200,OK,DeleteContact 2-4,text,true,,3371,481,15,30,59,0,0
1537443469410,59,Del_ContactFrom,200,"Number of samples in transaction : 2, number of failing samples : 0",DeleteContact 2-4,,true,,3371,481,15,30,59,2924,0
1537443472355,42,Del_ContactFrom,200,OK,DeleteContact 2-15,text,true,,3404,481,15,30,42,0,0
1537443469423,42,Del_ContactFrom,200,"Number of samples in transaction : 2, number of failing samples : 0",DeleteContact 2-15,,true,,3404,481,15,30,42,2932,0
1537443472356,47,Del_ContactFrom,200,OK,DeleteContact 2-3,text,true,,3411,481,15,30,47,0,0
1537443469416,47,Del_ContactFrom,200,"Number of samples in transaction : 2, number of failing samples : 0",DeleteContact 2-3,,true,,3411,481,15,30,47,2941,0
1537443472369,37,Del_ContactFrom,200,OK,DeleteContact 2-1,text,true,,3343,481,15,30,37,0,0
1537443469430,37,Del_ContactFrom,200,"Number of samples in transaction : 2, number of failing samples : 0",DeleteContact 2-1,,true,,3343,481,15,30,37,2939,0
1537443472441,12,Add_ContactForm,200,OK,AddContact 1-14,text,true,,3239,474,15,30,12,0,0
1537443471455,12,Add_ContactForm,200,"Number of samples in transaction : 2, number of failing samples : 0",AddContact 1-14,,true,,3239,474,15,30,12,987,0
1537443471922,24,Add_ContactForm,200,OK,AddContact 1-12,text,true,,3239,474,15,30,23,0,0
1537443471971,24,Add_ContactForm,200,"Number of samples in transaction : 2, number of failing samples : 0",AddContact 1-12,,true,,3239,474,15,30,23,978,0
1537443471999,23,Add_ContactForm,200,OK,AddContact 1-13,text,true,,3239,474,15,30,23,0,0
1537443472046,23,Add_ContactForm,200,"Number of samples in transaction : 2, number of failing samples : 0",AddContact 1-13,,true,,3239,474,15,30,23,981,0
1537443472030,30,Add_MainPage,200,OK,AddContact 1-1,text,true,,20817,446,15,30,29,0,1
1537443472072,30,Add_MainPage,200,"Number of samples in transaction : 2, number of failing samples : 0",AddContact 1-1,,true,,20817,446,15,30,29,985,1
1537443472353,65,Del_Contact,200,OK,DeleteContact 2-14,text,true,,2484,510,15,30,65,0,0
1537443470450,65,Del_Contact,200,"Number of samples in transaction : 2, number of failing samples : 0",DeleteContact 2-14,,true,,2484,510,15,30,65,2930,0
1537443472355,67,Del_Contact,200,OK,DeleteContact 2-2,text,true,,2484,510,15,30,67,0,1
1537443470452,67,Del_Contact,200,"Number of samples in transaction : 2, number of failing samples : 0",DeleteContact 2-2,,true,,2484,510,15,30,67,2930,1
1537443472476,43,Del_MainPage,200,OK,DeleteContact 2-8,text,true,,20606,446,15,30,42,0,1
1537443471491,43,Del_MainPage,200,"Number of samples in transaction : 2, number of failing samples : 0",DeleteContact 2-8,,true,,20606,446,15,30,42,993,1
1537443473045,40,Add_ContactForm,200,OK,AddContact 1-1,text,true,,3239,474,15,30,40,0,0
1537443472060,40,Add_ContactForm,200,"Number of samples in transaction : 2, number of failing samples : 0",AddContact 1-1,,true,,3239,474,15,30,40,985,0
1537443473063,53,Del_MainPage,200,OK,DeleteContact 2-9,text,true,,20606,446,15,30,52,0,0
1537443472075,53,Del_MainPage,200,"Number of samples in transaction : 2, number of failing samples : 0",DeleteContact 2-9,,true,,20606,446,15,30,52,991,0
1537443473093,65,Add_ContactAction,200,OK,AddContact 1-11,text,true,,2477,1505,15,30,65,0,1
1537443471173,65,Add_ContactAction,200,"Number of samples in transaction : 2, number of failing samples : 0",AddContact 1-11,,true,,2477,1505,15,30,65,2947,1
1537443473094,68,Add_ContactAction,200,OK,AddContact 1-10,text,true,,2477,1247,15,30,68,0,1
1537443471175,68,Add_ContactAction,200,"Number of samples in transaction : 2, number of failing samples : 0",AddContact 1-10,,true,,2477,1247,15,30,68,2946,1
1537443473122,42,Del_ContactFrom,200,OK,DeleteContact 2-5,text,true,,3418,481,15,30,42,0,0
1537443471202,42,Del_ContactFrom,200,"Number of samples in transaction : 2, number of failing samples : 0",DeleteContact 2-5,,true,,3418,481,15,30,42,2947,0
1537443473123,44,Del_ContactFrom,200,OK,DeleteContact 2-6,text,true,,3287,481,15,30,44,0,0
1537443471208,44,Del_ContactFrom,200,"Number of samples in transaction : 2, number of failing samples : 0",DeleteContact 2-6,,true,,3287,481,15,30,44,2942,0
1537443473140,39,Del_ContactFrom,200,OK,DeleteContact 2-7,text,true,,3373,481,15,30,39,0,1
1537443471215,39,Del_ContactFrom,200,"Number of samples in transaction : 2, number of failing samples : 0",DeleteContact 2-7,,true,,3373,481,15,30,39,2952,1
1537443473168,25,Del_MainPage,200,OK,DeleteContact 2-10,text,true,,20943,446,15,30,24,0,0
1537443472183,25,Del_MainPage,200,"Number of samples in transaction : 2, number of failing samples : 0",DeleteContact 2-10,,true,,20943,446,15,30,24,987,0
1537443473199,32,Del_MainPage,200,OK,DeleteContact 2-12,text,true,,20943,446,15,30,32,0,1
1537443472214,32,Del_MainPage,200,"Number of samples in transaction : 2, number of failing samples : 0",DeleteContact 2-12,,true,,20943,446,15,30,32,988,1
1537443473218,30,Del_MainPage,200,OK,DeleteContact 2-11,text,true,,20943,446,15,30,29,0,1
1537443472229,30,Del_MainPage,200,"Number of samples in transaction : 2, number of failing samples : 0",DeleteContact 2-11,,true,,20943,446,15,30,29,1094,1
1537443473595,34,Add_MainPage,200,OK,AddContact 1-3,text,true,,20943,446,15,30,32,0,2
1537443472614,34,Add_MainPage,200,"Number of samples in transaction : 2, number of failing samples : 0",AddContact 1-3,,true,,20943,446,15,30,32,981,2
1537443473661,23,Add_MainPage,200,OK,AddContact 1-4,text,true,,20943,446,15,30,22,0,0
1537443472691,23,Add_MainPage,200,"Number of samples in transaction : 2, number of failing samples : 0",AddContact 1-4,,true,,20943,446,15,30,22,970,0
1537443473768,34,Add_MainPage,200,OK,AddContact 1-15,text,true,,20943,446,15,30,33,0,0
1537443472799,34,Add_MainPage,200,"Number of samples in transaction : 2, number of failing samples : 0",AddContact 1-15,,true,,20943,446,15,30,33,969,0
1537443473877,57,Add_MainPage,200,OK,AddContact 1-2,text,true,,20943,446,15,30,56,0,0
1537443472907,57,Add_MainPage,200,"Number of samples in transaction : 2, number of failing samples : 0",AddContact 1-2,,true,,20943,446,15,30,56,970,0
1537443473878,60,Add_MainPage,200,OK,AddContact 1-5,text,true,,20943,446,15,30,59,0,0
1537443472907,60,Add_MainPage,200,"Number of samples in transaction : 2, number of failing samples : 0",AddContact 1-5,,true,,20943,446,15,30,59,971,0
1537443474292,106,Del_Contact,200,OK,DeleteContact 2-4,text,true,,2483,510,15,30,106,0,1
1537443472393,106,Del_Contact,200,"Number of samples in transaction : 2, number of failing samples : 0",DeleteContact 2-4,,true,,2483,510,15,30,106,2926,1
1537443474313,88,Del_Contact,200,OK,DeleteContact 2-1,text,true,,2484,510,15,30,88,0,1
1537443472406,88,Del_Contact,200,"Number of samples in transaction : 2, number of failing samples : 0",DeleteContact 2-1,,true,,2484,510,15,30,88,2934,1
1537443474312,93,Del_Contact,200,OK,DeleteContact 2-15,text,true,,2484,510,15,30,93,0,0
1537443472397,93,Del_Contact,200,"Number of samples in transaction : 2, number of failing samples : 0",DeleteContact 2-15,,true,,2484,510,15,30,93,2942,0
1537443474354,53,Add_ContactAction,200,OK,AddContact 1-14,text,true,,2477,1259,15,30,53,0,0
1537443471427,53,Add_ContactAction,200,"Number of samples in transaction : 2, number of failing samples : 0",AddContact 1-14,,true,,2477,1259,15,30,53,2927,0
1537443474313,97,Del_Contact,200,OK,DeleteContact 2-3,text,true,,2484,510,15,30,97,0,0
1537443472404,97,Del_Contact,200,"Number of samples in transaction : 2, number of failing samples : 0",DeleteContact 2-3,,true,,2484,510,15,30,97,2936,0
1537443474600,25,Add_ContactForm,200,OK,AddContact 1-3,text,true,,3239,474,15,30,25,0,0
1537443473629,25,Add_ContactForm,200,"Number of samples in transaction : 2, number of failing samples : 0",AddContact 1-3,,true,,3239,474,15,30,25,971,0
1537443474664,26,Add_ContactForm,200,OK,AddContact 1-4,text,true,,3239,474,15,30,26,0,0
1537443473684,26,Add_ContactForm,200,"Number of samples in transaction : 2, number of failing samples : 0",AddContact 1-4,,true,,3239,474,15,30,26,980,0
1537443474646,60,Del_MainPage,200,OK,DeleteContact 2-13,text,true,,20274,446,15,30,59,0,0
1537443473661,60,Del_MainPage,200,"Number of samples in transaction : 2, number of failing samples : 0",DeleteContact 2-13,,true,,20274,446,15,30,59,988,0
1537443474784,24,Add_ContactForm,200,OK,AddContact 1-15,text,true,,3239,474,15,30,24,0,0
1537443473802,24,Add_ContactForm,200,"Number of samples in transaction : 2, number of failing samples : 0",AddContact 1-15,,true,,3239,474,15,30,24,982,0
1537443474876,28,Add_ContactAction,200,OK,AddContact 1-12,text,true,,2477,1343,15,30,28,0,1
1537443471946,28,Add_ContactAction,200,"Number of samples in transaction : 2, number of failing samples : 0",AddContact 1-12,,true,,2477,1343,15,30,28,2930,1
1537443474908,14,Add_ContactForm,200,OK,AddContact 1-2,text,true,,3239,474,15,30,14,0,0
1537443473934,14,Add_ContactForm,200,"Number of samples in transaction : 2, number of failing samples : 0",AddContact 1-2,,true,,3239,474,15,30,14,974,0
1537443474922,15,Add_ContactForm,200,OK,AddContact 1-5,text,true,,3239,474,15,30,15,0,0
1537443473938,15,Add_ContactForm,200,"Number of samples in transaction : 2, number of failing samples : 0",AddContact 1-5,,true,,3239,474,15,30,15,984,0
1537443474953,29,Add_ContactAction,200,OK,AddContact 1-13,text,true,,2477,1505,15,30,29,0,1
1537443472023,29,Add_ContactAction,200,"Number of samples in transaction : 2, number of failing samples : 0",AddContact 1-13,,true,,2477,1505,15,30,29,2931,1
1537443475461,26,Del_ContactFrom,200,OK,DeleteContact 2-8,text,true,,3314,481,15,30,26,0,1
1537443472527,26,Del_ContactFrom,200,"Number of samples in transaction : 2, number of failing samples : 0",DeleteContact 2-8,,true,,3314,481,15,30,26,2934,1
1537443476015,26,Add_ContactAction,200,OK,AddContact 1-1,text,true,,2477,1595,15,30,26,0,1
1537443473085,26,Add_ContactAction,200,"Number of samples in transaction : 2, number of failing samples : 0",AddContact 1-1,,true,,2477,1595,15,30,26,2931,1
1537443476046,15,Del_ContactFrom,200,OK,DeleteContact 2-9,text,true,,3327,481,15,30,15,0,0
1537443473119,15,Del_ContactFrom,200,"Number of samples in transaction : 2, number of failing samples : 0",DeleteContact 2-9,,true,,3327,481,15,30,15,2927,0
1537443476125,28,Del_ContactFrom,200,OK,DeleteContact 2-10,text,true,,3386,481,15,30,27,0,1
1537443473195,28,Del_ContactFrom,200,"Number of samples in transaction : 2, number of failing samples : 0",DeleteContact 2-10,,true,,3386,481,15,30,27,2930,1
1537443476092,68,Del_Contact,200,OK,DeleteContact 2-5,text,true,,2484,510,15,30,68,0,1
1537443473164,68,Del_Contact,200,"Number of samples in transaction : 2, number of failing samples : 0",DeleteContact 2-5,,true,,2484,510,15,30,68,2929,1
1537443476093,91,Del_Contact,200,OK,DeleteContact 2-6,text,true,,2484,510,15,30,91,0,0
1537443473167,91,Del_Contact,200,"Number of samples in transaction : 2, number of failing samples : 0",DeleteContact 2-6,,true,,2484,510,15,30,91,2926,0
1537443476169,17,Del_ContactFrom,200,OK,DeleteContact 2-12,text,true,,3387,481,15,30,17,0,0
1537443473234,17,Del_ContactFrom,200,"Number of samples in transaction : 2, number of failing samples : 0",DeleteContact 2-12,,true,,3387,481,15,30,17,2935,0
1537443476125,64,Del_Contact,200,OK,DeleteContact 2-7,text,true,,2484,510,15,30,64,0,0
1537443473179,64,Del_Contact,200,"Number of samples in transaction : 2, number of failing samples : 0",DeleteContact 2-7,,true,,2484,510,15,30,64,2946,0
1537443476293,34,Del_ContactFrom,200,OK,DeleteContact 2-11,text,true,,3175,481,15,30,33,0,0
1537443473353,34,Del_ContactFrom,200,"Number of samples in transaction : 2, number of failing samples : 0",DeleteContact 2-11,,true,,3175,481,15,30,33,2940,0
1537443475916,34,Add_MainPage,200,OK,AddContact 1-6,text,true,,20332,446,15,30,33,0,1
1537443475615,34,Add_MainPage,200,"Number of samples in transaction : 2, number of failing samples : 0",AddContact 1-6,,true,,20332,446,15,30,33,985,1
1537443476870,30,Add_ContactAction,200,OK,AddContact 1-3,text,true,,2477,1511,15,30,30,0,1
1537443474625,30,Add_ContactAction,200,"Number of samples in transaction : 2, number of failing samples : 0",AddContact 1-3,,true,,2477,1511,15,30,30,2929,1
1537443476916,75,Add_ContactForm,200,OK,AddContact 1-6,text,true,,3239,474,15,30,75,0,0
1537443475950,75,Add_ContactForm,200,"Number of samples in transaction : 2, number of failing samples : 0",AddContact 1-6,,true,,3239,474,15,30,75,966,0
1537443476934,71,Add_ContactAction,200,OK,AddContact 1-4,text,true,,2477,1505,15,30,71,0,0
1537443474690,71,Add_ContactAction,200,"Number of samples in transaction : 2, number of failing samples : 0",AddContact 1-4,,true,,2477,1505,15,30,71,2928,0
1537443476949,61,Add_MainPage,200,OK,AddContact 1-9,text,true,,20519,446,15,30,59,0,0
1537443475978,61,Add_MainPage,200,"Number of samples in transaction : 2, number of failing samples : 0",AddContact 1-9,,true,,20519,446,15,30,59,971,0
1537443476964,67,Del_ContactFrom,200,OK,DeleteContact 2-13,text,true,,3360,481,15,30,67,0,0
1537443474709,67,Del_ContactFrom,200,"Number of samples in transaction : 2, number of failing samples : 0",DeleteContact 2-13,,true,,3360,481,15,30,67,2939,0
1537443476963,72,Add_MainPage,200,OK,AddContact 1-8,text,true,,20718,446,15,30,71,0,0
1537443475993,72,Add_MainPage,200,"Number of samples in transaction : 2, number of failing samples : 0",AddContact 1-8,,true,,20718,446,15,30,71,970,0
1537443476963,76,Add_MainPage,200,OK,AddContact 1-7,text,true,,20718,446,15,30,74,0,1
1537443475993,76,Add_MainPage,200,"Number of samples in transaction : 2, number of failing samples : 0",AddContact 1-7,,true,,20718,446,15,30,74,970,1
1537443477055,15,Add_ContactAction,200,OK,AddContact 1-15,text,true,,2477,1451,15,30,14,0,0
1537443474808,15,Add_ContactAction,200,"Number of samples in transaction : 2, number of failing samples : 0",AddContact 1-15,,true,,2477,1451,15,30,14,2931,0
1537443477163,38,Add_ContactAction,200,OK,AddContact 1-2,text,true,,2477,1517,15,30,38,0,0
1537443474922,38,Add_ContactAction,200,"Number of samples in transaction : 2, number of failing samples : 0",AddContact 1-2,,true,,2477,1517,15,30,38,2925,0
1537443477181,24,Add_ContactAction,200,OK,AddContact 1-5,text,true,,2477,1259,15,30,24,0,1
1537443474937,24,Add_ContactAction,200,"Number of samples in transaction : 2, number of failing samples : 0",AddContact 1-5,,true,,2477,1259,15,30,24,2928,1
1537443477594,60,Del_MainPage,200,OK,DeleteContact 2-14,text,true,,21283,446,15,30,60,0,1
1537443476624,60,Del_MainPage,200,"Number of samples in transaction : 2, number of failing samples : 0",DeleteContact 2-14,,true,,21283,446,15,30,60,973,1
1537443477595,66,Del_MainPage,200,OK,DeleteContact 2-2,text,true,,21283,446,15,30,65,0,1
1537443476624,66,Del_MainPage,200,"Number of samples in transaction : 2, number of failing samples : 0",DeleteContact 2-2,,true,,21283,446,15,30,65,974,1
1537443477731,42,Del_Contact,200,OK,DeleteContact 2-8,text,true,,2484,510,15,30,42,0,0
1537443475487,42,Del_Contact,200,"Number of samples in transaction : 2, number of failing samples : 0",DeleteContact 2-8,,true,,2484,510,15,30,42,2928,0
1537443477993,14,Add_ContactForm,200,OK,AddContact 1-9,text,true,,3239,474,15,30,14,0,0
1537443477010,14,Add_ContactForm,200,"Number of samples in transaction : 2, number of failing samples : 0",AddContact 1-9,,true,,3239,474,15,30,14,983,0
1537443478008,16,Add_ContactForm,200,OK,AddContact 1-8,text,true,,3239,474,15,30,16,0,0
1537443477035,16,Add_ContactForm,200,"Number of samples in transaction : 2, number of failing samples : 0",AddContact 1-8,,true,,3239,474,15,30,16,973,0
1537443478024,18,Add_ContactForm,200,OK,AddContact 1-7,text,true,,3239,474,15,30,18,0,0
1537443477039,18,Add_ContactForm,200,"Number of samples in transaction : 2, number of failing samples : 0",AddContact 1-7,,true,,3239,474,15,30,18,985,0
1537443478317,22,Del_Contact,200,OK,DeleteContact 2-9,text,true,,2484,510,15,30,22,0,0
1537443476061,22,Del_Contact,200,"Number of samples in transaction : 2, number of failing samples : 0",DeleteContact 2-9,,true,,2484,510,15,30,22,2940,0
1537443478394,35,Del_Contact,200,OK,DeleteContact 2-10,text,true,,2484,510,15,30,35,0,1
1537443476153,35,Del_Contact,200,"Number of samples in transaction : 2, number of failing samples : 0",DeleteContact 2-10,,true,,2484,510,15,30,35,2925,1
1537443478440,31,Del_Contact,200,OK,DeleteContact 2-12,text,true,,2484,510,15,30,31,0,1
1537443476186,31,Del_Contact,200,"Number of samples in transaction : 2, number of failing samples : 0",DeleteContact 2-12,,true,,2484,510,15,30,31,2938,1
1537443478579,22,Del_Contact,200,OK,DeleteContact 2-11,text,true,,2489,510,15,30,22,0,0
1537443475643,22,Del_Contact,200,"Number of samples in transaction : 2, number of failing samples : 0",DeleteContact 2-11,,true,,2489,510,15,30,22,2937,0
1537443479610,111,Del_MainPage,200,OK,DeleteContact 2-1,text,true,,20555,446,15,30,110,0,0
1537443478624,111,Del_MainPage,200,"Number of samples in transaction : 2, number of failing samples : 0",DeleteContact 2-1,,true,,20555,446,15,30,110,988,0
1537443479611,116,Del_MainPage,200,OK,DeleteContact 2-15,text,true,,20555,446,15,30,116,0,0
1537443478624,116,Del_MainPage,200,"Number of samples in transaction : 2, number of failing samples : 0",DeleteContact 2-15,,true,,20555,446,15,30,116,990,0
1537443479612,122,Del_MainPage,200,OK,DeleteContact 2-4,text,true,,20555,446,15,30,121,0,1
1537443478624,122,Del_MainPage,200,"Number of samples in transaction : 2, number of failing samples : 0",DeleteContact 2-4,,true,,20555,446,15,30,121,990,1
1537443479611,129,Del_MainPage,200,OK,DeleteContact 2-3,text,true,,20555,446,15,30,128,0,1
1537443478624,129,Del_MainPage,200,"Number of samples in transaction : 2, number of failing samples : 0",DeleteContact 2-3,,true,,20555,446,15,30,128,990,1
1537443479933,69,Add_ContactAction,200,OK,AddContact 1-6,text,true,,2477,1337,15,30,69,0,0
1537443476991,69,Add_ContactAction,200,"Number of samples in transaction : 2, number of failing samples : 0",AddContact 1-6,,true,,2477,1337,15,30,69,2942,0
1537443479979,71,Del_Contact,200,OK,DeleteContact 2-13,text,true,,2484,510,15,30,71,0,0
1537443477031,71,Del_Contact,200,"Number of samples in transaction : 2, number of failing samples : 0",DeleteContact 2-13,,true,,2484,510,15,30,71,2948,0
1537443480301,64,Add_MainPage,200,OK,AddContact 1-11,text,true,,20540,446,15,30,64,0,1
1537443479317,64,Add_MainPage,200,"Number of samples in transaction : 2, number of failing samples : 0",AddContact 1-11,,true,,20540,446,15,30,64,985,1
1537443480302,67,Add_MainPage,200,OK,AddContact 1-10,text,true,,20540,446,15,30,66,0,1
1537443479317,67,Add_MainPage,200,"Number of samples in transaction : 2, number of failing samples : 0",AddContact 1-10,,true,,20540,446,15,30,66,986,1
1537443479956,38,Del_ContactFrom,200,OK,DeleteContact 2-14,text,true,,3415,481,15,30,38,0,0
1537443477657,38,Del_ContactFrom,200,"Number of samples in transaction : 2, number of failing samples : 0",DeleteContact 2-14,,true,,3415,481,15,30,38,2954,0
1537443479957,39,Del_ContactFrom,200,OK,DeleteContact 2-2,text,true,,3354,481,15,30,39,0,0
1537443477664,39,Del_ContactFrom,200,"Number of samples in transaction : 2, number of failing samples : 0",DeleteContact 2-2,,true,,3354,481,15,30,39,2948,0
1537443480294,37,Add_ContactAction,200,OK,AddContact 1-9,text,true,,2477,1301,15,30,37,0,1
1537443478008,37,Add_ContactAction,200,"Number of samples in transaction : 2, number of failing samples : 0",AddContact 1-9,,true,,2477,1301,15,30,37,2940,1
1537443480312,23,Add_ContactAction,200,OK,AddContact 1-8,text,true,,2477,1355,15,30,23,0,0
1537443478024,23,Add_ContactAction,200,"Number of samples in transaction : 2, number of failing samples : 0",AddContact 1-8,,true,,2477,1355,15,30,23,2942,0
1537443480340,63,Add_ContactAction,200,OK,AddContact 1-7,text,true,,2477,1145,15,30,63,0,1
1537443478042,63,Add_ContactAction,200,"Number of samples in transaction : 2, number of failing samples : 0",AddContact 1-7,,true,,2477,1145,15,30,63,2952,1
1537443480695,71,Add_ContactForm,200,OK,AddContact 1-11,text,true,,3239,474,15,30,71,0,0
1537443480366,71,Add_ContactForm,200,"Number of samples in transaction : 2, number of failing samples : 0",AddContact 1-11,,true,,3239,474,15,30,71,984,0
1537443480695,73,Add_ContactForm,200,OK,AddContact 1-10,text,true,,3239,474,15,30,73,0,0
1537443480370,73,Add_ContactForm,200,"Number of samples in transaction : 2, number of failing samples : 0",AddContact 1-10,,true,,3239,474,15,30,73,980,0
1537443480694,103,Del_MainPage,200,OK,DeleteContact 2-5,text,true,,20930,446,15,30,102,0,1
1537443480365,103,Del_MainPage,200,"Number of samples in transaction : 2, number of failing samples : 0",DeleteContact 2-5,,true,,20930,446,15,30,102,986,1
1537443480727,76,Del_MainPage,200,OK,DeleteContact 2-6,text,true,,20930,446,15,30,76,0,0
1537443480379,76,Del_MainPage,200,"Number of samples in transaction : 2, number of failing samples : 0",DeleteContact 2-6,,true,,20930,446,15,30,76,1005,0
1537443480738,72,Del_MainPage,200,OK,DeleteContact 2-7,text,true,,20930,446,15,30,71,0,0
1537443480394,72,Del_MainPage,200,"Number of samples in transaction : 2, number of failing samples : 0",DeleteContact 2-7,,true,,20930,446,15,30,71,1006,0
1537443480909,38,Add_MainPage,200,OK,AddContact 1-14,text,true,,20930,446,15,30,37,0,1
1537443479925,38,Add_MainPage,200,"Number of samples in transaction : 2, number of failing samples : 0",AddContact 1-14,,true,,20930,446,15,30,37,984,1
1537443481387,35,Add_MainPage,200,OK,AddContact 1-12,text,true,,20930,446,15,30,33,0,1
1537443480417,35,Add_MainPage,200,"Number of samples in transaction : 2, number of failing samples : 0",AddContact 1-12,,true,,20930,446,15,30,33,970,1
1537443481464,36,Add_MainPage,200,OK,AddContact 1-13,text,true,,20930,446,15,30,35,0,0
1537443480494,36,Add_MainPage,200,"Number of samples in transaction : 2, number of failing samples : 0",AddContact 1-13,,true,,20930,446,15,30,35,971,0
1537443481910,25,Add_ContactForm,200,OK,AddContact 1-14,text,true,,3239,474,15,30,24,0,0
1537443480947,25,Add_ContactForm,200,"Number of samples in transaction : 2, number of failing samples : 0",AddContact 1-14,,true,,3239,474,15,30,24,963,0
1537443482002,85,Del_ContactFrom,200,OK,DeleteContact 2-1,text,true,,3414,481,15,30,85,0,1
1537443479723,85,Del_ContactFrom,200,"Number of samples in transaction : 2, number of failing samples : 0",DeleteContact 2-1,,true,,3414,481,15,30,85,2933,1
1537443482003,86,Del_ContactFrom,200,OK,DeleteContact 2-15,text,true,,3404,481,15,30,86,0,0
1537443479730,86,Del_ContactFrom,200,"Number of samples in transaction : 2, number of failing samples : 0",DeleteContact 2-15,,true,,3404,481,15,30,86,2927,0
1537443482040,51,Del_ContactFrom,200,OK,DeleteContact 2-4,text,true,,3340,481,15,30,51,0,1
1537443479736,51,Del_ContactFrom,200,"Number of samples in transaction : 2, number of failing samples : 0",DeleteContact 2-4,,true,,3340,481,15,30,51,2959,1
1537443482041,52,Del_ContactFrom,200,OK,DeleteContact 2-3,text,true,,3351,481,15,30,52,0,0
1537443479743,52,Del_ContactFrom,200,"Number of samples in transaction : 2, number of failing samples : 0",DeleteContact 2-3,,true,,3351,481,15,30,52,2953,0
1537443482403,24,Add_ContactForm,200,OK,AddContact 1-12,text,true,,3239,474,15,30,24,0,0
1537443481422,24,Add_ContactForm,200,"Number of samples in transaction : 2, number of failing samples : 0",AddContact 1-12,,true,,3239,474,15,30,24,982,0
1537443482479,25,Add_ContactForm,200,OK,AddContact 1-13,text,true,,3239,474,15,30,25,0,0
1537443481501,25,Add_ContactForm,200,"Number of samples in transaction : 2, number of failing samples : 0",AddContact 1-13,,true,,3239,474,15,30,25,978,0
1537443482525,40,Add_MainPage,200,OK,AddContact 1-1,text,true,,20930,446,15,30,38,0,1
1537443481540,40,Add_MainPage,200,"Number of samples in transaction : 2, number of failing samples : 0",AddContact 1-1,,true,,20930,446,15,30,38,985,1
1537443482925,129,Del_Contact,200,OK,DeleteContact 2-14,text,true,,2484,510,15,30,129,0,2
1537443479995,129,Del_Contact,200,"Number of samples in transaction : 2, number of failing samples : 0",DeleteContact 2-14,,true,,2484,510,15,30,129,2930,2
1537443482986,64,Del_MainPage,200,OK,DeleteContact 2-8,text,true,,20699,446,15,30,63,0,1
1537443482002,64,Del_MainPage,200,"Number of samples in transaction : 2, number of failing samples : 0",DeleteContact 2-8,,true,,20699,446,15,30,63,988,1
1537443482927,130,Del_Contact,200,OK,DeleteContact 2-2,text,true,,2484,510,15,30,130,0,1
1537443479997,130,Del_Contact,200,"Number of samples in transaction : 2, number of failing samples : 0",DeleteContact 2-2,,true,,2484,510,15,30,130,2931,1
1537443483526,40,Add_ContactForm,200,OK,AddContact 1-1,text,true,,3239,474,15,30,40,0,0
1537443482565,40,Add_ContactForm,200,"Number of samples in transaction : 2, number of failing samples : 0",AddContact 1-1,,true,,3239,474,15,30,40,961,0
1537443483543,36,Del_MainPage,200,OK,DeleteContact 2-9,text,true,,20523,446,15,30,34,0,1
1537443482572,36,Del_MainPage,200,"Number of samples in transaction : 2, number of failing samples : 0",DeleteContact 2-9,,true,,20523,446,15,30,34,973,1
1537443483634,41,Del_MainPage,200,OK,DeleteContact 2-10,text,true,,20523,446,15,30,39,0,1
1537443482664,41,Del_MainPage,200,"Number of samples in transaction : 2, number of failing samples : 0",DeleteContact 2-10,,true,,20523,446,15,30,39,974,1
1537443483679,83,Del_MainPage,200,OK,DeleteContact 2-12,text,true,,20523,446,15,30,82,0,1
1537443482711,83,Del_MainPage,200,"Number of samples in transaction : 2, number of failing samples : 0",DeleteContact 2-12,,true,,20523,446,15,30,82,970,1
1537443483710,60,Del_ContactFrom,200,OK,DeleteContact 2-5,text,true,,3352,481,15,30,60,0,1
1537443480800,60,Del_ContactFrom,200,"Number of samples in transaction : 2, number of failing samples : 0",DeleteContact 2-5,,true,,3352,481,15,30,60,2911,1
1537443483731,44,Del_ContactFrom,200,OK,DeleteContact 2-6,text,true,,3373,481,15,30,44,0,0
1537443480806,44,Del_ContactFrom,200,"Number of samples in transaction : 2, number of failing samples : 0",DeleteContact 2-6,,true,,3373,481,15,30,44,2925,0
1537443483741,37,Del_ContactFrom,200,OK,DeleteContact 2-7,text,true,,3347,481,15,30,36,0,0
1537443480818,37,Del_ContactFrom,200,"Number of samples in transaction : 2, number of failing samples : 0",DeleteContact 2-7,,true,,3347,481,15,30,36,2923,0
1537443483680,120,Add_ContactAction,200,OK,AddContact 1-11,text,true,,2477,1403,15,30,120,0,0
1537443480767,120,Add_ContactAction,200,"Number of samples in transaction : 2, number of failing samples : 0",AddContact 1-11,,true,,2477,1403,15,30,120,2913,0
1537443483802,24,Del_MainPage,200,OK,DeleteContact 2-11,text,true,,20837,446,15,30,23,0,1
1537443482833,24,Del_MainPage,200,"Number of samples in transaction : 2, number of failing samples : 0",DeleteContact 2-11,,true,,20837,446,15,30,23,972,1
1537443483681,180,Add_ContactAction,200,OK,AddContact 1-10,text,true,,2477,1397,15,30,180,0,0
1537443480769,180,Add_ContactAction,200,"Number of samples in transaction : 2, number of failing samples : 0",AddContact 1-10,,true,,2477,1397,15,30,180,2912,0
1537443484065,38,Add_MainPage,200,OK,AddContact 1-3,text,true,,20837,446,15,30,37,0,0
1537443483079,38,Add_MainPage,200,"Number of samples in transaction : 2, number of failing samples : 0",AddContact 1-3,,true,,20837,446,15,30,37,986,0
1537443484172,45,Add_MainPage,200,OK,AddContact 1-4,text,true,,20837,446,15,30,43,0,1
1537443483187,45,Add_MainPage,200,"Number of samples in transaction : 2, number of failing samples : 0",AddContact 1-4,,true,,20837,446,15,30,43,985,1
1537443484249,23,Add_MainPage,200,OK,AddContact 1-15,text,true,,20837,446,15,30,22,0,1
1537443483264,23,Add_MainPage,200,"Number of samples in transaction : 2, number of failing samples : 0",AddContact 1-15,,true,,20837,446,15,30,22,986,1
1537443484372,67,Add_MainPage,200,OK,AddContact 1-2,text,true,,20837,446,15,30,66,0,1
1537443483387,67,Add_MainPage,200,"Number of samples in transaction : 2, number of failing samples : 0",AddContact 1-2,,true,,20837,446,15,30,66,987,1
1537443484374,73,Add_MainPage,200,OK,AddContact 1-5,text,true,,20837,446,15,30,70,0,0
1537443483387,73,Add_MainPage,200,"Number of samples in transaction : 2, number of failing samples : 0",AddContact 1-5,,true,,20837,446,15,30,70,988,0
1537443484619,29,Add_ContactAction,200,OK,AddContact 1-14,text,true,,2477,1734,15,30,29,0,1
1537443481935,29,Add_ContactAction,200,"Number of samples in transaction : 2, number of failing samples : 0",AddContact 1-14,,true,,2477,1734,15,30,29,2914,1
1537443484773,69,Del_Contact,200,OK,DeleteContact 2-1,text,true,,2484,510,15,30,69,0,4
1537443482087,69,Del_Contact,200,"Number of samples in transaction : 2, number of failing samples : 0",DeleteContact 2-1,,true,,2484,510,15,30,69,2916,4
1537443484778,71,Del_Contact,200,OK,DeleteContact 2-4,text,true,,2484,510,15,30,71,0,1
1537443482092,71,Del_Contact,200,"Number of samples in transaction : 2, number of failing samples : 0",DeleteContact 2-4,,true,,2484,510,15,30,71,2916,1
1537443484779,80,Del_Contact,200,OK,DeleteContact 2-3,text,true,,2484,510,15,30,80,0,0
1537443482094,80,Del_Contact,200,"Number of samples in transaction : 2, number of failing samples : 0",DeleteContact 2-3,,true,,2484,510,15,30,80,2916,0
1537443484777,86,Del_Contact,200,OK,DeleteContact 2-15,text,true,,2484,510,15,30,86,0,1
1537443482089,86,Del_Contact,200,"Number of samples in transaction : 2, number of failing samples : 0",DeleteContact 2-15,,true,,2484,510,15,30,86,2918,1
1537443484850,17,Add_ContactForm,200,OK,AddContact 1-3,text,true,,3239,474,15,30,17,0,0
1537443484103,17,Add_ContactForm,200,"Number of samples in transaction : 2, number of failing samples : 0",AddContact 1-3,,true,,3239,474,15,30,17,977,0
1537443484958,26,Add_ContactForm,200,OK,AddContact 1-4,text,true,,3239,474,15,30,26,0,0
1537443484217,26,Add_ContactForm,200,"Number of samples in transaction : 2, number of failing samples : 0",AddContact 1-4,,true,,3239,474,15,30,26,971,0
1537443485019,36,Add_ContactForm,200,OK,AddContact 1-15,text,true,,3239,474,15,30,36,0,0
1537443484273,36,Add_ContactForm,200,"Number of samples in transaction : 2, number of failing samples : 0",AddContact 1-15,,true,,3239,474,15,30,36,976,0
1537443485019,50,Del_MainPage,200,OK,DeleteContact 2-13,text,true,,20309,446,15,30,49,0,1
1537443484269,50,Del_MainPage,200,"Number of samples in transaction : 2, number of failing samples : 0",DeleteContact 2-13,,true,,20309,446,15,30,49,983,1
1537443485129,20,Add_ContactAction,200,OK,AddContact 1-12,text,true,,2477,1193,15,30,20,0,0
1537443482428,20,Add_ContactAction,200,"Number of samples in transaction : 2, number of failing samples : 0",AddContact 1-12,,true,,2477,1193,15,30,20,2931,0
1537443485188,37,Add_ContactForm,200,OK,AddContact 1-2,text,true,,3239,474,15,30,37,0,0
1537443484441,37,Add_ContactForm,200,"Number of samples in transaction : 2, number of failing samples : 0",AddContact 1-2,,true,,3239,474,15,30,37,978,0
1537443485189,38,Add_ContactForm,200,OK,AddContact 1-5,text,true,,3239,474,15,30,38,0,0
1537443484448,38,Add_ContactForm,200,"Number of samples in transaction : 2, number of failing samples : 0",AddContact 1-5,,true,,3239,474,15,30,38,972,0
1537443485209,24,Add_ContactAction,200,OK,AddContact 1-13,text,true,,2477,1421,15,30,24,0,0
1537443482504,24,Add_ContactAction,200,"Number of samples in transaction : 2, number of failing samples : 0",AddContact 1-13,,true,,2477,1421,15,30,24,2935,0
1537443485758,72,Del_ContactFrom,200,OK,DeleteContact 2-8,text,true,,3376,481,15,30,72,0,1
1537443483054,72,Del_ContactFrom,200,"Number of samples in transaction : 2, number of failing samples : 0",DeleteContact 2-8,,true,,3376,481,15,30,72,2934,1
1537443486301,23,Del_ContactFrom,200,OK,DeleteContact 2-9,text,true,,3426,481,15,30,23,0,1
1537443483581,23,Del_ContactFrom,200,"Number of samples in transaction : 2, number of failing samples : 0",DeleteContact 2-9,,true,,3426,481,15,30,23,2950,1
1537443486282,80,Add_ContactAction,200,OK,AddContact 1-1,text,true,,2477,1517,15,30,80,0,1
1537443483566,80,Add_ContactAction,200,"Number of samples in transaction : 2, number of failing samples : 0",AddContact 1-1,,true,,2477,1517,15,30,80,2946,1
1537443486389,26,Del_ContactFrom,200,OK,DeleteContact 2-10,text,true,,3431,481,15,30,26,0,0
1537443483679,26,Del_ContactFrom,200,"Number of samples in transaction : 2, number of failing samples : 0",DeleteContact 2-10,,true,,3431,481,15,30,26,2941,0
1537443486481,57,Del_ContactFrom,200,OK,DeleteContact 2-12,text,true,,3420,481,15,30,57,0,1
1537443483764,57,Del_ContactFrom,200,"Number of samples in transaction : 2, number of failing samples : 0",DeleteContact 2-12,,true,,3420,481,15,30,57,2947,1
1537443486482,62,Del_Contact,200,OK,DeleteContact 2-5,text,true,,2484,510,15,30,62,0,1
1537443483771,62,Del_Contact,200,"Number of samples in transaction : 2, number of failing samples : 0",DeleteContact 2-5,,true,,2484,510,15,30,62,2941,1
1537443486509,49,Del_Contact,200,OK,DeleteContact 2-7,text,true,,2484,510,15,30,49,0,0
1537443483778,49,Del_Contact,200,"Number of samples in transaction : 2, number of failing samples : 0",DeleteContact 2-7,,true,,2484,510,15,30,49,2961,0
1537443486544,16,Del_ContactFrom,200,OK,DeleteContact 2-11,text,true,,3431,481,15,30,16,0,0
1537443483829,16,Del_ContactFrom,200,"Number of samples in transaction : 2, number of failing samples : 0",DeleteContact 2-11,,true,,3431,481,15,30,16,2945,0
1537443486508,55,Del_Contact,200,OK,DeleteContact 2-6,text,true,,2483,510,15,30,55,0,0
1537443483775,55,Del_Contact,200,"Number of samples in transaction : 2, number of failing samples : 0",DeleteContact 2-6,,true,,2483,510,15,30,55,2964,0
1537443486943,39,Add_MainPage,200,OK,AddContact 1-6,text,true,,20271,446,15,30,37,0,1
1537443485958,39,Add_MainPage,200,"Number of samples in transaction : 2, number of failing samples : 0",AddContact 1-6,,true,,20271,446,15,30,37,985,1
1537443487820,137,Add_ContactAction,200,OK,AddContact 1-3,text,true,,2477,1451,15,30,137,0,1
1537443484867,137,Add_ContactAction,200,"Number of samples in transaction : 2, number of failing samples : 0",AddContact 1-3,,true,,2477,1451,15,30,137,2953,1
1537443487931,74,Add_MainPage,200,OK,AddContact 1-9,text,true,,20485,446,15,30,73,0,0
1537443486944,74,Add_MainPage,200,"Number of samples in transaction : 2, number of failing samples : 0",AddContact 1-9,,true,,20485,446,15,30,73,987,0
1537443487932,94,Add_MainPage,200,OK,AddContact 1-8,text,true,,20485,446,15,30,94,0,0
1537443486944,94,Add_MainPage,200,"Number of samples in transaction : 2, number of failing samples : 0",AddContact 1-8,,true,,20485,446,15,30,94,989,0
1537443487958,73,Add_ContactForm,200,OK,AddContact 1-6,text,true,,3239,474,15,30,73,0,0
1537443486982,73,Add_ContactForm,200,"Number of samples in transaction : 2, number of failing samples : 0",AddContact 1-6,,true,,3239,474,15,30,73,976,0
1537443488005,34,Del_ContactFrom,200,OK,DeleteContact 2-13,text,true,,3400,481,15,30,34,0,0
1537443485072,34,Del_ContactFrom,200,"Number of samples in transaction : 2, number of failing samples : 0",DeleteContact 2-13,,true,,3400,481,15,30,34,2934,0
1537443487912,142,Add_ContactAction,200,OK,AddContact 1-4,text,true,,2477,1205,15,30,142,0,1
1537443484984,142,Add_ContactAction,200,"Number of samples in transaction : 2, number of failing samples : 0",AddContact 1-4,,true,,2477,1205,15,30,142,2928,1
1537443488006,60,Add_MainPage,200,OK,AddContact 1-7,text,true,,20577,446,15,30,60,0,0
1537443487020,60,Add_MainPage,200,"Number of samples in transaction : 2, number of failing samples : 0",AddContact 1-7,,true,,20577,446,15,30,60,986,0
1537443487989,115,Add_ContactAction,200,OK,AddContact 1-15,text,true,,2477,1187,15,30,115,0,0
1537443485055,115,Add_ContactAction,200,"Number of samples in transaction : 2, number of failing samples : 0",AddContact 1-15,,true,,2477,1187,15,30,115,2934,0
1537443488159,83,Add_ContactAction,200,OK,AddContact 1-2,text,true,,2477,1283,15,30,83,0,1
1537443485226,83,Add_ContactAction,200,"Number of samples in transaction : 2, number of failing samples : 0",AddContact 1-2,,true,,2477,1283,15,30,83,2933,1
1537443488160,150,Add_ContactAction,200,OK,AddContact 1-5,text,true,,2477,1415,15,30,149,0,1
1537443485228,150,Add_ContactAction,200,"Number of samples in transaction : 2, number of failing samples : 0",AddContact 1-5,,true,,2477,1415,15,30,149,2932,1
1537443488713,68,Del_MainPage,200,OK,DeleteContact 2-2,text,true,,20998,446,15,30,67,0,1
1537443487727,68,Del_MainPage,200,"Number of samples in transaction : 2, number of failing samples : 0",DeleteContact 2-2,,true,,20998,446,15,30,67,988,1
1537443488714,73,Del_MainPage,200,OK,DeleteContact 2-14,text,true,,20998,446,15,30,73,0,0
1537443487727,73,Del_MainPage,200,"Number of samples in transaction : 2, number of failing samples : 0",DeleteContact 2-14,,true,,20998,446,15,30,73,990,0
1537443488759,37,Del_Contact,200,OK,DeleteContact 2-8,text,true,,2484,510,15,30,37,0,1
1537443485830,37,Del_Contact,200,"Number of samples in transaction : 2, number of failing samples : 0",DeleteContact 2-8,,true,,2484,510,15,30,37,2929,1
1537443488990,13,Add_ContactForm,200,OK,AddContact 1-9,text,true,,3239,474,15,30,13,0,0
1537443488005,13,Add_ContactForm,200,"Number of samples in transaction : 2, number of failing samples : 0",AddContact 1-9,,true,,3239,474,15,30,13,985,0
1537443489005,13,Add_ContactForm,200,OK,AddContact 1-8,text,true,,3239,474,15,30,13,0,0
1537443488027,13,Add_ContactForm,200,"Number of samples in transaction : 2, number of failing samples : 0",AddContact 1-8,,true,,3239,474,15,30,13,978,0
1537443489051,13,Add_ContactForm,200,OK,AddContact 1-7,text,true,,3239,474,15,30,13,0,0
1537443488066,13,Add_ContactForm,200,"Number of samples in transaction : 2, number of failing samples : 0",AddContact 1-7,,true,,3239,474,15,30,13,985,0
1537443489251,24,Del_Contact,200,OK,DeleteContact 2-9,text,true,,2483,510,15,30,24,0,1
1537443486324,24,Del_Contact,200,"Number of samples in transaction : 2, number of failing samples : 0",DeleteContact 2-9,,true,,2483,510,15,30,24,2928,1
1537443489344,34,Del_Contact,200,OK,DeleteContact 2-10,text,true,,2484,510,15,30,34,0,0
1537443486416,34,Del_Contact,200,"Number of samples in transaction : 2, number of failing samples : 0",DeleteContact 2-10,,true,,2484,510,15,30,34,2929,0
1537443489234,26,Del_Contact,200,OK,DeleteContact 2-12,text,true,,2484,510,15,30,26,0,1
1537443486538,26,Del_Contact,200,"Number of samples in transaction : 2, number of failing samples : 0",DeleteContact 2-12,,true,,2484,510,15,30,26,2930,1
1537443489265,17,Del_Contact,200,OK,DeleteContact 2-11,text,true,,2489,510,15,30,16,0,0
1537443486560,17,Del_Contact,200,"Number of samples in transaction : 2, number of failing samples : 0",DeleteContact 2-11,,true,,2489,510,15,30,16,2938,0
1537443490496,87,Del_MainPage,200,OK,DeleteContact 2-1,text,true,,20098,446,15,30,87,0,0
1537443489510,87,Del_MainPage,200,"Number of samples in transaction : 2, number of failing samples : 0",DeleteContact 2-1,,true,,20098,446,15,30,87,989,0
1537443490496,94,Del_MainPage,200,OK,DeleteContact 2-4,text,true,,20098,446,15,30,93,0,1
1537443489511,94,Del_MainPage,200,"Number of samples in transaction : 2, number of failing samples : 0",DeleteContact 2-4,,true,,20098,446,15,30,93,987,1
1537443490519,77,Del_MainPage,200,OK,DeleteContact 2-3,text,true,,20098,446,15,30,77,0,1
1537443489526,77,Del_MainPage,200,"Number of samples in transaction : 2, number of failing samples : 0",DeleteContact 2-3,,true,,20098,446,15,30,77,996,1
1537443490520,83,Del_MainPage,200,OK,DeleteContact 2-15,text,true,,20098,446,15,30,81,0,0
1537443489526,83,Del_MainPage,200,"Number of samples in transaction : 2, number of failing samples : 0",DeleteContact 2-15,,true,,20098,446,15,30,81,996,0
1537443490726,86,Add_ContactAction,200,OK,AddContact 1-6,text,true,,2477,1247,15,30,86,0,1
1537443488031,86,Add_ContactAction,200,"Number of samples in transaction : 2, number of failing samples : 0",AddContact 1-6,,true,,2477,1247,15,30,86,2928,1
1537443490745,71,Del_Contact,200,OK,DeleteContact 2-13,text,true,,2484,510,15,30,71,0,1
1537443488040,71,Del_Contact,200,"Number of samples in transaction : 2, number of failing samples : 0",DeleteContact 2-13,,true,,2484,510,15,30,71,2939,1
1537443491172,38,Add_MainPage,200,OK,AddContact 1-11,text,true,,20011,446,15,30,37,0,0
1537443490188,38,Add_MainPage,200,"Number of samples in transaction : 2, number of failing samples : 0",AddContact 1-11,,true,,20011,446,15,30,37,985,0
1537443491234,24,Add_MainPage,200,OK,AddContact 1-10,text,true,,20011,446,15,30,23,0,1
1537443490250,24,Add_MainPage,200,"Number of samples in transaction : 2, number of failing samples : 0",AddContact 1-10,,true,,20011,446,15,30,23,984,1
1537443491496,48,Del_ContactFrom,200,OK,DeleteContact 2-14,text,true,,3350,481,15,30,48,0,1
1537443488790,48,Del_ContactFrom,200,"Number of samples in transaction : 2, number of failing samples : 0",DeleteContact 2-14,,true,,3350,481,15,30,48,2939,1
1537443491497,51,Del_ContactFrom,200,OK,DeleteContact 2-2,text,true,,3382,481,15,30,50,0,0
1537443488783,51,Del_ContactFrom,200,"Number of samples in transaction : 2, number of failing samples : 0",DeleteContact 2-2,,true,,3382,481,15,30,50,2947,0
1537443491712,52,Add_ContactAction,200,OK,AddContact 1-9,text,true,,2477,1067,15,30,52,0,0
1537443489003,52,Add_ContactAction,200,"Number of samples in transaction : 2, number of failing samples : 0",AddContact 1-9,,true,,2477,1067,15,30,52,2942,0
1537443491731,38,Add_ContactAction,200,OK,AddContact 1-8,text,true,,2477,1674,15,30,38,0,1
1537443489018,38,Add_ContactAction,200,"Number of samples in transaction : 2, number of failing samples : 0",AddContact 1-8,,true,,2477,1674,15,30,38,2946,1
1537443491773,22,Add_ContactAction,200,OK,AddContact 1-7,text,true,,2477,1433,15,30,22,0,1
1537443489064,22,Add_ContactAction,200,"Number of samples in transaction : 2, number of failing samples : 0",AddContact 1-7,,true,,2477,1433,15,30,22,2942,1
1537443492189,105,Add_ContactForm,200,OK,AddContact 1-11,text,true,,3239,474,15,30,93,0,0
1537443491211,105,Add_ContactForm,200,"Number of samples in transaction : 2, number of failing samples : 0",AddContact 1-11,,true,,3239,474,15,30,93,978,0
1537443492237,63,Add_ContactForm,200,OK,AddContact 1-10,text,true,,3239,474,15,30,63,0,0
1537443491258,63,Add_ContactForm,200,"Number of samples in transaction : 2, number of failing samples : 0",AddContact 1-10,,true,,3239,474,15,30,63,979,0
1537443492188,146,Del_MainPage,200,OK,DeleteContact 2-5,text,true,,20472,446,15,30,145,0,1
1537443491206,146,Del_MainPage,200,"Number of samples in transaction : 2, number of failing samples : 0",DeleteContact 2-5,,true,,20472,446,15,30,145,985,1
1537443492224,116,Del_MainPage,200,OK,DeleteContact 2-7,text,true,,20472,446,15,30,116,0,1
1537443491219,116,Del_MainPage,200,"Number of samples in transaction : 2, number of failing samples : 0",DeleteContact 2-7,,true,,20472,446,15,30,116,1008,1
1537443492225,122,Del_MainPage,200,OK,DeleteContact 2-6,text,true,,20472,446,15,30,122,0,0
1537443491219,122,Del_MainPage,200,"Number of samples in transaction : 2, number of failing samples : 0",DeleteContact 2-6,,true,,20472,446,15,30,122,1009,0
1537443492250,103,Add_MainPage,200,OK,AddContact 1-14,text,true,,20472,446,15,30,102,0,0
1537443491265,103,Add_MainPage,200,"Number of samples in transaction : 2, number of failing samples : 0",AddContact 1-14,,true,,20472,446,15,30,102,986,0
1537443492758,39,Add_MainPage,200,OK,AddContact 1-12,text,true,,20472,446,15,30,37,0,1
1537443491773,39,Add_MainPage,200,"Number of samples in transaction : 2, number of failing samples : 0",AddContact 1-12,,true,,20472,446,15,30,37,985,1
1537443492835,23,Add_MainPage,200,OK,AddContact 1-13,text,true,,20472,446,15,30,22,0,0
1537443491849,23,Add_MainPage,200,"Number of samples in transaction : 2, number of failing samples : 0",AddContact 1-13,,true,,20472,446,15,30,22,987,0
1537443493327,63,Add_ContactForm,200,OK,AddContact 1-14,text,true,,3239,474,15,30,63,0,0
1537443492354,63,Add_ContactForm,200,"Number of samples in transaction : 2, number of failing samples : 0",AddContact 1-14,,true,,3239,474,15,30,63,973,0
1537443493527,70,Del_ContactFrom,200,OK,DeleteContact 2-1,text,true,,3387,481,15,30,70,0,0
1537443490586,70,Del_ContactFrom,200,"Number of samples in transaction : 2, number of failing samples : 0",DeleteContact 2-1,,true,,3387,481,15,30,70,2941,0
1537443493548,51,Del_ContactFrom,200,OK,DeleteContact 2-4,text,true,,3386,481,15,30,51,0,0
1537443490593,51,Del_ContactFrom,200,"Number of samples in transaction : 2, number of failing samples : 0",DeleteContact 2-4,,true,,3386,481,15,30,51,2955,0
1537443493549,52,Del_ContactFrom,200,OK,DeleteContact 2-3,text,true,,3400,481,15,30,52,0,0
1537443490599,52,Del_ContactFrom,200,"Number of samples in transaction : 2, number of failing samples : 0",DeleteContact 2-3,,true,,3400,481,15,30,52,2950,0
1537443493564,40,Del_ContactFrom,200,OK,DeleteContact 2-15,text,true,,3394,481,15,30,40,0,0
1537443490605,40,Del_ContactFrom,200,"Number of samples in transaction : 2, number of failing samples : 0",DeleteContact 2-15,,true,,3394,481,15,30,40,2959,0
1537443493774,14,Add_ContactForm,200,OK,AddContact 1-12,text,true,,3239,474,15,30,14,0,0
1537443492797,14,Add_ContactForm,200,"Number of samples in transaction : 2, number of failing samples : 0",AddContact 1-12,,true,,3239,474,15,30,14,977,0
1537443493835,27,Add_ContactForm,200,OK,AddContact 1-13,text,true,,3239,474,15,30,27,0,0
1537443492859,27,Add_ContactForm,200,"Number of samples in transaction : 2, number of failing samples : 0",AddContact 1-13,,true,,3239,474,15,30,27,977,0
1537443493976,37,Add_MainPage,200,OK,AddContact 1-1,text,true,,20472,446,15,30,36,0,1
1537443492988,37,Add_MainPage,200,"Number of samples in transaction : 2, number of failing samples : 0",AddContact 1-1,,true,,20472,446,15,30,36,988,1
1537443494645,25,Del_MainPage,200,OK,DeleteContact 2-8,text,true,,20472,446,15,30,24,0,1
1537443493466,25,Del_MainPage,200,"Number of samples in transaction : 2, number of failing samples : 0",DeleteContact 2-8,,true,,20472,446,15,30,24,987,1
1537443494694,86,Del_Contact,200,OK,DeleteContact 2-14,text,true,,2484,510,15,30,85,0,1
1537443491544,86,Del_Contact,200,"Number of samples in transaction : 2, number of failing samples : 0",DeleteContact 2-14,,true,,2484,510,15,30,85,2955,1
1537443494695,88,Del_Contact,200,OK,DeleteContact 2-2,text,true,,2484,510,15,30,88,0,1
1537443491548,88,Del_Contact,200,"Number of samples in transaction : 2, number of failing samples : 0",DeleteContact 2-2,,true,,2484,510,15,30,88,2952,1
1537443495123,46,Del_MainPage,200,OK,DeleteContact 2-9,text,true,,20165,446,15,30,43,0,1
1537443493943,46,Del_MainPage,200,"Number of samples in transaction : 2, number of failing samples : 0",DeleteContact 2-9,,true,,20165,446,15,30,43,988,1
1537443495191,16,Add_ContactForm,200,OK,AddContact 1-1,text,true,,3239,474,15,30,16,0,0
1537443494013,16,Add_ContactForm,200,"Number of samples in transaction : 2, number of failing samples : 0",AddContact 1-1,,true,,3239,474,15,30,16,983,0
1537443495233,26,Del_MainPage,200,OK,DeleteContact 2-10,text,true,,20165,446,15,30,25,0,1
1537443494050,26,Del_MainPage,200,"Number of samples in transaction : 2, number of failing samples : 0",DeleteContact 2-10,,true,,20165,446,15,30,25,991,1
1537443495337,34,Del_MainPage,200,OK,DeleteContact 2-12,text,true,,20165,446,15,30,30,0,1
1537443494352,34,Del_MainPage,200,"Number of samples in transaction : 2, number of failing samples : 0",DeleteContact 2-12,,true,,20165,446,15,30,30,987,1
1537443495370,26,Del_MainPage,200,OK,DeleteContact 2-11,text,true,,20165,446,15,30,25,0,1
1537443494384,26,Del_MainPage,200,"Number of samples in transaction : 2, number of failing samples : 0",DeleteContact 2-11,,true,,20165,446,15,30,25,988,1
1537443495415,15,Add_ContactAction,200,OK,AddContact 1-11,text,true,,2477,1698,15,30,15,0,0
1537443492294,15,Add_ContactAction,200,"Number of samples in transaction : 2, number of failing samples : 0",AddContact 1-11,,true,,2477,1698,15,30,15,2926,0
1537443495431,17,Add_ContactAction,200,OK,AddContact 1-10,text,true,,2477,1529,15,30,16,0,0
1537443492300,17,Add_ContactAction,200,"Number of samples in transaction : 2, number of failing samples : 0",AddContact 1-10,,true,,2477,1529,15,30,16,2936,0
1537443495461,14,Del_ContactFrom,200,OK,DeleteContact 2-5,text,true,,3320,481,15,30,14,0,0
1537443492337,14,Del_ContactFrom,200,"Number of samples in transaction : 2, number of failing samples : 0",DeleteContact 2-5,,true,,3320,481,15,30,14,2929,0
1537443495477,24,Del_ContactFrom,200,OK,DeleteContact 2-7,text,true,,3354,481,15,30,24,0,0
1537443492343,24,Del_ContactFrom,200,"Number of samples in transaction : 2, number of failing samples : 0",DeleteContact 2-7,,true,,3354,481,15,30,24,2939,0
1537443495477,26,Del_ContactFrom,200,OK,DeleteContact 2-6,text,true,,3418,481,15,30,26,0,0
1537443492350,26,Del_ContactFrom,200,"Number of samples in transaction : 2, number of failing samples : 0",DeleteContact 2-6,,true,,3418,481,15,30,26,2932,0
1537443495738,49,Add_MainPage,200,OK,AddContact 1-3,text,true,,20620,446,15,30,46,0,1
1537443494769,49,Add_MainPage,200,"Number of samples in transaction : 2, number of failing samples : 0",AddContact 1-3,,true,,20620,446,15,30,46,969,1
1537443495861,57,Add_MainPage,200,OK,AddContact 1-4,text,true,,20620,446,15,30,57,0,1
1537443494876,57,Add_MainPage,200,"Number of samples in transaction : 2, number of failing samples : 0",AddContact 1-4,,true,,20620,446,15,30,57,986,1
1537443495899,34,Add_MainPage,200,OK,AddContact 1-15,text,true,,20620,446,15,30,33,0,0
1537443494922,34,Add_MainPage,200,"Number of samples in transaction : 2, number of failing samples : 0",AddContact 1-15,,true,,20620,446,15,30,33,977,0
1537443496030,36,Add_MainPage,200,OK,AddContact 1-2,text,true,,20620,446,15,30,35,0,1
1537443495062,36,Add_MainPage,200,"Number of samples in transaction : 2, number of failing samples : 0",AddContact 1-2,,true,,20620,446,15,30,35,968,1
1537443496092,24,Add_MainPage,200,OK,AddContact 1-5,text,true,,20620,446,15,30,22,0,1
1537443495123,24,Add_MainPage,200,"Number of samples in transaction : 2, number of failing samples : 0",AddContact 1-5,,true,,20620,446,15,30,22,969,1
1537443496508,25,Add_ContactAction,200,OK,AddContact 1-14,text,true,,2477,1577,15,30,25,0,0
1537443493390,25,Add_ContactAction,200,"Number of samples in transaction : 2, number of failing samples : 0",AddContact 1-14,,true,,2477,1577,15,30,25,2923,0
1537443496754,26,Add_ContactForm,200,OK,AddContact 1-3,text,true,,3239,474,15,30,26,0,0
1537443495787,26,Add_ContactForm,200,"Number of samples in transaction : 2, number of failing samples : 0",AddContact 1-3,,true,,3239,474,15,30,26,967,0
1537443496711,74,Del_Contact,200,OK,DeleteContact 2-1,text,true,,2484,510,15,30,74,0,1
1537443493597,74,Del_Contact,200,"Number of samples in transaction : 2, number of failing samples : 0",DeleteContact 2-1,,true,,2484,510,15,30,74,2919,1
1537443496741,48,Del_Contact,200,OK,DeleteContact 2-15,text,true,,2484,510,15,30,48,0,1
1537443493604,48,Del_Contact,200,"Number of samples in transaction : 2, number of failing samples : 0",DeleteContact 2-15,,true,,2484,510,15,30,48,2942,1
1537443496712,78,Del_Contact,200,OK,DeleteContact 2-4,text,true,,2484,510,15,30,78,0,0
1537443493599,78,Del_Contact,200,"Number of samples in transaction : 2, number of failing samples : 0",DeleteContact 2-4,,true,,2484,510,15,30,78,2918,0
1537443496713,79,Del_Contact,200,OK,DeleteContact 2-3,text,true,,2484,510,15,30,79,0,0
1537443493601,79,Del_Contact,200,"Number of samples in transaction : 2, number of failing samples : 0",DeleteContact 2-3,,true,,2484,510,15,30,79,2917,0
1537443496898,34,Add_ContactForm,200,OK,AddContact 1-15,text,true,,3239,474,15,30,34,0,0
1537443495933,34,Add_ContactForm,200,"Number of samples in transaction : 2, number of failing samples : 0",AddContact 1-15,,true,,3239,474,15,30,34,965,0
1537443496898,36,Add_ContactForm,200,OK,AddContact 1-4,text,true,,3239,474,15,30,36,0,0
1537443495919,36,Add_ContactForm,200,"Number of samples in transaction : 2, number of failing samples : 0",AddContact 1-4,,true,,3239,474,15,30,36,979,0
1537443496861,85,Del_MainPage,200,OK,DeleteContact 2-13,text,true,,20002,446,15,30,84,0,1
1537443495885,85,Del_MainPage,200,"Number of samples in transaction : 2, number of failing samples : 0",DeleteContact 2-13,,true,,20002,446,15,30,84,978,1
1537443496880,70,Add_ContactAction,200,OK,AddContact 1-12,text,true,,2477,1517,15,30,70,0,1
1537443493788,70,Add_ContactAction,200,"Number of samples in transaction : 2, number of failing samples : 0",AddContact 1-12,,true,,2477,1517,15,30,70,2897,1
1537443496954,32,Add_ContactAction,200,OK,AddContact 1-13,text,true,,2477,1295,15,30,32,0,0
1537443493863,32,Add_ContactAction,200,"Number of samples in transaction : 2, number of failing samples : 0",AddContact 1-13,,true,,2477,1295,15,30,32,2896,0
1537443497031,24,Add_ContactForm,200,OK,AddContact 1-2,text,true,,3239,474,15,30,24,0,0
1537443496066,24,Add_ContactForm,200,"Number of samples in transaction : 2, number of failing samples : 0",AddContact 1-2,,true,,3239,474,15,30,24,965,0
1537443497077,12,Add_ContactForm,200,OK,AddContact 1-5,text,true,,3239,474,15,30,12,0,0
1537443496116,12,Add_ContactForm,200,"Number of samples in transaction : 2, number of failing samples : 0",AddContact 1-5,,true,,3239,474,15,30,12,961,0
1537443497569,20,Del_ContactFrom,200,OK,DeleteContact 2-8,text,true,,3359,481,15,30,20,0,1
1537443494673,20,Del_ContactFrom,200,"Number of samples in transaction : 2, number of failing samples : 0",DeleteContact 2-8,,true,,3359,481,15,30,20,2896,1
1537443498077,26,Del_ContactFrom,200,OK,DeleteContact 2-9,text,true,,3325,481,15,30,26,0,1
1537443495172,26,Del_ContactFrom,200,"Number of samples in transaction : 2, number of failing samples : 0",DeleteContact 2-9,,true,,3325,481,15,30,26,2906,1
1537443498108,28,Add_ContactAction,200,OK,AddContact 1-1,text,true,,2477,1211,15,30,28,0,1
1537443495207,28,Add_ContactAction,200,"Number of samples in transaction : 2, number of failing samples : 0",AddContact 1-1,,true,,2477,1211,15,30,28,2901,1
1537443498169,14,Del_ContactFrom,200,OK,DeleteContact 2-10,text,true,,3303,481,15,30,14,0,1
1537443495262,14,Del_ContactFrom,200,"Number of samples in transaction : 2, number of failing samples : 0",DeleteContact 2-10,,true,,3303,481,15,30,14,2907,1
1537443498278,51,Del_ContactFrom,200,OK,DeleteContact 2-12,text,true,,3317,481,15,30,51,0,0
1537443495373,51,Del_ContactFrom,200,"Number of samples in transaction : 2, number of failing samples : 0",DeleteContact 2-12,,true,,3317,481,15,30,51,2905,0
1537443498301,30,Del_ContactFrom,200,OK,DeleteContact 2-11,text,true,,3351,481,15,30,30,0,1
1537443495399,30,Del_ContactFrom,200,"Number of samples in transaction : 2, number of failing samples : 0",DeleteContact 2-11,,true,,3351,481,15,30,30,2902,1
1537443498371,142,Del_Contact,200,OK,DeleteContact 2-5,text,true,,2484,510,15,30,142,0,0
1537443495475,142,Del_Contact,200,"Number of samples in transaction : 2, number of failing samples : 0",DeleteContact 2-5,,true,,2484,510,15,30,142,2897,0
1537443498400,222,Del_Contact,200,OK,DeleteContact 2-7,text,true,,2484,510,15,30,222,0,1
1537443495501,222,Del_Contact,200,"Number of samples in transaction : 2, number of failing samples : 0",DeleteContact 2-7,,true,,2484,510,15,30,222,2899,1
1537443498415,209,Del_Contact,200,OK,DeleteContact 2-6,text,true,,2485,510,15,30,209,0,0
1537443495503,209,Del_Contact,200,"Number of samples in transaction : 2, number of failing samples : 0",DeleteContact 2-6,,true,,2485,510,15,30,209,2912,0
1537443498801,33,Add_MainPage,200,OK,AddContact 1-6,text,true,,19949,446,15,30,32,0,1
1537443497822,33,Add_MainPage,200,"Number of samples in transaction : 2, number of failing samples : 0",AddContact 1-6,,true,,19949,446,15,30,32,979,1
1537443499972,47,Add_ContactAction,200,OK,AddContact 1-3,text,true,,2477,1608,15,30,47,0,1
1537443496780,47,Add_ContactAction,200,"Number of samples in transaction : 2, number of failing samples : 0",AddContact 1-3,,true,,2477,1608,15,30,47,2913,1
1537443500035,100,Add_MainPage,200,OK,AddContact 1-8,text,true,,20177,446,15,30,99,0,1
1537443498773,100,Add_MainPage,200,"Number of samples in transaction : 2, number of failing samples : 0",AddContact 1-8,,true,,20177,446,15,30,99,983,1
1537443500036,102,Add_MainPage,200,OK,AddContact 1-9,text,true,,20177,446,15,30,102,0,1
1537443498773,102,Add_MainPage,200,"Number of samples in transaction : 2, number of failing samples : 0",AddContact 1-9,,true,,20177,446,15,30,102,985,1
1537443500095,79,Add_ContactForm,200,OK,AddContact 1-6,text,true,,3239,474,15,30,79,0,0
1537443498834,79,Add_ContactForm,200,"Number of samples in transaction : 2, number of failing samples : 0",AddContact 1-6,,true,,3239,474,15,30,79,983,0
1537443500072,114,Add_MainPage,200,OK,AddContact 1-7,text,true,,20177,446,15,30,114,0,1
1537443498801,114,Add_MainPage,200,"Number of samples in transaction : 2, number of failing samples : 0",AddContact 1-7,,true,,20177,446,15,30,114,992,1
1537443500141,58,Add_ContactAction,200,OK,AddContact 1-15,text,true,,2477,1265,15,30,58,0,0
1537443496932,58,Add_ContactAction,200,"Number of samples in transaction : 2, number of failing samples : 0",AddContact 1-15,,true,,2477,1265,15,30,58,2930,0
1537443500161,50,Del_ContactFrom,200,OK,DeleteContact 2-13,text,true,,3175,481,15,30,50,0,0
1537443496948,50,Del_ContactFrom,200,"Number of samples in transaction : 2, number of failing samples : 0",DeleteContact 2-13,,true,,3175,481,15,30,50,2934,0
1537443500142,72,Add_ContactAction,200,OK,AddContact 1-4,text,true,,2477,1499,15,30,72,0,0
1537443496934,72,Add_ContactAction,200,"Number of samples in transaction : 2, number of failing samples : 0",AddContact 1-4,,true,,2477,1499,15,30,72,2929,0
1537443500265,28,Add_ContactAction,200,OK,AddContact 1-2,text,true,,2477,1181,15,30,28,0,1
1537443497055,28,Add_ContactAction,200,"Number of samples in transaction : 2, number of failing samples : 0",AddContact 1-2,,true,,2477,1181,15,30,28,2931,1
1537443500294,16,Add_ContactAction,200,OK,AddContact 1-5,text,true,,2477,1259,15,30,16,0,1
1537443497089,16,Add_ContactAction,200,"Number of samples in transaction : 2, number of failing samples : 0",AddContact 1-5,,true,,2477,1259,15,30,16,2926,1
1537443500803,24,Del_Contact,200,OK,DeleteContact 2-8,text,true,,2484,510,15,30,24,0,1
1537443497589,24,Del_Contact,200,"Number of samples in transaction : 2, number of failing samples : 0",DeleteContact 2-8,,true,,2484,510,15,30,24,2935,1
1537443500895,44,Del_MainPage,200,OK,DeleteContact 2-2,text,true,,20580,446,15,30,44,0,0
1537443499910,44,Del_MainPage,200,"Number of samples in transaction : 2, number of failing samples : 0",DeleteContact 2-2,,true,,20580,446,15,30,44,988,0
1537443500896,88,Del_MainPage,200,OK,DeleteContact 2-14,text,true,,20580,446,15,30,87,0,0
1537443499910,88,Del_MainPage,200,"Number of samples in transaction : 2, number of failing samples : 0",DeleteContact 2-14,,true,,20580,446,15,30,87,988,0
1537443501111,23,Add_ContactForm,200,OK,AddContact 1-8,text,true,,3239,474,15,30,23,0,0
1537443500135,23,Add_ContactForm,200,"Number of samples in transaction : 2, number of failing samples : 0",AddContact 1-8,,true,,3239,474,15,30,23,976,0
1537443501111,25,Add_ContactForm,200,OK,AddContact 1-9,text,true,,3239,474,15,30,25,0,0
1537443500139,25,Add_ContactForm,200,"Number of samples in transaction : 2, number of failing samples : 0",AddContact 1-9,,true,,3239,474,15,30,25,972,0
1537443501145,14,Add_ContactForm,200,OK,AddContact 1-7,text,true,,3239,474,15,30,14,0,0
1537443500186,14,Add_ContactForm,200,"Number of samples in transaction : 2, number of failing samples : 0",AddContact 1-7,,true,,3239,474,15,30,14,960,0
1537443501311,26,Del_Contact,200,OK,DeleteContact 2-9,text,true,,2483,510,15,30,25,0,0
1537443498104,26,Del_Contact,200,"Number of samples in transaction : 2, number of failing samples : 0",DeleteContact 2-9,,true,,2483,510,15,30,25,2928,0
1537443501388,38,Del_Contact,200,OK,DeleteContact 2-10,text,true,,2484,510,15,30,38,0,1
1537443498183,38,Del_Contact,200,"Number of samples in transaction : 2, number of failing samples : 0",DeleteContact 2-10,,true,,2484,510,15,30,38,2926,1
1537443501543,37,Del_Contact,200,OK,DeleteContact 2-11,text,true,,2483,510,15,30,37,0,0
1537443498331,37,Del_Contact,200,"Number of samples in transaction : 2, number of failing samples : 0",DeleteContact 2-11,,true,,2483,510,15,30,37,2934,0
1537443501542,42,Del_Contact,200,OK,DeleteContact 2-12,text,true,,2485,510,15,30,42,0,0
1537443498329,42,Del_Contact,200,"Number of samples in transaction : 2, number of failing samples : 0",DeleteContact 2-12,,true,,2485,510,15,30,42,2934,0
1537443502927,101,Del_MainPage,200,OK,DeleteContact 2-3,text,true,,19921,446,15,30,101,0,3
1537443501941,101,Del_MainPage,200,"Number of samples in transaction : 2, number of failing samples : 0",DeleteContact 2-3,,true,,19921,446,15,30,101,989,3
1537443502929,106,Del_MainPage,200,OK,DeleteContact 2-1,text,true,,19921,446,15,30,105,0,1
1537443501942,106,Del_MainPage,200,"Number of samples in transaction : 2, number of failing samples : 0",DeleteContact 2-1,,true,,19921,446,15,30,105,989,1
1537443502928,118,Del_MainPage,200,OK,DeleteContact 2-4,text,true,,19921,446,15,30,117,0,4
1537443501942,118,Del_MainPage,200,"Number of samples in transaction : 2, number of failing samples : 0",DeleteContact 2-4,,true,,19921,446,15,30,117,993,4
1537443502928,129,Del_MainPage,200,OK,DeleteContact 2-15,text,true,,19921,446,15,30,127,0,3
1537443501942,129,Del_MainPage,200,"Number of samples in transaction : 2, number of failing samples : 0",DeleteContact 2-15,,true,,19921,446,15,30,127,988,3
1537443503096,18,Add_ContactAction,200,OK,AddContact 1-6,text,true,,2477,1373,15,30,17,0,1
1537443500175,18,Add_ContactAction,200,"Number of samples in transaction : 2, number of failing samples : 0",AddContact 1-6,,true,,2477,1373,15,30,17,2921,1
1537443503126,13,Del_Contact,200,OK,DeleteContact 2-13,text,true,,2490,510,15,30,13,0,1
1537443500211,13,Del_Contact,200,"Number of samples in transaction : 2, number of failing samples : 0",DeleteContact 2-13,,true,,2490,510,15,30,13,2916,1
1537443503511,86,Add_MainPage,200,OK,AddContact 1-11,text,true,,20093,446,15,30,84,0,1
1537443502527,86,Add_MainPage,200,"Number of samples in transaction : 2, number of failing samples : 0",AddContact 1-11,,true,,20093,446,15,30,84,985,1
1537443503527,79,Add_MainPage,200,OK,AddContact 1-10,text,true,,20093,446,15,30,75,0,1
1537443502542,79,Add_MainPage,200,"Number of samples in transaction : 2, number of failing samples : 0",AddContact 1-10,,true,,20093,446,15,30,75,985,1
1537443503865,25,Del_ContactFrom,200,OK,DeleteContact 2-2,text,true,,3310,481,15,30,25,0,0
1537443500942,25,Del_ContactFrom,200,"Number of samples in transaction : 2, number of failing samples : 0",DeleteContact 2-2,,true,,3310,481,15,30,25,2923,0
1537443503896,25,Del_ContactFrom,200,OK,DeleteContact 2-14,text,true,,3408,481,15,30,25,0,1
1537443500986,25,Del_ContactFrom,200,"Number of samples in transaction : 2, number of failing samples : 0",DeleteContact 2-14,,true,,3408,481,15,30,25,2910,1
1537443504053,66,Add_ContactAction,200,OK,AddContact 1-9,text,true,,2477,1577,15,30,66,0,1
1537443501136,66,Add_ContactAction,200,"Number of samples in transaction : 2, number of failing samples : 0",AddContact 1-9,,true,,2477,1577,15,30,66,2917,1
1537443504055,66,Add_ContactAction,200,OK,AddContact 1-8,text,true,,2477,1668,15,30,66,0,0
1537443501134,66,Add_ContactAction,200,"Number of samples in transaction : 2, number of failing samples : 0",AddContact 1-8,,true,,2477,1668,15,30,66,2921,0
1537443504090,40,Add_ContactAction,200,OK,AddContact 1-7,text,true,,2477,1169,15,30,40,0,1
1537443501160,40,Add_ContactAction,200,"Number of samples in transaction : 2, number of failing samples : 0",AddContact 1-7,,true,,2477,1169,15,30,40,2930,1
1537443505310,54,Add_ContactForm,200,OK,AddContact 1-11,text,true,,3239,474,15,30,54,0,0
1537443503598,54,Add_ContactForm,200,"Number of samples in transaction : 2, number of failing samples : 0",AddContact 1-11,,true,,3239,474,15,30,54,975,0
1537443505328,38,Add_ContactForm,200,OK,AddContact 1-10,text,true,,3239,474,15,30,38,0,0
1537443503606,38,Add_ContactForm,200,"Number of samples in transaction : 2, number of failing samples : 0",AddContact 1-10,,true,,3239,474,15,30,38,985,0
1537443505341,38,Add_MainPage,200,OK,AddContact 1-14,text,true,,20666,446,15,30,37,0,0
1537443503620,38,Add_MainPage,200,"Number of samples in transaction : 2, number of failing samples : 0",AddContact 1-14,,true,,20666,446,15,30,37,984,0
1537443505388,25,Del_MainPage,200,OK,DeleteContact 2-5,text,true,,20666,446,15,30,24,0,0
1537443503666,25,Del_MainPage,200,"Number of samples in transaction : 2, number of failing samples : 0",DeleteContact 2-5,,true,,20666,446,15,30,24,988,0
1537443505495,57,Del_MainPage,200,OK,DeleteContact 2-6,text,true,,20666,446,15,30,57,0,1
1537443503773,57,Del_MainPage,200,"Number of samples in transaction : 2, number of failing samples : 0",DeleteContact 2-6,,true,,20666,446,15,30,57,988,1
1537443505496,63,Del_MainPage,200,OK,DeleteContact 2-7,text,true,,20666,446,15,30,62,0,1
1537443503773,63,Del_MainPage,200,"Number of samples in transaction : 2, number of failing samples : 0",DeleteContact 2-7,,true,,20666,446,15,30,62,989,1
1537443505772,42,Add_MainPage,200,OK,AddContact 1-12,text,true,,20666,446,15,30,41,0,0
1537443504049,42,Add_MainPage,200,"Number of samples in transaction : 2, number of failing samples : 0",AddContact 1-12,,true,,20666,446,15,30,41,986,0
1537443505833,25,Add_MainPage,200,OK,AddContact 1-13,text,true,,20666,446,15,30,23,0,1
1537443504109,25,Add_MainPage,200,"Number of samples in transaction : 2, number of failing samples : 0",AddContact 1-13,,true,,20666,446,15,30,23,987,1
1537443506357,54,Add_ContactForm,200,OK,AddContact 1-14,text,true,,3239,474,15,30,54,0,0
1537443505379,54,Add_ContactForm,200,"Number of samples in transaction : 2, number of failing samples : 0",AddContact 1-14,,true,,3239,474,15,30,54,979,0
1537443506695,70,Del_ContactFrom,200,OK,DeleteContact 2-3,text,true,,3323,481,15,30,70,0,1
1537443503031,70,Del_ContactFrom,200,"Number of samples in transaction : 2, number of failing samples : 0",DeleteContact 2-3,,true,,3323,481,15,30,70,2927,1
1537443506712,55,Del_ContactFrom,200,OK,DeleteContact 2-1,text,true,,3304,481,15,30,55,0,0
1537443503037,55,Del_ContactFrom,200,"Number of samples in transaction : 2, number of failing samples : 0",DeleteContact 2-1,,true,,3304,481,15,30,55,2939,0
1537443506729,40,Del_ContactFrom,200,OK,DeleteContact 2-4,text,true,,3382,481,15,30,40,0,1
1537443503053,40,Del_ContactFrom,200,"Number of samples in transaction : 2, number of failing samples : 0",DeleteContact 2-4,,true,,3382,481,15,30,40,2940,1
1537443506730,42,Del_ContactFrom,200,OK,DeleteContact 2-15,text,true,,3343,481,15,30,42,0,0
1537443503059,42,Del_ContactFrom,200,"Number of samples in transaction : 2, number of failing samples : 0",DeleteContact 2-15,,true,,3343,481,15,30,42,2934,0
1537443506788,13,Add_ContactForm,200,OK,AddContact 1-12,text,true,,3239,474,15,30,13,0,0
1537443505814,13,Add_ContactForm,200,"Number of samples in transaction : 2, number of failing samples : 0",AddContact 1-12,,true,,3239,474,15,30,13,974,0
1537443506834,13,Add_ContactForm,200,OK,AddContact 1-13,text,true,,3239,474,15,30,12,0,0
1537443505858,13,Add_ContactForm,200,"Number of samples in transaction : 2, number of failing samples : 0",AddContact 1-13,,true,,3239,474,15,30,12,976,0
1537443506973,36,Add_MainPage,200,OK,AddContact 1-1,text,true,,20666,446,15,30,35,0,1
1537443505987,36,Add_MainPage,200,"Number of samples in transaction : 2, number of failing samples : 0",AddContact 1-1,,true,,20666,446,15,30,35,986,1
1537443507418,35,Del_MainPage,200,OK,DeleteContact 2-8,text,true,,20666,446,15,30,34,0,1
1537443506434,35,Del_MainPage,200,"Number of samples in transaction : 2, number of failing samples : 0",DeleteContact 2-8,,true,,20666,446,15,30,34,987,1
1537443507573,52,Del_Contact,200,OK,DeleteContact 2-2,text,true,,2484,510,15,30,52,0,0
1537443503890,52,Del_Contact,200,"Number of samples in transaction : 2, number of failing samples : 0",DeleteContact 2-2,,true,,2484,510,15,30,52,2946,0
1537443507604,26,Del_Contact,200,OK,DeleteContact 2-14,text,true,,2484,510,15,30,26,0,0
1537443503921,26,Del_Contact,200,"Number of samples in transaction : 2, number of failing samples : 0",DeleteContact 2-14,,true,,2484,510,15,30,26,2946,0
1537443507941,38,Del_MainPage,200,OK,DeleteContact 2-9,text,true,,20312,446,15,30,37,0,1
1537443506957,38,Del_MainPage,200,"Number of samples in transaction : 2, number of failing samples : 0",DeleteContact 2-9,,true,,20312,446,15,30,37,986,1
1537443507988,13,Add_ContactForm,200,OK,AddContact 1-1,text,true,,3239,474,15,30,13,0,0
1537443507009,13,Add_ContactForm,200,"Number of samples in transaction : 2, number of failing samples : 0",AddContact 1-1,,true,,3239,474,15,30,13,980,0
1537443508035,39,Del_MainPage,200,OK,DeleteContact 2-10,text,true,,20312,446,15,30,38,0,0
1537443507050,39,Del_MainPage,200,"Number of samples in transaction : 2, number of failing samples : 0",DeleteContact 2-10,,true,,20312,446,15,30,38,987,0
1537443508188,51,Del_MainPage,200,OK,DeleteContact 2-12,text,true,,20312,446,15,30,50,0,1
1537443507204,51,Del_MainPage,200,"Number of samples in transaction : 2, number of failing samples : 0",DeleteContact 2-12,,true,,20312,446,15,30,50,990,1
1537443508189,98,Del_MainPage,200,OK,DeleteContact 2-11,text,true,,20312,446,15,30,96,0,1
1537443507204,98,Del_MainPage,200,"Number of samples in transaction : 2, number of failing samples : 0",DeleteContact 2-11,,true,,20312,446,15,30,96,992,1
1537443508295,38,Add_ContactAction,200,OK,AddContact 1-11,text,true,,2477,1469,15,30,38,0,1
1537443505364,38,Add_ContactAction,200,"Number of samples in transaction : 2, number of failing samples : 0",AddContact 1-11,,true,,2477,1469,15,30,38,2931,1
1537443508296,41,Add_ContactAction,200,OK,AddContact 1-10,text,true,,2477,1367,15,30,41,0,1
1537443505366,41,Add_ContactAction,200,"Number of samples in transaction : 2, number of failing samples : 0",AddContact 1-10,,true,,2477,1367,15,30,41,2930,1
1537443508342,19,Del_ContactFrom,200,OK,DeleteContact 2-5,text,true,,3336,481,15,30,19,0,0
1537443505416,19,Del_ContactFrom,200,"Number of samples in transaction : 2, number of failing samples : 0",DeleteContact 2-5,,true,,3336,481,15,30,19,2926,0
1537443508481,47,Del_ContactFrom,200,OK,DeleteContact 2-6,text,true,,3314,481,15,30,47,0,0
1537443505555,47,Del_ContactFrom,200,"Number of samples in transaction : 2, number of failing samples : 0",DeleteContact 2-6,,true,,3314,481,15,30,47,2926,0
1537443508497,34,Del_ContactFrom,200,OK,DeleteContact 2-7,text,true,,3265,481,15,30,34,0,0
1537443505562,34,Del_ContactFrom,200,"Number of samples in transaction : 2, number of failing samples : 0",DeleteContact 2-7,,true,,3265,481,15,30,34,2935,0
1537443508588,37,Add_MainPage,200,OK,AddContact 1-3,text,true,,20648,446,15,30,36,0,0
1537443507603,37,Add_MainPage,200,"Number of samples in transaction : 2, number of failing samples : 0",AddContact 1-3,,true,,20648,446,15,30,36,986,0
1537443508758,74,Add_MainPage,200,OK,AddContact 1-15,text,true,,20648,446,15,30,73,0,1
1537443507772,74,Add_MainPage,200,"Number of samples in transaction : 2, number of failing samples : 0",AddContact 1-15,,true,,20648,446,15,30,73,986,1
1537443508770,66,Add_MainPage,200,OK,AddContact 1-4,text,true,,20648,446,15,30,65,0,0
1537443507788,66,Add_MainPage,200,"Number of samples in transaction : 2, number of failing samples : 0",AddContact 1-4,,true,,20648,446,15,30,65,983,0
1537443508847,24,Add_MainPage,200,OK,AddContact 1-2,text,true,,20648,446,15,30,22,0,0
1537443507865,24,Add_MainPage,200,"Number of samples in transaction : 2, number of failing samples : 0",AddContact 1-2,,true,,20648,446,15,30,22,982,0
1537443508880,27,Add_MainPage,200,OK,AddContact 1-5,text,true,,20648,446,15,30,25,0,1
1537443507896,27,Add_MainPage,200,"Number of samples in transaction : 2, number of failing samples : 0",AddContact 1-5,,true,,20648,446,15,30,25,984,1
1537443509342,247,Add_ContactAction,200,OK,AddContact 1-14,text,true,,2477,1283,15,30,247,0,1
1537443506412,247,Add_ContactAction,200,"Number of samples in transaction : 2, number of failing samples : 0",AddContact 1-14,,true,,2477,1283,15,30,247,2930,1
1537443509604,13,Add_ContactForm,200,OK,AddContact 1-3,text,true,,3239,474,15,30,13,0,0
1537443508626,13,Add_ContactForm,200,"Number of samples in transaction : 2, number of failing samples : 0",AddContact 1-3,,true,,3239,474,15,30,13,978,0
1537443509697,128,Del_Contact,200,OK,DeleteContact 2-1,text,true,,2484,510,15,30,128,0,1
1537443506768,128,Del_Contact,200,"Number of samples in transaction : 2, number of failing samples : 0",DeleteContact 2-1,,true,,2484,510,15,30,128,2930,1
1537443509696,143,Del_Contact,200,OK,DeleteContact 2-3,text,true,,2483,510,15,30,143,0,1
1537443506765,143,Del_Contact,200,"Number of samples in transaction : 2, number of failing samples : 0",DeleteContact 2-3,,true,,2483,510,15,30,143,2931,1
1537443509701,140,Del_Contact,200,OK,DeleteContact 2-4,text,true,,2484,510,15,30,140,0,0
1537443506770,140,Del_Contact,200,"Number of samples in transaction : 2, number of failing samples : 0",DeleteContact 2-4,,true,,2484,510,15,30,140,2931,0
1537443509734,109,Del_Contact,200,OK,DeleteContact 2-15,text,true,,2484,510,15,30,109,0,1
1537443506772,109,Del_Contact,200,"Number of samples in transaction : 2, number of failing samples : 0",DeleteContact 2-15,,true,,2484,510,15,30,109,2962,1
1537443509750,108,Del_MainPage,200,OK,DeleteContact 2-13,text,true,,20457,446,15,30,107,0,0
1537443508766,108,Del_MainPage,200,"Number of samples in transaction : 2, number of failing samples : 0",DeleteContact 2-13,,true,,20457,446,15,30,107,987,0
1537443509750,114,Add_ContactAction,200,OK,AddContact 1-12,text,true,,2477,1229,15,30,114,0,1
1537443506801,114,Add_ContactAction,200,"Number of samples in transaction : 2, number of failing samples : 0",AddContact 1-12,,true,,2477,1229,15,30,114,2949,1
1537443509780,86,Add_ContactAction,200,OK,AddContact 1-13,text,true,,2477,1547,15,30,86,0,0
1537443506847,86,Add_ContactAction,200,"Number of samples in transaction : 2, number of failing samples : 0",AddContact 1-13,,true,,2477,1547,15,30,86,2933,0
1537443509804,66,Add_ContactForm,200,OK,AddContact 1-15,text,true,,3239,474,15,30,66,0,0
1537443508832,66,Add_ContactForm,200,"Number of samples in transaction : 2, number of failing samples : 0",AddContact 1-15,,true,,3239,474,15,30,66,972,0
1537443509814,58,Add_ContactForm,200,OK,AddContact 1-4,text,true,,3239,474,15,30,58,0,0
1537443508837,58,Add_ContactForm,200,"Number of samples in transaction : 2, number of failing samples : 0",AddContact 1-4,,true,,3239,474,15,30,58,977,0
1537443509844,33,Add_ContactForm,200,OK,AddContact 1-2,text,true,,3239,474,15,30,33,0,0
1537443508871,33,Add_ContactForm,200,"Number of samples in transaction : 2, number of failing samples : 0",AddContact 1-2,,true,,3239,474,15,30,33,973,0
1537443509879,13,Add_ContactForm,200,OK,AddContact 1-5,text,true,,3239,474,15,30,13,0,0
1537443508907,13,Add_ContactForm,200,"Number of samples in transaction : 2, number of failing samples : 0",AddContact 1-5,,true,,3239,474,15,30,13,972,0
1537443511145,28,Del_ContactFrom,200,OK,DeleteContact 2-8,text,true,,3416,481,15,30,28,0,0
1537443507456,28,Del_ContactFrom,200,"Number of samples in transaction : 2, number of failing samples : 0",DeleteContact 2-8,,true,,3416,481,15,30,28,2933,0
1537443511668,38,Del_ContactFrom,200,OK,DeleteContact 2-9,text,true,,3400,481,15,30,38,0,0
1537443507981,38,Del_ContactFrom,200,"Number of samples in transaction : 2, number of failing samples : 0",DeleteContact 2-9,,true,,3400,481,15,30,38,2932,0
1537443511687,98,Add_ContactAction,200,OK,AddContact 1-1,text,true,,2477,1103,15,30,98,0,1
1537443508002,98,Add_ContactAction,200,"Number of samples in transaction : 2, number of failing samples : 0",AddContact 1-1,,true,,2477,1103,15,30,98,2929,1
1537443511764,28,Del_ContactFrom,200,OK,DeleteContact 2-10,text,true,,3413,481,15,30,28,0,1
1537443508076,28,Del_ContactFrom,200,"Number of samples in transaction : 2, number of failing samples : 0",DeleteContact 2-10,,true,,3413,481,15,30,28,2932,1
1537443511930,23,Del_ContactFrom,200,OK,DeleteContact 2-12,text,true,,3296,481,15,30,23,0,0
1537443508245,23,Del_ContactFrom,200,"Number of samples in transaction : 2, number of failing samples : 0",DeleteContact 2-12,,true,,3296,481,15,30,23,2945,0
1537443511976,13,Del_ContactFrom,200,OK,DeleteContact 2-11,text,true,,3175,481,15,30,13,0,0
1537443508294,13,Del_ContactFrom,200,"Number of samples in transaction : 2, number of failing samples : 0",DeleteContact 2-11,,true,,3175,481,15,30,13,2926,0
1537443512052,55,Del_Contact,200,OK,DeleteContact 2-5,text,true,,2484,510,15,30,55,0,0
1537443508361,55,Del_Contact,200,"Number of samples in transaction : 2, number of failing samples : 0",DeleteContact 2-5,,true,,2484,510,15,30,55,2935,0
1537443512222,39,Del_Contact,200,OK,DeleteContact 2-6,text,true,,2484,510,15,30,39,0,1
1537443508528,39,Del_Contact,200,"Number of samples in transaction : 2, number of failing samples : 0",DeleteContact 2-6,,true,,2484,510,15,30,39,2939,1
1537443512223,42,Del_Contact,200,OK,DeleteContact 2-7,text,true,,2484,510,15,30,42,0,1
1537443508531,42,Del_Contact,200,"Number of samples in transaction : 2, number of failing samples : 0",DeleteContact 2-7,,true,,2484,510,15,30,42,2936,1
1537443512437,32,Add_MainPage,200,OK,AddContact 1-6,text,true,,20183,446,15,30,31,0,1
1537443511452,32,Add_MainPage,200,"Number of samples in transaction : 2, number of failing samples : 0",AddContact 1-6,,true,,20183,446,15,30,31,985,1
1537443513299,28,Add_ContactAction,200,OK,AddContact 1-3,text,true,,2477,1535,15,30,28,0,1
1537443509617,28,Add_ContactAction,200,"Number of samples in transaction : 2, number of failing samples : 0",AddContact 1-3,,true,,2477,1535,15,30,28,2926,1
1537443513455,50,Add_ContactForm,200,OK,AddContact 1-6,text,true,,3239,474,15,30,50,0,0
1537443512469,50,Add_ContactForm,200,"Number of samples in transaction : 2, number of failing samples : 0",AddContact 1-6,,true,,3239,474,15,30,50,986,0
1537443513453,65,Add_MainPage,200,OK,AddContact 1-8,text,true,,20377,446,15,30,65,0,0
1537443512468,65,Add_MainPage,200,"Number of samples in transaction : 2, number of failing samples : 0",AddContact 1-8,,true,,20377,446,15,30,65,986,0
1537443513454,88,Add_MainPage,200,OK,AddContact 1-9,text,true,,20377,446,15,30,87,0,0
1537443512468,88,Add_MainPage,200,"Number of samples in transaction : 2, number of failing samples : 0",AddContact 1-9,,true,,20377,446,15,30,87,986,0
1537443513472,133,Add_MainPage,200,OK,AddContact 1-7,text,true,,20377,446,15,30,132,0,1
1537443512483,133,Add_MainPage,200,"Number of samples in transaction : 2, number of failing samples : 0",AddContact 1-7,,true,,20377,446,15,30,132,989,1
1537443513545,72,Del_ContactFrom,200,OK,DeleteContact 2-13,text,true,,3385,481,15,30,72,0,0
1537443509861,72,Del_ContactFrom,200,"Number of samples in transaction : 2, number of failing samples : 0",DeleteContact 2-13,,true,,3385,481,15,30,72,2928,0
1537443513560,60,Add_ContactAction,200,OK,AddContact 1-15,text,true,,2477,1175,15,30,60,0,1
1537443509870,60,Add_ContactAction,200,"Number of samples in transaction : 2, number of failing samples : 0",AddContact 1-15,,true,,2477,1175,15,30,60,2934,1
1537443513561,64,Add_ContactAction,200,OK,AddContact 1-2,text,true,,2477,1355,15,30,64,0,0
1537443509877,64,Add_ContactAction,200,"Number of samples in transaction : 2, number of failing samples : 0",AddContact 1-2,,true,,2477,1355,15,30,64,2928,0
1537443513563,65,Add_ContactAction,200,OK,AddContact 1-4,text,true,,2477,1277,15,30,65,0,1
1537443509872,65,Add_ContactAction,200,"Number of samples in transaction : 2, number of failing samples : 0",AddContact 1-4,,true,,2477,1277,15,30,65,2935,1
1537443513583,47,Add_ContactAction,200,OK,AddContact 1-5,text,true,,2477,1325,15,30,47,0,1
1537443509892,47,Add_ContactAction,200,"Number of samples in transaction : 2, number of failing samples : 0",AddContact 1-5,,true,,2477,1325,15,30,47,2935,1
1537443514099,27,Del_Contact,200,OK,DeleteContact 2-8,text,true,,2484,510,15,30,27,0,1
1537443511173,27,Del_Contact,200,"Number of samples in transaction : 2, number of failing samples : 0",DeleteContact 2-8,,true,,2484,510,15,30,27,2926,1
1537443514253,66,Del_MainPage,200,OK,DeleteContact 2-2,text,true,,20736,446,15,30,65,0,1
1537443513268,66,Del_MainPage,200,"Number of samples in transaction : 2, number of failing samples : 0",DeleteContact 2-2,,true,,20736,446,15,30,65,988,1
1537443514254,83,Del_MainPage,200,OK,DeleteContact 2-14,text,true,,20736,446,15,30,82,0,1
1537443513268,83,Del_MainPage,200,"Number of samples in transaction : 2, number of failing samples : 0",DeleteContact 2-14,,true,,20736,446,15,30,82,989,1
1537443514500,38,Add_ContactForm,200,OK,AddContact 1-8,text,true,,3239,474,15,30,38,0,0
1537443513519,38,Add_ContactForm,200,"Number of samples in transaction : 2, number of failing samples : 0",AddContact 1-8,,true,,3239,474,15,30,38,981,0
1537443514520,20,Add_ContactForm,200,OK,AddContact 1-9,text,true,,3239,474,15,30,20,0,0
1537443513542,20,Add_ContactForm,200,"Number of samples in transaction : 2, number of failing samples : 0",AddContact 1-9,,true,,3239,474,15,30,20,978,0
1537443514576,14,Add_ContactForm,200,OK,AddContact 1-7,text,true,,3239,474,15,30,14,0,0
1537443513605,14,Add_ContactForm,200,"Number of samples in transaction : 2, number of failing samples : 0",AddContact 1-7,,true,,3239,474,15,30,14,971,0
1537443514639,37,Del_Contact,200,OK,DeleteContact 2-9,text,true,,2484,510,15,30,37,0,0
1537443511707,37,Del_Contact,200,"Number of samples in transaction : 2, number of failing samples : 0",DeleteContact 2-9,,true,,2484,510,15,30,37,2932,0
1537443514730,36,Del_Contact,200,OK,DeleteContact 2-10,text,true,,2484,510,15,30,36,0,8
1537443511792,36,Del_Contact,200,"Number of samples in transaction : 2, number of failing samples : 0",DeleteContact 2-10,,true,,2484,510,15,30,36,2938,8
1537443514920,23,Del_Contact,200,OK,DeleteContact 2-11,text,true,,2490,510,15,30,23,0,0
1537443511989,23,Del_Contact,200,"Number of samples in transaction : 2, number of failing samples : 0",DeleteContact 2-11,,true,,2490,510,15,30,23,2931,0
1537443514900,47,Del_Contact,200,OK,DeleteContact 2-12,text,true,,2484,510,15,30,47,0,0
1537443511969,47,Del_Contact,200,"Number of samples in transaction : 2, number of failing samples : 0",DeleteContact 2-12,,true,,2484,510,15,30,47,2931,0
1537443517733,111,Add_ContactAction,200,OK,AddContact 1-6,text,true,,2477,1193,15,30,111,0,1
1537443513505,111,Add_ContactAction,200,"Number of samples in transaction : 2, number of failing samples : 0",AddContact 1-6,,true,,2477,1193,15,30,111,2949,1
1537443517752,96,Del_MainPage,200,OK,DeleteContact 2-1,text,true,,20212,446,15,30,95,0,0
1537443515485,96,Del_MainPage,200,"Number of samples in transaction : 2, number of failing samples : 0",DeleteContact 2-1,,true,,20212,446,15,30,95,991,0
1537443517765,90,Del_MainPage,200,OK,DeleteContact 2-15,text,true,,20212,446,15,30,90,0,1
1537443515499,90,Del_MainPage,200,"Number of samples in transaction : 2, number of failing samples : 0",DeleteContact 2-15,,true,,20212,446,15,30,90,990,1
1537443517766,95,Del_MainPage,200,OK,DeleteContact 2-4,text,true,,20212,446,15,30,95,0,0
1537443515499,95,Del_MainPage,200,"Number of samples in transaction : 2, number of failing samples : 0",DeleteContact 2-4,,true,,20212,446,15,30,95,991,0
1537443517766,102,Del_MainPage,200,OK,DeleteContact 2-3,text,true,,20212,446,15,30,101,0,1
1537443515499,102,Del_MainPage,200,"Number of samples in transaction : 2, number of failing samples : 0",DeleteContact 2-3,,true,,20212,446,15,30,101,991,1
1537443517840,45,Del_Contact,200,OK,DeleteContact 2-13,text,true,,2484,510,15,30,45,0,0
1537443513617,45,Del_Contact,200,"Number of samples in transaction : 2, number of failing samples : 0",DeleteContact 2-13,,true,,2484,510,15,30,45,2944,0
1537443518194,60,Add_MainPage,200,OK,AddContact 1-11,text,true,,20140,446,15,30,59,0,0
1537443517209,60,Add_MainPage,200,"Number of samples in transaction : 2, number of failing samples : 0",AddContact 1-11,,true,,20140,446,15,30,59,985,0
1537443518194,76,Add_MainPage,200,OK,AddContact 1-10,text,true,,20140,446,15,30,75,0,1
1537443517209,76,Add_MainPage,200,"Number of samples in transaction : 2, number of failing samples : 0",AddContact 1-10,,true,,20140,446,15,30,75,985,1
1537443518533,48,Del_ContactFrom,200,OK,DeleteContact 2-2,text,true,,3382,481,15,30,48,0,1
1537443514322,48,Del_ContactFrom,200,"Number of samples in transaction : 2, number of failing samples : 0",DeleteContact 2-2,,true,,3382,481,15,30,48,2932,1
1537443518554,29,Del_ContactFrom,200,OK,DeleteContact 2-14,text,true,,3293,481,15,30,29,0,1
1537443514340,29,Del_ContactFrom,200,"Number of samples in transaction : 2, number of failing samples : 0",DeleteContact 2-14,,true,,3293,481,15,30,29,2935,1
1537443518749,57,Add_ContactAction,200,OK,AddContact 1-8,text,true,,2477,1505,15,30,57,0,0
1537443514538,57,Add_ContactAction,200,"Number of samples in transaction : 2, number of failing samples : 0",AddContact 1-8,,true,,2477,1505,15,30,57,2932,0
1537443518750,60,Add_ContactAction,200,OK,AddContact 1-9,text,true,,2477,1644,15,30,60,0,0
1537443514540,60,Add_ContactAction,200,"Number of samples in transaction : 2, number of failing samples : 0",AddContact 1-9,,true,,2477,1644,15,30,60,2931,0
1537443518794,20,Add_ContactAction,200,OK,AddContact 1-7,text,true,,2477,1740,15,30,20,0,0
1537443514590,20,Add_ContactAction,200,"Number of samples in transaction : 2, number of failing samples : 0",AddContact 1-7,,true,,2477,1740,15,30,20,2925,0
1537443519210,45,Add_ContactForm,200,OK,AddContact 1-11,text,true,,3239,474,15,30,45,0,0
1537443518254,45,Add_ContactForm,200,"Number of samples in transaction : 2, number of failing samples : 0",AddContact 1-11,,true,,3239,474,15,30,45,956,0
1537443519228,29,Add_ContactForm,200,OK,AddContact 1-10,text,true,,3239,474,15,30,29,0,0
1537443518270,29,Add_ContactForm,200,"Number of samples in transaction : 2, number of failing samples : 0",AddContact 1-10,,true,,3239,474,15,30,29,959,0
1537443519242,42,Del_MainPage,200,OK,DeleteContact 2-5,text,true,,20792,446,15,30,41,0,0
1537443518271,42,Del_MainPage,200,"Number of samples in transaction : 2, number of failing samples : 0",DeleteContact 2-5,,true,,20792,446,15,30,41,977,0
1537443519395,67,Del_MainPage,200,OK,DeleteContact 2-6,text,true,,20792,446,15,30,67,0,0
1537443518425,67,Del_MainPage,200,"Number of samples in transaction : 2, number of failing samples : 0",DeleteContact 2-6,,true,,20792,446,15,30,67,973,0
1537443519396,73,Del_MainPage,200,OK,DeleteContact 2-7,text,true,,20792,446,15,30,72,0,0
1537443518425,73,Del_MainPage,200,"Number of samples in transaction : 2, number of failing samples : 0",DeleteContact 2-7,,true,,20792,446,15,30,72,973,0
1537443519440,46,Add_MainPage,200,OK,AddContact 1-14,text,true,,20792,446,15,30,44,0,1
1537443518471,46,Add_MainPage,200,"Number of samples in transaction : 2, number of failing samples : 0",AddContact 1-14,,true,,20792,446,15,30,44,969,1
1537443519718,65,Add_MainPage,200,OK,AddContact 1-13,text,true,,20792,446,15,30,65,0,1
1537443518748,65,Add_MainPage,200,"Number of samples in transaction : 2, number of failing samples : 0",AddContact 1-13,,true,,20792,446,15,30,65,971,1
1537443519719,68,Add_MainPage,200,OK,AddContact 1-12,text,true,,20792,446,15,30,67,0,1
1537443518748,68,Add_MainPage,200,"Number of samples in transaction : 2, number of failing samples : 0",AddContact 1-12,,true,,20792,446,15,30,67,972,1
1537443520457,25,Add_ContactForm,200,OK,AddContact 1-14,text,true,,3239,474,15,30,24,0,0
1537443519486,25,Add_ContactForm,200,"Number of samples in transaction : 2, number of failing samples : 0",AddContact 1-14,,true,,3239,474,15,30,24,971,0
1537443520765,77,Add_ContactForm,200,OK,AddContact 1-13,text,true,,3239,474,15,30,77,0,0
1537443519784,77,Add_ContactForm,200,"Number of samples in transaction : 2, number of failing samples : 0",AddContact 1-13,,true,,3239,474,15,30,77,981,0
1537443520765,79,Add_ContactForm,200,OK,AddContact 1-12,text,true,,3239,474,15,30,79,0,0
1537443519788,79,Add_ContactForm,200,"Number of samples in transaction : 2, number of failing samples : 0",AddContact 1-12,,true,,3239,474,15,30,79,977,0
1537443520766,88,Del_ContactFrom,200,OK,DeleteContact 2-1,text,true,,3312,481,15,30,88,0,0
1537443517851,88,Del_ContactFrom,200,"Number of samples in transaction : 2, number of failing samples : 0",DeleteContact 2-1,,true,,3312,481,15,30,88,2915,0
1537443520799,57,Del_ContactFrom,200,OK,DeleteContact 2-15,text,true,,3355,481,15,30,57,0,1
1537443517858,57,Del_ContactFrom,200,"Number of samples in transaction : 2, number of failing samples : 0",DeleteContact 2-15,,true,,3355,481,15,30,57,2941,1
1537443520800,58,Del_ContactFrom,200,OK,DeleteContact 2-4,text,true,,3385,481,15,30,58,0,0
1537443517864,58,Del_ContactFrom,200,"Number of samples in transaction : 2, number of failing samples : 0",DeleteContact 2-4,,true,,3385,481,15,30,58,2936,0
1537443520800,60,Del_ContactFrom,200,OK,DeleteContact 2-3,text,true,,3408,481,15,30,60,0,1
1537443517871,60,Del_ContactFrom,200,"Number of samples in transaction : 2, number of failing samples : 0",DeleteContact 2-3,,true,,3408,481,15,30,60,2929,1
1537443520887,25,Add_MainPage,200,OK,AddContact 1-1,text,true,,20792,446,15,30,24,0,0
1537443519902,25,Add_MainPage,200,"Number of samples in transaction : 2, number of failing samples : 0",AddContact 1-1,,true,,20792,446,15,30,24,985,0
1537443521272,34,Del_MainPage,200,OK,DeleteContact 2-8,text,true,,20792,446,15,30,33,0,0
1537443520287,34,Del_MainPage,200,"Number of samples in transaction : 2, number of failing samples : 0",DeleteContact 2-8,,true,,20792,446,15,30,33,988,0
1537443521504,61,Del_Contact,200,OK,DeleteContact 2-14,text,true,,2484,510,15,30,61,0,0
1537443518583,61,Del_Contact,200,"Number of samples in transaction : 2, number of failing samples : 0",DeleteContact 2-14,,true,,2484,510,15,30,61,2921,0
1537443521503,65,Del_Contact,200,OK,DeleteContact 2-2,text,true,,2484,510,15,30,65,0,0
1537443518581,65,Del_Contact,200,"Number of samples in transaction : 2, number of failing samples : 0",DeleteContact 2-2,,true,,2484,510,15,30,65,2922,0
1537443523144,33,Del_MainPage,200,OK,DeleteContact 2-9,text,true,,20578,446,15,30,31,0,1
1537443520841,33,Del_MainPage,200,"Number of samples in transaction : 2, number of failing samples : 0",DeleteContact 2-9,,true,,20578,446,15,30,31,975,1
1537443523218,37,Add_ContactForm,200,OK,AddContact 1-1,text,true,,3239,474,15,30,37,0,0
1537443520912,37,Add_ContactForm,200,"Number of samples in transaction : 2, number of failing samples : 0",AddContact 1-1,,true,,3239,474,15,30,37,976,0
1537443523235,32,Del_MainPage,200,OK,DeleteContact 2-10,text,true,,20578,446,15,30,31,0,1
1537443520918,32,Del_MainPage,200,"Number of samples in transaction : 2, number of failing samples : 0",DeleteContact 2-10,,true,,20578,446,15,30,31,989,1
1537443523403,56,Del_MainPage,200,OK,DeleteContact 2-11,text,true,,20578,446,15,30,55,0,1
1537443521087,56,Del_MainPage,200,"Number of samples in transaction : 2, number of failing samples : 0",DeleteContact 2-11,,true,,20578,446,15,30,55,987,1
1537443523419,46,Del_MainPage,200,OK,DeleteContact 2-12,text,true,,20578,446,15,30,45,0,0
1537443521103,46,Del_MainPage,200,"Number of samples in transaction : 2, number of failing samples : 0",DeleteContact 2-12,,true,,20578,446,15,30,45,988,0
1537443523513,61,Add_ContactAction,200,OK,AddContact 1-11,text,true,,2477,1127,15,30,61,0,0
1537443519255,61,Add_ContactAction,200,"Number of samples in transaction : 2, number of failing samples : 0",AddContact 1-11,,true,,2477,1127,15,30,61,2927,0
1537443523532,44,Add_ContactAction,200,OK,AddContact 1-10,text,true,,2477,1644,15,30,44,0,1
1537443519258,44,Add_ContactAction,200,"Number of samples in transaction : 2, number of failing samples : 0",AddContact 1-10,,true,,2477,1644,15,30,44,2943,1
1537443523557,21,Del_ContactFrom,200,OK,DeleteContact 2-5,text,true,,3435,481,15,30,21,0,1
1537443519290,21,Del_ContactFrom,200,"Number of samples in transaction : 2, number of failing samples : 0",DeleteContact 2-5,,true,,3435,481,15,30,21,2936,1
1537443523726,47,Del_ContactFrom,200,OK,DeleteContact 2-6,text,true,,3436,481,15,30,47,0,1
1537443519465,47,Del_ContactFrom,200,"Number of samples in transaction : 2, number of failing samples : 0",DeleteContact 2-6,,true,,3436,481,15,30,47,2930,1
1537443523746,29,Del_ContactFrom,200,OK,DeleteContact 2-7,text,true,,3382,481,15,30,29,0,0
1537443519471,29,Del_ContactFrom,200,"Number of samples in transaction : 2, number of failing samples : 0",DeleteContact 2-7,,true,,3382,481,15,30,29,2944,0
1537443523757,33,Add_MainPage,200,OK,AddContact 1-3,text,true,,20916,446,15,30,32,0,1
1537443521441,33,Add_MainPage,200,"Number of samples in transaction : 2, number of failing samples : 0",AddContact 1-3,,true,,20916,446,15,30,32,985,1
1537443524050,94,Add_MainPage,200,OK,AddContact 1-15,text,true,,20916,446,15,30,93,0,0
1537443521733,94,Add_MainPage,200,"Number of samples in transaction : 2, number of failing samples : 0",AddContact 1-15,,true,,20916,446,15,30,93,986,0
1537443524065,83,Add_MainPage,200,OK,AddContact 1-2,text,true,,20916,446,15,30,82,0,0
1537443521749,83,Add_MainPage,200,"Number of samples in transaction : 2, number of failing samples : 0",AddContact 1-2,,true,,20916,446,15,30,82,985,0
1537443524070,82,Add_MainPage,200,OK,AddContact 1-5,text,true,,20916,446,15,30,81,0,1
1537443521749,82,Add_MainPage,200,"Number of samples in transaction : 2, number of failing samples : 0",AddContact 1-5,,true,,20916,446,15,30,81,990,1
1537443524071,85,Add_MainPage,200,OK,AddContact 1-4,text,true,,20916,446,15,30,84,0,1
1537443521749,85,Add_MainPage,200,"Number of samples in transaction : 2, number of failing samples : 0",AddContact 1-4,,true,,20916,446,15,30,84,991,1
1537443524742,52,Add_ContactAction,200,OK,AddContact 1-14,text,true,,2477,1331,15,30,52,0,1
1537443520482,52,Add_ContactAction,200,"Number of samples in transaction : 2, number of failing samples : 0",AddContact 1-14,,true,,2477,1331,15,30,52,2930,1
1537443524773,29,Add_ContactForm,200,OK,AddContact 1-3,text,true,,3239,474,15,30,29,0,0
1537443523790,29,Add_ContactForm,200,"Number of samples in transaction : 2, number of failing samples : 0",AddContact 1-3,,true,,3239,474,15,30,29,983,0
1537443525065,45,Del_MainPage,200,OK,DeleteContact 2-13,text,true,,21058,446,15,30,43,0,1
1537443524080,45,Del_MainPage,200,"Number of samples in transaction : 2, number of failing samples : 0",DeleteContact 2-13,,true,,21058,446,15,30,43,988,1
1537443525126,98,Add_ContactForm,200,OK,AddContact 1-15,text,true,,3239,474,15,30,98,0,0
1537443524144,98,Add_ContactForm,200,"Number of samples in transaction : 2, number of failing samples : 0",AddContact 1-15,,true,,3239,474,15,30,98,982,0
1537443525126,100,Add_ContactForm,200,OK,AddContact 1-2,text,true,,3239,474,15,30,100,0,0
1537443524148,100,Add_ContactForm,200,"Number of samples in transaction : 2, number of failing samples : 0",AddContact 1-2,,true,,3239,474,15,30,100,978,0
1537443525151,77,Add_ContactForm,200,OK,AddContact 1-4,text,true,,3239,474,15,30,77,0,0
1537443524156,77,Add_ContactForm,200,"Number of samples in transaction : 2, number of failing samples : 0",AddContact 1-4,,true,,3239,474,15,30,77,995,0
1537443525151,79,Add_ContactForm,200,OK,AddContact 1-5,text,true,,3239,474,15,30,79,0,0
1537443524152,79,Add_ContactForm,200,"Number of samples in transaction : 2, number of failing samples : 0",AddContact 1-5,,true,,3239,474,15,30,79,999,0
1537443525113,124,Add_ContactAction,200,OK,AddContact 1-13,text,true,,2477,1517,15,30,124,0,0
1537443520842,124,Add_ContactAction,200,"Number of samples in transaction : 2, number of failing samples : 0",AddContact 1-13,,true,,2477,1517,15,30,124,2940,0
1537443525152,96,Del_Contact,200,OK,DeleteContact 2-3,text,true,,2484,510,15,30,96,0,0
1537443520860,96,Del_Contact,200,"Number of samples in transaction : 2, number of failing samples : 0",DeleteContact 2-3,,true,,2484,510,15,30,96,2962,0
1537443525114,142,Add_ContactAction,200,OK,AddContact 1-12,text,true,,2477,1614,15,30,142,0,0
1537443520844,142,Add_ContactAction,200,"Number of samples in transaction : 2, number of failing samples : 0",AddContact 1-12,,true,,2477,1614,15,30,142,2939,0
1537443525151,107,Del_Contact,200,OK,DeleteContact 2-4,text,true,,2484,510,15,30,107,0,1
1537443520858,107,Del_Contact,200,"Number of samples in transaction : 2, number of failing samples : 0",DeleteContact 2-4,,true,,2484,510,15,30,107,2962,1
1537443525114,145,Del_Contact,200,OK,DeleteContact 2-1,text,true,,2483,510,15,30,145,0,0
1537443520854,145,Del_Contact,200,"Number of samples in transaction : 2, number of failing samples : 0",DeleteContact 2-1,,true,,2483,510,15,30,145,2929,0
1537443525114,147,Del_Contact,200,OK,DeleteContact 2-15,text,true,,2484,510,15,30,147,0,1
1537443520856,147,Del_Contact,200,"Number of samples in transaction : 2, number of failing samples : 0",DeleteContact 2-15,,true,,2484,510,15,30,147,2927,1
1537443525573,30,Del_ContactFrom,200,OK,DeleteContact 2-8,text,true,,3402,481,15,30,30,0,1
1537443521309,30,Del_ContactFrom,200,"Number of samples in transaction : 2, number of failing samples : 0",DeleteContact 2-8,,true,,3402,481,15,30,30,2933,1
1537443526112,26,Del_ContactFrom,200,OK,DeleteContact 2-9,text,true,,3381,481,15,30,25,0,1
1537443523180,26,Del_ContactFrom,200,"Number of samples in transaction : 2, number of failing samples : 0",DeleteContact 2-9,,true,,3381,481,15,30,25,2932,1
1537443526204,21,Del_ContactFrom,200,OK,DeleteContact 2-10,text,true,,3403,481,15,30,21,0,0
1537443523270,21,Del_ContactFrom,200,"Number of samples in transaction : 2, number of failing samples : 0",DeleteContact 2-10,,true,,3403,481,15,30,21,2934,0
1537443526189,38,Add_ContactAction,200,OK,AddContact 1-1,text,true,,2477,1199,15,30,38,0,0
1537443523256,38,Add_ContactAction,200,"Number of samples in transaction : 2, number of failing samples : 0",AddContact 1-1,,true,,2477,1199,15,30,38,2934,0
1537443526389,18,Del_ContactFrom,200,OK,DeleteContact 2-11,text,true,,3278,481,15,30,18,0,0
1537443523461,18,Del_ContactFrom,200,"Number of samples in transaction : 2, number of failing samples : 0",DeleteContact 2-11,,true,,3278,481,15,30,18,2928,0
1537443526405,16,Del_ContactFrom,200,OK,DeleteContact 2-12,text,true,,3396,481,15,30,16,0,0
1537443523468,16,Del_ContactFrom,200,"Number of samples in transaction : 2, number of failing samples : 0",DeleteContact 2-12,,true,,3396,481,15,30,16,2937,0
1537443526512,18,Del_Contact,200,OK,DeleteContact 2-5,text,true,,2484,510,15,30,18,0,1
1537443523578,18,Del_Contact,200,"Number of samples in transaction : 2, number of failing samples : 0",DeleteContact 2-5,,true,,2484,510,15,30,18,2934,1
1537443526714,60,Del_Contact,200,OK,DeleteContact 2-7,text,true,,2484,510,15,30,60,0,2
1537443523775,60,Del_Contact,200,"Number of samples in transaction : 2, number of failing samples : 0",DeleteContact 2-7,,true,,2484,510,15,30,60,2940,2
1537443526713,69,Del_Contact,200,OK,DeleteContact 2-6,text,true,,2484,510,15,30,69,0,1
1537443523773,69,Del_Contact,200,"Number of samples in transaction : 2, number of failing samples : 0",DeleteContact 2-6,,true,,2484,510,15,30,69,2940,1
1537443526989,35,Add_MainPage,200,OK,AddContact 1-6,text,true,,20052,446,15,30,34,0,1
1537443526004,35,Add_MainPage,200,"Number of samples in transaction : 2, number of failing samples : 0",AddContact 1-6,,true,,20052,446,15,30,34,986,1
1537443527728,32,Add_ContactAction,200,OK,AddContact 1-3,text,true,,2477,1445,15,30,32,0,1
1537443524802,32,Add_ContactAction,200,"Number of samples in transaction : 2, number of failing samples : 0",AddContact 1-3,,true,,2477,1445,15,30,32,2926,1
1537443527942,87,Add_MainPage,200,OK,AddContact 1-8,text,true,,20239,446,15,30,86,0,1
1537443526957,87,Add_MainPage,200,"Number of samples in transaction : 2, number of failing samples : 0",AddContact 1-8,,true,,20239,446,15,30,86,985,1
1537443527961,72,Add_MainPage,200,OK,AddContact 1-7,text,true,,20239,446,15,30,71,0,0
1537443526973,72,Add_MainPage,200,"Number of samples in transaction : 2, number of failing samples : 0",AddContact 1-7,,true,,20239,446,15,30,71,988,0
1537443527962,74,Add_MainPage,200,OK,AddContact 1-9,text,true,,20239,446,15,30,74,0,0
1537443526974,74,Add_MainPage,200,"Number of samples in transaction : 2, number of failing samples : 0",AddContact 1-9,,true,,20239,446,15,30,74,993,0
1537443528009,36,Add_ContactForm,200,OK,AddContact 1-6,text,true,,3239,474,15,30,36,0,0
1537443527025,36,Add_ContactForm,200,"Number of samples in transaction : 2, number of failing samples : 0",AddContact 1-6,,true,,3239,474,15,30,36,984,0
1537443528760,15,Del_ContactFrom,200,OK,DeleteContact 2-13,text,true,,3307,481,15,30,15,0,0
1537443525113,15,Del_ContactFrom,200,"Number of samples in transaction : 2, number of failing samples : 0",DeleteContact 2-13,,true,,3307,481,15,30,15,2938,0
1537443528866,62,Add_ContactAction,200,OK,AddContact 1-15,text,true,,2477,1680,15,30,62,0,1
1537443525224,62,Add_ContactAction,200,"Number of samples in transaction : 2, number of failing samples : 0",AddContact 1-15,,true,,2477,1680,15,30,62,2933,1
1537443528868,68,Add_ContactAction,200,OK,AddContact 1-2,text,true,,2477,1295,15,30,68,0,0
1537443525226,68,Add_ContactAction,200,"Number of samples in transaction : 2, number of failing samples : 0",AddContact 1-2,,true,,2477,1295,15,30,68,2933,0
1537443528869,70,Add_ContactAction,200,OK,AddContact 1-4,text,true,,2477,1656,15,30,70,0,0
1537443525228,70,Add_ContactAction,200,"Number of samples in transaction : 2, number of failing samples : 0",AddContact 1-4,,true,,2477,1656,15,30,70,2932,0
1537443528870,73,Add_ContactAction,200,OK,AddContact 1-5,text,true,,2477,1487,15,30,73,0,0
1537443525230,73,Add_ContactAction,200,"Number of samples in transaction : 2, number of failing samples : 0",AddContact 1-5,,true,,2477,1487,15,30,73,2931,0
1537443529238,25,Del_Contact,200,OK,DeleteContact 2-8,text,true,,2484,510,15,30,25,0,0
1537443525603,25,Del_Contact,200,"Number of samples in transaction : 2, number of failing samples : 0",DeleteContact 2-8,,true,,2484,510,15,30,25,2926,0
1537443529499,50,Del_MainPage,200,OK,DeleteContact 2-14,text,true,,20813,446,15,30,49,0,1
1537443527804,50,Del_MainPage,200,"Number of samples in transaction : 2, number of failing samples : 0",DeleteContact 2-14,,true,,20813,446,15,30,49,989,1
1537443529500,55,Del_MainPage,200,OK,DeleteContact 2-2,text,true,,20813,446,15,30,54,0,0
1537443527804,55,Del_MainPage,200,"Number of samples in transaction : 2, number of failing samples : 0",DeleteContact 2-2,,true,,20813,446,15,30,54,990,0
1537443529714,52,Add_ContactForm,200,OK,AddContact 1-8,text,true,,3239,474,15,30,52,0,0
1537443528738,52,Add_ContactForm,200,"Number of samples in transaction : 2, number of failing samples : 0",AddContact 1-8,,true,,3239,474,15,30,52,976,0
1537443529714,54,Add_ContactForm,200,OK,AddContact 1-7,text,true,,3239,474,15,30,54,0,0
1537443528742,54,Add_ContactForm,200,"Number of samples in transaction : 2, number of failing samples : 0",AddContact 1-7,,true,,3239,474,15,30,54,972,0
1537443529749,21,Add_ContactForm,200,OK,AddContact 1-9,text,true,,3239,474,15,30,21,0,0
1537443528750,21,Add_ContactForm,200,"Number of samples in transaction : 2, number of failing samples : 0",AddContact 1-9,,true,,3239,474,15,30,21,999,0
1537443529775,15,Del_Contact,200,OK,DeleteContact 2-9,text,true,,2484,510,15,30,15,0,0
1537443526138,15,Del_Contact,200,"Number of samples in transaction : 2, number of failing samples : 0",DeleteContact 2-9,,true,,2484,510,15,30,15,2928,0
1537443529868,16,Del_Contact,200,OK,DeleteContact 2-10,text,true,,2484,510,15,30,16,0,1
1537443526225,16,Del_Contact,200,"Number of samples in transaction : 2, number of failing samples : 0",DeleteContact 2-10,,true,,2484,510,15,30,16,2934,1
1537443530070,18,Del_Contact,200,OK,DeleteContact 2-12,text,true,,2484,510,15,30,18,0,1
1537443526421,18,Del_Contact,200,"Number of samples in transaction : 2, number of failing samples : 0",DeleteContact 2-12,,true,,2484,510,15,30,18,2940,1
1537443530053,41,Del_Contact,200,OK,DeleteContact 2-11,text,true,,2484,510,15,30,41,0,0
1537443526407,41,Del_Contact,200,"Number of samples in transaction : 2, number of failing samples : 0",DeleteContact 2-11,,true,,2484,510,15,30,41,2937,0
1537443531684,15,Add_ContactAction,200,OK,AddContact 1-6,text,true,,2477,1349,15,30,15,0,1
1537443528754,15,Add_ContactAction,200,"Number of samples in transaction : 2, number of failing samples : 0",AddContact 1-6,,true,,2477,1349,15,30,15,2930,1
1537443531715,17,Del_Contact,200,OK,DeleteContact 2-13,text,true,,2484,510,15,30,17,0,0
1537443528775,17,Del_Contact,200,"Number of samples in transaction : 2, number of failing samples : 0",DeleteContact 2-13,,true,,2484,510,15,30,17,2940,0
1537443531840,78,Del_MainPage,200,OK,DeleteContact 2-4,text,true,,20084,446,15,30,77,0,0
1537443530864,78,Del_MainPage,200,"Number of samples in transaction : 2, number of failing samples : 0",DeleteContact 2-4,,true,,20084,446,15,30,77,978,0
1537443531839,73,Del_MainPage,200,OK,DeleteContact 2-3,text,true,,20084,446,15,30,73,0,1
1537443530848,73,Del_MainPage,200,"Number of samples in transaction : 2, number of failing samples : 0",DeleteContact 2-3,,true,,20084,446,15,30,73,1002,1
1537443531840,116,Del_MainPage,200,OK,DeleteContact 2-1,text,true,,20084,446,15,30,115,0,1
1537443530864,116,Del_MainPage,200,"Number of samples in transaction : 2, number of failing samples : 0",DeleteContact 2-1,,true,,20084,446,15,30,115,978,1
1537443531841,121,Del_MainPage,200,OK,DeleteContact 2-15,text,true,,20084,446,15,30,120,0,0
1537443530864,121,Del_MainPage,200,"Number of samples in transaction : 2, number of failing samples : 0",DeleteContact 2-15,,true,,20084,446,15,30,120,980,0
1537443532129,71,Add_MainPage,200,OK,AddContact 1-11,text,true,,20084,446,15,30,71,0,1
1537443531145,71,Add_MainPage,200,"Number of samples in transaction : 2, number of failing samples : 0",AddContact 1-11,,true,,20084,446,15,30,71,985,1
1537443532130,82,Add_MainPage,200,OK,AddContact 1-10,text,true,,20084,446,15,30,81,0,1
1537443531145,82,Add_MainPage,200,"Number of samples in transaction : 2, number of failing samples : 0",AddContact 1-10,,true,,20084,446,15,30,81,985,1
1537443532484,46,Del_ContactFrom,200,OK,DeleteContact 2-14,text,true,,3323,481,15,30,46,0,0
1537443529552,46,Del_ContactFrom,200,"Number of samples in transaction : 2, number of failing samples : 0",DeleteContact 2-14,,true,,3323,481,15,30,46,2933,0
1537443532485,49,Del_ContactFrom,200,OK,DeleteContact 2-2,text,true,,3319,481,15,30,49,0,0
1537443529558,49,Del_ContactFrom,200,"Number of samples in transaction : 2, number of failing samples : 0",DeleteContact 2-2,,true,,3319,481,15,30,49,2927,0
1537443532699,59,Add_ContactAction,200,OK,AddContact 1-8,text,true,,2477,1163,15,30,59,0,1
1537443529766,59,Add_ContactAction,200,"Number of samples in transaction : 2, number of failing samples : 0",AddContact 1-8,,true,,2477,1163,15,30,59,2933,1
1537443532700,61,Add_ContactAction,200,OK,AddContact 1-7,text,true,,2477,1583,15,30,61,0,1
1537443529768,61,Add_ContactAction,200,"Number of samples in transaction : 2, number of failing samples : 0",AddContact 1-7,,true,,2477,1583,15,30,61,2932,1
1537443532701,62,Add_ContactAction,200,OK,AddContact 1-9,text,true,,2477,1289,15,30,62,0,1
1537443529770,62,Add_ContactAction,200,"Number of samples in transaction : 2, number of failing samples : 0",AddContact 1-9,,true,,2477,1289,15,30,62,2931,1
1537443533114,36,Del_MainPage,200,OK,DeleteContact 2-5,text,true,,20545,446,15,30,34,0,1
1537443532129,36,Del_MainPage,200,"Number of samples in transaction : 2, number of failing samples : 0",DeleteContact 2-5,,true,,20545,446,15,30,34,989,1
1537443533176,13,Add_ContactForm,200,OK,AddContact 1-11,text,true,,3239,474,15,30,13,0,0
1537443532201,13,Add_ContactForm,200,"Number of samples in transaction : 2, number of failing samples : 0",AddContact 1-11,,true,,3239,474,15,30,13,975,0
1537443533192,12,Add_ContactForm,200,OK,AddContact 1-10,text,true,,3239,474,15,30,12,0,0
1537443532212,12,Add_ContactForm,200,"Number of samples in transaction : 2, number of failing samples : 0",AddContact 1-10,,true,,3239,474,15,30,12,981,0
1537443533330,38,Add_MainPage,200,OK,AddContact 1-14,text,true,,20545,446,15,30,37,0,1
1537443532346,38,Add_MainPage,200,"Number of samples in transaction : 2, number of failing samples : 0",AddContact 1-14,,true,,20545,446,15,30,37,985,1
1537443533364,37,Del_MainPage,200,OK,DeleteContact 2-7,text,true,,20545,446,15,30,36,0,0
1537443532376,37,Del_MainPage,200,"Number of samples in transaction : 2, number of failing samples : 0",DeleteContact 2-7,,true,,20545,446,15,30,36,991,0
1537443533364,54,Del_MainPage,200,OK,DeleteContact 2-6,text,true,,20545,446,15,30,53,0,1
1537443532376,54,Del_MainPage,200,"Number of samples in transaction : 2, number of failing samples : 0",DeleteContact 2-6,,true,,20545,446,15,30,53,990,1
1537443534500,58,Add_MainPage,200,OK,AddContact 1-13,text,true,,20545,446,15,30,58,0,1
1537443532807,58,Add_MainPage,200,"Number of samples in transaction : 2, number of failing samples : 0",AddContact 1-13,,true,,20545,446,15,30,58,985,1
1537443534518,44,Add_MainPage,200,OK,AddContact 1-12,text,true,,20545,446,15,30,43,0,1
1537443532822,44,Add_MainPage,200,"Number of samples in transaction : 2, number of failing samples : 0",AddContact 1-12,,true,,20545,446,15,30,43,988,1
1537443535054,24,Add_ContactForm,200,OK,AddContact 1-14,text,true,,3239,474,15,30,24,0,0
1537443533369,24,Add_ContactForm,200,"Number of samples in transaction : 2, number of failing samples : 0",AddContact 1-14,,true,,3239,474,15,30,24,978,0
1537443535469,42,Add_MainPage,200,OK,AddContact 1-1,text,true,,20545,446,15,30,41,0,1
1537443534484,42,Add_MainPage,200,"Number of samples in transaction : 2, number of failing samples : 0",AddContact 1-1,,true,,20545,446,15,30,41,985,1
1537443535525,12,Add_ContactForm,200,OK,AddContact 1-13,text,true,,3239,474,15,30,12,0,0
1537443534558,12,Add_ContactForm,200,"Number of samples in transaction : 2, number of failing samples : 0",AddContact 1-13,,true,,3239,474,15,30,12,968,0
1537443535547,12,Add_ContactForm,200,OK,AddContact 1-12,text,true,,3239,474,15,30,12,0,0
1537443534562,12,Add_ContactForm,200,"Number of samples in transaction : 2, number of failing samples : 0",AddContact 1-12,,true,,3239,474,15,30,12,985,0
1537443535561,25,Del_ContactFrom,200,OK,DeleteContact 2-3,text,true,,3300,481,15,30,25,0,1
1537443531923,25,Del_ContactFrom,200,"Number of samples in transaction : 2, number of failing samples : 0",DeleteContact 2-3,,true,,3300,481,15,30,25,2930,1
1537443535562,26,Del_ContactFrom,200,OK,DeleteContact 2-4,text,true,,3305,481,15,30,26,0,0
1537443531920,26,Del_ContactFrom,200,"Number of samples in transaction : 2, number of failing samples : 0",DeleteContact 2-4,,true,,3305,481,15,30,26,2934,0
1537443535593,33,Del_ContactFrom,200,OK,DeleteContact 2-1,text,true,,3413,481,15,30,33,0,0
1537443531958,33,Del_ContactFrom,200,"Number of samples in transaction : 2, number of failing samples : 0",DeleteContact 2-1,,true,,3413,481,15,30,33,2928,0
1537443535595,35,Del_ContactFrom,200,OK,DeleteContact 2-15,text,true,,3314,481,15,30,34,0,0
1537443531965,35,Del_ContactFrom,200,"Number of samples in transaction : 2, number of failing samples : 0",DeleteContact 2-15,,true,,3314,481,15,30,34,2922,0
1537443535828,39,Del_MainPage,200,OK,DeleteContact 2-8,text,true,,20545,446,15,30,37,0,0
1537443534854,39,Del_MainPage,200,"Number of samples in transaction : 2, number of failing samples : 0",DeleteContact 2-8,,true,,20545,446,15,30,37,977,0
1537443536162,52,Del_Contact,200,OK,DeleteContact 2-14,text,true,,2484,510,15,30,52,0,1
1537443532531,52,Del_Contact,200,"Number of samples in transaction : 2, number of failing samples : 0",DeleteContact 2-14,,true,,2484,510,15,30,52,2924,1
1537443536163,55,Del_Contact,200,OK,DeleteContact 2-2,text,true,,2484,510,15,30,55,0,1
1537443532534,55,Del_Contact,200,"Number of samples in transaction : 2, number of failing samples : 0",DeleteContact 2-2,,true,,2484,510,15,30,55,2921,1
1537443536347,34,Del_MainPage,200,OK,DeleteContact 2-9,text,true,,20267,446,15,30,33,0,0
1537443535378,34,Del_MainPage,200,"Number of samples in transaction : 2, number of failing samples : 0",DeleteContact 2-9,,true,,20267,446,15,30,33,972,0
1537443536470,26,Add_ContactForm,200,OK,AddContact 1-1,text,true,,3239,474,15,30,26,0,0
1537443535511,26,Add_ContactForm,200,"Number of samples in transaction : 2, number of failing samples : 0",AddContact 1-1,,true,,3239,474,15,30,26,960,0
1537443536454,60,Del_MainPage,200,OK,DeleteContact 2-10,text,true,,20267,446,15,30,59,0,1
1537443535484,60,Del_MainPage,200,"Number of samples in transaction : 2, number of failing samples : 0",DeleteContact 2-10,,true,,20267,446,15,30,59,973,1
1537443536654,50,Del_MainPage,200,OK,DeleteContact 2-12,text,true,,20267,446,15,30,49,0,1
1537443535670,50,Del_MainPage,200,"Number of samples in transaction : 2, number of failing samples : 0",DeleteContact 2-12,,true,,20267,446,15,30,49,986,1
1537443536655,65,Del_MainPage,200,OK,DeleteContact 2-11,text,true,,20267,446,15,30,64,0,1
1537443535670,65,Del_MainPage,200,"Number of samples in transaction : 2, number of failing samples : 0",DeleteContact 2-11,,true,,20267,446,15,30,64,988,1
1537443536793,21,Del_ContactFrom,200,OK,DeleteContact 2-5,text,true,,3364,481,15,30,21,0,1
1537443533154,21,Del_ContactFrom,200,"Number of samples in transaction : 2, number of failing samples : 0",DeleteContact 2-5,,true,,3364,481,15,30,21,2931,1
1537443536823,15,Add_ContactAction,200,OK,AddContact 1-11,text,true,,2477,1103,15,30,15,0,1
1537443533189,15,Add_ContactAction,200,"Number of samples in transaction : 2, number of failing samples : 0",AddContact 1-11,,true,,2477,1103,15,30,15,2926,1
1537443536838,17,Add_ContactAction,200,OK,AddContact 1-10,text,true,,2477,1289,15,30,17,0,1
1537443533205,17,Add_ContactAction,200,"Number of samples in transaction : 2, number of failing samples : 0",AddContact 1-10,,true,,2477,1289,15,30,17,2925,1
1537443536993,33,Add_MainPage,200,OK,AddContact 1-3,text,true,,20502,446,15,30,32,0,1
1537443536008,33,Add_MainPage,200,"Number of samples in transaction : 2, number of failing samples : 0",AddContact 1-3,,true,,20502,446,15,30,32,986,1
1537443537039,13,Del_ContactFrom,200,OK,DeleteContact 2-7,text,true,,3362,481,15,30,13,0,0
1537443533404,13,Del_ContactFrom,200,"Number of samples in transaction : 2, number of failing samples : 0",DeleteContact 2-7,,true,,3362,481,15,30,13,2927,0
1537443537055,13,Del_ContactFrom,200,OK,DeleteContact 2-6,text,true,,3310,481,15,30,13,0,0
1537443533420,13,Del_ContactFrom,200,"Number of samples in transaction : 2, number of failing samples : 0",DeleteContact 2-6,,true,,3310,481,15,30,13,2928,0
1537443537454,77,Add_MainPage,200,OK,AddContact 1-15,text,true,,20502,446,15,30,76,0,1
1537443536469,77,Add_MainPage,200,"Number of samples in transaction : 2, number of failing samples : 0",AddContact 1-15,,true,,20502,446,15,30,76,986,1
1537443537470,65,Add_MainPage,200,OK,AddContact 1-2,text,true,,20502,446,15,30,64,0,1
1537443536485,65,Add_MainPage,200,"Number of samples in transaction : 2, number of failing samples : 0",AddContact 1-2,,true,,20502,446,15,30,64,986,1
1537443537473,87,Add_MainPage,200,OK,AddContact 1-5,text,true,,20502,446,15,30,86,0,1
1537443536486,87,Add_MainPage,200,"Number of samples in transaction : 2, number of failing samples : 0",AddContact 1-5,,true,,20502,446,15,30,86,987,1
1537443537474,90,Add_MainPage,200,OK,AddContact 1-4,text,true,,20502,446,15,30,88,0,1
1537443536486,90,Add_MainPage,200,"Number of samples in transaction : 2, number of failing samples : 0",AddContact 1-4,,true,,20502,446,15,30,88,988,1
1537443537993,36,Add_ContactForm,200,OK,AddContact 1-3,text,true,,3239,474,15,30,36,0,0
1537443537027,36,Add_ContactForm,200,"Number of samples in transaction : 2, number of failing samples : 0",AddContact 1-3,,true,,3239,474,15,30,36,966,0
1537443537993,41,Add_ContactAction,200,OK,AddContact 1-14,text,true,,2477,1565,15,30,41,0,1
1537443535079,41,Add_ContactAction,200,"Number of samples in transaction : 2, number of failing samples : 0",AddContact 1-14,,true,,2477,1565,15,30,41,2914,1
1537443538286,37,Del_MainPage,200,OK,DeleteContact 2-13,text,true,,20708,446,15,30,36,0,1
1537443537316,37,Del_MainPage,200,"Number of samples in transaction : 2, number of failing samples : 0",DeleteContact 2-13,,true,,20708,446,15,30,36,977,1
1537443538455,132,Add_ContactAction,200,OK,AddContact 1-13,text,true,,2477,1403,15,30,132,0,2
1537443535538,132,Add_ContactAction,200,"Number of samples in transaction : 2, number of failing samples : 0",AddContact 1-13,,true,,2477,1403,15,30,132,2917,2
1537443538474,116,Add_ContactAction,200,OK,AddContact 1-12,text,true,,2477,1493,15,30,116,0,1
1537443535559,116,Add_ContactAction,200,"Number of samples in transaction : 2, number of failing samples : 0",AddContact 1-12,,true,,2477,1493,15,30,116,2916,1
1537443538501,93,Add_ContactForm,200,OK,AddContact 1-15,text,true,,3239,474,15,30,93,0,0
1537443537532,93,Add_ContactForm,200,"Number of samples in transaction : 2, number of failing samples : 0",AddContact 1-15,,true,,3239,474,15,30,93,969,0
1537443538501,97,Add_ContactForm,200,OK,AddContact 1-2,text,true,,3239,474,15,30,97,0,0
1537443537536,97,Add_ContactForm,200,"Number of samples in transaction : 2, number of failing samples : 0",AddContact 1-2,,true,,3239,474,15,30,97,965,0
1537443538528,74,Add_ContactForm,200,OK,AddContact 1-5,text,true,,3239,474,15,30,74,0,0
1537443537560,74,Add_ContactForm,200,"Number of samples in transaction : 2, number of failing samples : 0",AddContact 1-5,,true,,3239,474,15,30,74,968,0
1537443538537,69,Add_ContactForm,200,OK,AddContact 1-4,text,true,,3239,474,15,30,69,0,0
1537443537564,69,Add_ContactForm,200,"Number of samples in transaction : 2, number of failing samples : 0",AddContact 1-4,,true,,3239,474,15,30,69,973,0
1537443538502,145,Del_Contact,200,OK,DeleteContact 2-3,text,true,,2484,510,15,30,145,0,0
1537443535586,145,Del_Contact,200,"Number of samples in transaction : 2, number of failing samples : 0",DeleteContact 2-3,,true,,2484,510,15,30,145,2917,0
1537443538562,92,Del_Contact,200,OK,DeleteContact 2-15,text,true,,2484,510,15,30,92,0,1
1537443535630,92,Del_Contact,200,"Number of samples in transaction : 2, number of failing samples : 0",DeleteContact 2-15,,true,,2484,510,15,30,92,2933,1
1537443538502,154,Del_Contact,200,OK,DeleteContact 2-4,text,true,,2484,510,15,30,154,0,1
1537443535588,154,Del_Contact,200,"Number of samples in transaction : 2, number of failing samples : 0",DeleteContact 2-4,,true,,2484,510,15,30,154,2914,1
1537443538563,95,Del_Contact,200,OK,DeleteContact 2-1,text,true,,2484,510,15,30,95,0,0
1537443535627,95,Del_Contact,200,"Number of samples in transaction : 2, number of failing samples : 0",DeleteContact 2-1,,true,,2484,510,15,30,95,2936,0
1537443538809,26,Del_ContactFrom,200,OK,DeleteContact 2-8,text,true,,3303,481,15,30,26,0,0
1537443535870,26,Del_ContactFrom,200,"Number of samples in transaction : 2, number of failing samples : 0",DeleteContact 2-8,,true,,3303,481,15,30,26,2939,0
1537443539490,26,Del_ContactFrom,200,OK,DeleteContact 2-9,text,true,,3362,481,15,30,26,0,1
1537443536384,26,Del_ContactFrom,200,"Number of samples in transaction : 2, number of failing samples : 0",DeleteContact 2-9,,true,,3362,481,15,30,26,2933,1
1537443539599,34,Add_ContactAction,200,OK,AddContact 1-1,text,true,,2477,1199,15,30,34,0,1
1537443536497,34,Add_ContactAction,200,"Number of samples in transaction : 2, number of failing samples : 0",AddContact 1-1,,true,,2477,1199,15,30,34,2928,1
1537443539629,23,Del_ContactFrom,200,OK,DeleteContact 2-10,text,true,,3317,481,15,30,23,0,1
1537443536517,23,Del_ContactFrom,200,"Number of samples in transaction : 2, number of failing samples : 0",DeleteContact 2-10,,true,,3317,481,15,30,23,2938,1
1537443539814,43,Del_ContactFrom,200,OK,DeleteContact 2-12,text,true,,3407,481,15,30,43,0,1
1537443536706,43,Del_ContactFrom,200,"Number of samples in transaction : 2, number of failing samples : 0",DeleteContact 2-12,,true,,3407,481,15,30,43,2934,1
1537443539835,24,Del_ContactFrom,200,OK,DeleteContact 2-11,text,true,,3276,481,15,30,24,0,1
1537443536723,24,Del_ContactFrom,200,"Number of samples in transaction : 2, number of failing samples : 0",DeleteContact 2-11,,true,,3276,481,15,30,24,2938,1
1537443539921,19,Del_Contact,200,OK,DeleteContact 2-5,text,true,,2484,510,15,30,19,0,1
1537443536814,19,Del_Contact,200,"Number of samples in transaction : 2, number of failing samples : 0",DeleteContact 2-5,,true,,2484,510,15,30,19,2934,1
1537443540153,41,Del_Contact,200,OK,DeleteContact 2-7,text,true,,2484,510,15,30,41,0,0
1537443537052,41,Del_Contact,200,"Number of samples in transaction : 2, number of failing samples : 0",DeleteContact 2-7,,true,,2484,510,15,30,41,2928,0
1537443540171,28,Del_Contact,200,OK,DeleteContact 2-6,text,true,,2484,510,15,30,27,0,0
1537443537069,28,Del_Contact,200,"Number of samples in transaction : 2, number of failing samples : 0",DeleteContact 2-6,,true,,2484,510,15,30,27,2928,0
1537443540398,37,Add_MainPage,200,OK,AddContact 1-6,text,true,,20049,446,15,30,36,0,1
1537443539413,37,Add_MainPage,200,"Number of samples in transaction : 2, number of failing samples : 0",AddContact 1-6,,true,,20049,446,15,30,36,986,1
1537443541153,32,Add_ContactAction,200,OK,AddContact 1-3,text,true,,2477,1247,15,30,32,0,1
1537443538029,32,Add_ContactAction,200,"Number of samples in transaction : 2, number of failing samples : 0",AddContact 1-3,,true,,2477,1247,15,30,32,2950,1
1537443541414,79,Add_ContactForm,200,OK,AddContact 1-6,text,true,,3239,474,15,30,79,0,0
1537443540436,79,Add_ContactForm,200,"Number of samples in transaction : 2, number of failing samples : 0",AddContact 1-6,,true,,3239,474,15,30,79,978,0
1537443541444,52,Del_ContactFrom,200,OK,DeleteContact 2-13,text,true,,3285,481,15,30,52,0,1
1537443538330,52,Del_ContactFrom,200,"Number of samples in transaction : 2, number of failing samples : 0",DeleteContact 2-13,,true,,3285,481,15,30,52,2940,1
1537443541452,77,Add_MainPage,200,OK,AddContact 1-8,text,true,,20173,446,15,30,77,0,0
1537443540460,77,Add_MainPage,200,"Number of samples in transaction : 2, number of failing samples : 0",AddContact 1-8,,true,,20173,446,15,30,77,993,0
1537443541461,72,Add_MainPage,200,OK,AddContact 1-9,text,true,,20173,446,15,30,71,0,1
1537443540476,72,Add_MainPage,200,"Number of samples in transaction : 2, number of failing samples : 0",AddContact 1-9,,true,,20173,446,15,30,71,985,1
1537443541462,75,Add_MainPage,200,OK,AddContact 1-7,text,true,,20173,446,15,30,74,0,0
1537443540476,75,Add_MainPage,200,"Number of samples in transaction : 2, number of failing samples : 0",AddContact 1-7,,true,,20173,446,15,30,74,986,0
1537443541722,70,Add_ContactAction,200,OK,AddContact 1-15,text,true,,2477,1061,15,30,70,0,1
1537443538594,70,Add_ContactAction,200,"Number of samples in transaction : 2, number of failing samples : 0",AddContact 1-15,,true,,2477,1061,15,30,70,2954,1
1537443541723,73,Add_ContactAction,200,OK,AddContact 1-2,text,true,,2477,1451,15,30,73,0,1
1537443538598,73,Add_ContactAction,200,"Number of samples in transaction : 2, number of failing samples : 0",AddContact 1-2,,true,,2477,1451,15,30,73,2952,1
1537443541724,75,Add_ContactAction,200,OK,AddContact 1-5,text,true,,2477,1241,15,30,75,0,0
1537443538602,75,Add_ContactAction,200,"Number of samples in transaction : 2, number of failing samples : 0",AddContact 1-5,,true,,2477,1241,15,30,75,2948,0
1537443541725,75,Add_ContactAction,200,OK,AddContact 1-4,text,true,,2477,1553,15,30,75,0,0
1537443538606,75,Add_ContactAction,200,"Number of samples in transaction : 2, number of failing samples : 0",AddContact 1-4,,true,,2477,1553,15,30,75,2945,0
1537443541952,26,Del_Contact,200,OK,DeleteContact 2-8,text,true,,2484,510,15,30,26,0,1
1537443538835,26,Del_Contact,200,"Number of samples in transaction : 2, number of failing samples : 0",DeleteContact 2-8,,true,,2484,510,15,30,26,2943,1
1537443542261,62,Del_MainPage,200,OK,DeleteContact 2-14,text,true,,20628,446,15,30,61,0,0
1537443541276,62,Del_MainPage,200,"Number of samples in transaction : 2, number of failing samples : 0",DeleteContact 2-14,,true,,20628,446,15,30,61,988,0
1537443542262,68,Del_MainPage,200,OK,DeleteContact 2-2,text,true,,20628,446,15,30,66,0,0
1537443541276,68,Del_MainPage,200,"Number of samples in transaction : 2, number of failing samples : 0",DeleteContact 2-2,,true,,20628,446,15,30,66,988,0
1537443542461,23,Del_Contact,200,OK,DeleteContact 2-9,text,true,,2490,510,15,30,23,0,1
1537443539517,23,Del_Contact,200,"Number of samples in transaction : 2, number of failing samples : 0",DeleteContact 2-9,,true,,2490,510,15,30,23,2945,1
1537443542507,48,Add_ContactForm,200,OK,AddContact 1-9,text,true,,3239,474,15,30,48,0,0
1537443541534,48,Add_ContactForm,200,"Number of samples in transaction : 2, number of failing samples : 0",AddContact 1-9,,true,,3239,474,15,30,48,973,0
1537443542507,50,Add_ContactForm,200,OK,AddContact 1-8,text,true,,3239,474,15,30,50,0,0
1537443541530,50,Add_ContactForm,200,"Number of samples in transaction : 2, number of failing samples : 0",AddContact 1-8,,true,,3239,474,15,30,50,977,0
1537443542539,20,Add_ContactForm,200,OK,AddContact 1-7,text,true,,3239,474,15,30,20,0,0
1537443541537,20,Add_ContactForm,200,"Number of samples in transaction : 2, number of failing samples : 0",AddContact 1-7,,true,,3239,474,15,30,20,1002,0
1537443542599,26,Del_Contact,200,OK,DeleteContact 2-10,text,true,,2484,510,15,30,26,0,1
1537443539653,26,Del_Contact,200,"Number of samples in transaction : 2, number of failing samples : 0",DeleteContact 2-10,,true,,2484,510,15,30,26,2947,1
1537443542784,36,Del_Contact,200,OK,DeleteContact 2-12,text,true,,2483,510,15,30,36,0,0
1537443539857,36,Del_Contact,200,"Number of samples in transaction : 2, number of failing samples : 0",DeleteContact 2-12,,true,,2483,510,15,30,36,2928,0
1537443542785,39,Del_Contact,200,OK,DeleteContact 2-11,text,true,,2484,510,15,30,39,0,0
1537443539859,39,Del_Contact,200,"Number of samples in transaction : 2, number of failing samples : 0",DeleteContact 2-11,,true,,2484,510,15,30,39,2926,0
1537443544551,60,Add_ContactAction,200,OK,AddContact 1-6,text,true,,2477,1355,15,30,60,0,1
1537443541493,60,Add_ContactAction,200,"Number of samples in transaction : 2, number of failing samples : 0",AddContact 1-6,,true,,2477,1355,15,30,60,2923,1
1537443544550,64,Del_Contact,200,OK,DeleteContact 2-13,text,true,,2484,510,15,30,64,0,1
1537443541496,64,Del_Contact,200,"Number of samples in transaction : 2, number of failing samples : 0",DeleteContact 2-13,,true,,2484,510,15,30,64,2920,1
1537443544827,101,Del_MainPage,200,OK,DeleteContact 2-1,text,true,,20233,446,15,30,100,0,1
1537443543727,101,Del_MainPage,200,"Number of samples in transaction : 2, number of failing samples : 0",DeleteContact 2-1,,true,,20233,446,15,30,100,967,1
1537443544828,106,Del_MainPage,200,OK,DeleteContact 2-4,text,true,,20233,446,15,30,105,0,1
1537443543724,106,Del_MainPage,200,"Number of samples in transaction : 2, number of failing samples : 0",DeleteContact 2-4,,true,,20233,446,15,30,105,972,1
1537443544829,111,Del_MainPage,200,OK,DeleteContact 2-15,text,true,,20233,446,15,30,111,0,0
1537443543724,111,Del_MainPage,200,"Number of samples in transaction : 2, number of failing samples : 0",DeleteContact 2-15,,true,,20233,446,15,30,111,973,0
1537443544830,117,Del_MainPage,200,OK,DeleteContact 2-3,text,true,,20233,446,15,30,116,0,0
1537443543722,117,Del_MainPage,200,"Number of samples in transaction : 2, number of failing samples : 0",DeleteContact 2-3,,true,,20233,446,15,30,116,976,0
1537443544966,22,Add_MainPage,200,OK,AddContact 1-11,text,true,,20233,446,15,30,21,0,0
1537443543846,22,Add_MainPage,200,"Number of samples in transaction : 2, number of failing samples : 0",AddContact 1-11,,true,,20233,446,15,30,21,986,0
1537443544996,23,Add_MainPage,200,OK,AddContact 1-10,text,true,,20233,446,15,30,22,0,1
1537443543876,23,Add_MainPage,200,"Number of samples in transaction : 2, number of failing samples : 0",AddContact 1-10,,true,,20233,446,15,30,22,985,1
1537443545381,43,Del_ContactFrom,200,OK,DeleteContact 2-14,text,true,,3386,481,15,30,43,0,0
1537443542326,43,Del_ContactFrom,200,"Number of samples in transaction : 2, number of failing samples : 0",DeleteContact 2-14,,true,,3386,481,15,30,43,2920,0
1537443545382,44,Del_ContactFrom,200,OK,DeleteContact 2-2,text,true,,3351,481,15,30,44,0,0
1537443542333,44,Del_ContactFrom,200,"Number of samples in transaction : 2, number of failing samples : 0",DeleteContact 2-2,,true,,3351,481,15,30,44,2914,0
1537443545611,60,Add_ContactAction,200,OK,AddContact 1-9,text,true,,2477,1571,15,30,60,0,1
1537443542556,60,Add_ContactAction,200,"Number of samples in transaction : 2, number of failing samples : 0",AddContact 1-9,,true,,2477,1571,15,30,60,2920,1
1537443545612,63,Add_ContactAction,200,OK,AddContact 1-8,text,true,,2477,1163,15,30,63,0,1
1537443542557,63,Add_ContactAction,200,"Number of samples in transaction : 2, number of failing samples : 0",AddContact 1-8,,true,,2477,1163,15,30,63,2920,1
1537443545613,63,Add_ContactAction,200,OK,AddContact 1-7,text,true,,2477,1277,15,30,63,0,1
1537443542559,63,Add_ContactAction,200,"Number of samples in transaction : 2, number of failing samples : 0",AddContact 1-7,,true,,2477,1277,15,30,63,2919,1
1537443545974,34,Add_ContactForm,200,OK,AddContact 1-11,text,true,,3239,474,15,30,34,0,0
1537443544989,34,Add_ContactForm,200,"Number of samples in transaction : 2, number of failing samples : 0",AddContact 1-11,,true,,3239,474,15,30,34,985,0
1537443545951,76,Del_MainPage,200,OK,DeleteContact 2-5,text,true,,20698,446,15,30,75,0,1
1537443544966,76,Del_MainPage,200,"Number of samples in transaction : 2, number of failing samples : 0",DeleteContact 2-5,,true,,20698,446,15,30,75,987,1
1537443545996,38,Add_ContactForm,200,OK,AddContact 1-10,text,true,,3239,474,15,30,37,0,0
1537443545019,38,Add_ContactForm,200,"Number of samples in transaction : 2, number of failing samples : 0",AddContact 1-10,,true,,3239,474,15,30,37,977,0
1537443546166,65,Add_MainPage,200,OK,AddContact 1-14,text,true,,20698,446,15,30,64,0,1
1537443545181,65,Add_MainPage,200,"Number of samples in transaction : 2, number of failing samples : 0",AddContact 1-14,,true,,20698,446,15,30,64,985,1
1537443546201,55,Del_MainPage,200,OK,DeleteContact 2-7,text,true,,20698,446,15,30,54,0,0
1537443545212,55,Del_MainPage,200,"Number of samples in transaction : 2, number of failing samples : 0",DeleteContact 2-7,,true,,20698,446,15,30,54,991,0
1537443546217,45,Del_MainPage,200,OK,DeleteContact 2-6,text,true,,20698,446,15,30,44,0,1
1537443545227,45,Del_MainPage,200,"Number of samples in transaction : 2, number of failing samples : 0",DeleteContact 2-6,,true,,20698,446,15,30,44,994,1
1537443546720,51,Add_MainPage,200,OK,AddContact 1-13,text,true,,20698,446,15,30,50,0,1
1537443545735,51,Add_MainPage,200,"Number of samples in transaction : 2, number of failing samples : 0",AddContact 1-13,,true,,20698,446,15,30,50,985,1
1537443546721,70,Add_MainPage,200,OK,AddContact 1-12,text,true,,20698,446,15,30,69,0,0
1537443545735,70,Add_MainPage,200,"Number of samples in transaction : 2, number of failing samples : 0",AddContact 1-12,,true,,20698,446,15,30,69,986,0
1537443547212,25,Add_ContactForm,200,OK,AddContact 1-14,text,true,,3239,474,15,30,25,0,0
1537443546231,25,Add_ContactForm,200,"Number of samples in transaction : 2, number of failing samples : 0",AddContact 1-14,,true,,3239,474,15,30,25,981,0
1537443547597,24,Add_MainPage,200,OK,AddContact 1-1,text,true,,20698,446,15,30,23,0,0
1537443546612,24,Add_MainPage,200,"Number of samples in transaction : 2, number of failing samples : 0",AddContact 1-1,,true,,20698,446,15,30,23,986,0
1537443547751,14,Add_ContactForm,200,OK,AddContact 1-13,text,true,,3239,474,15,30,14,0,0
1537443546771,14,Add_ContactForm,200,"Number of samples in transaction : 2, number of failing samples : 0",AddContact 1-13,,true,,3239,474,15,30,14,981,0
1537443547766,22,Add_ContactForm,200,OK,AddContact 1-12,text,true,,3239,474,15,30,21,0,0
1537443546791,22,Add_ContactForm,200,"Number of samples in transaction : 2, number of failing samples : 0",AddContact 1-12,,true,,3239,474,15,30,21,975,0
1537443547858,14,Del_ContactFrom,200,OK,DeleteContact 2-1,text,true,,3297,481,15,30,14,0,1
1537443544930,14,Del_ContactFrom,200,"Number of samples in transaction : 2, number of failing samples : 0",DeleteContact 2-1,,true,,3297,481,15,30,14,2928,1
1537443547873,38,Del_ContactFrom,200,OK,DeleteContact 2-4,text,true,,3386,481,15,30,38,0,1
1537443544937,38,Del_ContactFrom,200,"Number of samples in transaction : 2, number of failing samples : 0",DeleteContact 2-4,,true,,3386,481,15,30,38,2937,1
1537443547874,40,Del_ContactFrom,200,OK,DeleteContact 2-15,text,true,,3307,481,15,30,40,0,0
1537443544943,40,Del_ContactFrom,200,"Number of samples in transaction : 2, number of failing samples : 0",DeleteContact 2-15,,true,,3307,481,15,30,40,2931,0
1537443547874,42,Del_ContactFrom,200,OK,DeleteContact 2-3,text,true,,3266,481,15,30,42,0,1
1537443544950,42,Del_ContactFrom,200,"Number of samples in transaction : 2, number of failing samples : 0",DeleteContact 2-3,,true,,3266,481,15,30,42,2924,1
1537443547966,36,Del_MainPage,200,OK,DeleteContact 2-8,text,true,,20698,446,15,30,35,0,1
1537443546981,36,Del_MainPage,200,"Number of samples in transaction : 2, number of failing samples : 0",DeleteContact 2-8,,true,,20698,446,15,30,35,988,1
1537443548352,144,Del_Contact,200,OK,DeleteContact 2-2,text,true,,2484,510,15,30,144,0,1
1537443545426,144,Del_Contact,200,"Number of samples in transaction : 2, number of failing samples : 0",DeleteContact 2-2,,true,,2484,510,15,30,144,2926,1
1537443548351,149,Del_Contact,200,OK,DeleteContact 2-14,text,true,,2483,510,15,30,149,0,1
1537443545424,149,Del_Contact,200,"Number of samples in transaction : 2, number of failing samples : 0",DeleteContact 2-14,,true,,2483,510,15,30,149,2927,1
1537443548474,43,Del_MainPage,200,OK,DeleteContact 2-9,text,true,,20341,446,15,30,41,0,1
1537443547489,43,Del_MainPage,200,"Number of samples in transaction : 2, number of failing samples : 0",DeleteContact 2-9,,true,,20341,446,15,30,41,988,1
1537443548597,47,Add_ContactForm,200,OK,AddContact 1-1,text,true,,3239,474,15,30,47,0,0
1537443547622,47,Add_ContactForm,200,"Number of samples in transaction : 2, number of failing samples : 0",AddContact 1-1,,true,,3239,474,15,30,47,976,0
1537443548618,39,Del_MainPage,200,OK,DeleteContact 2-10,text,true,,20341,446,15,30,38,0,1
1537443547627,39,Del_MainPage,200,"Number of samples in transaction : 2, number of failing samples : 0",DeleteContact 2-10,,true,,20341,446,15,30,38,995,1
1537443548828,72,Del_MainPage,200,OK,DeleteContact 2-11,text,true,,20341,446,15,30,72,0,1
1537443547843,72,Del_MainPage,200,"Number of samples in transaction : 2, number of failing samples : 0",DeleteContact 2-11,,true,,20341,446,15,30,72,994,1
1537443548829,85,Del_MainPage,200,OK,DeleteContact 2-12,text,true,,20341,446,15,30,84,0,1
1537443547843,85,Del_MainPage,200,"Number of samples in transaction : 2, number of failing samples : 0",DeleteContact 2-12,,true,,20341,446,15,30,84,989,1
1537443548935,23,Add_ContactAction,200,OK,AddContact 1-11,text,true,,2477,1193,15,30,23,0,1
1537443546008,23,Add_ContactAction,200,"Number of samples in transaction : 2, number of failing samples : 0",AddContact 1-11,,true,,2477,1193,15,30,23,2928,1
1537443548966,34,Del_ContactFrom,200,OK,DeleteContact 2-5,text,true,,3368,481,15,30,34,0,0
1537443546029,34,Del_ContactFrom,200,"Number of samples in transaction : 2, number of failing samples : 0",DeleteContact 2-5,,true,,3368,481,15,30,34,2937,0
1537443548967,42,Add_ContactAction,200,OK,AddContact 1-10,text,true,,2477,1541,15,30,42,0,0
1537443546034,42,Add_ContactAction,200,"Number of samples in transaction : 2, number of failing samples : 0",AddContact 1-10,,true,,2477,1541,15,30,42,2933,0
1537443549136,43,Add_MainPage,200,OK,AddContact 1-3,text,true,,20623,446,15,30,38,0,1
1537443548151,43,Add_MainPage,200,"Number of samples in transaction : 2, number of failing samples : 0",AddContact 1-3,,true,,20623,446,15,30,38,985,1
1537443549197,24,Del_ContactFrom,200,OK,DeleteContact 2-7,text,true,,3343,481,15,30,24,0,1
1537443546258,24,Del_ContactFrom,200,"Number of samples in transaction : 2, number of failing samples : 0",DeleteContact 2-7,,true,,3343,481,15,30,24,2939,1
1537443549198,26,Del_ContactFrom,200,OK,DeleteContact 2-6,text,true,,3289,481,15,30,26,0,0
1537443546266,26,Del_ContactFrom,200,"Number of samples in transaction : 2, number of failing samples : 0",DeleteContact 2-6,,true,,3289,481,15,30,26,2932,0
1537443549406,108,Add_MainPage,200,OK,AddContact 1-15,text,true,,20623,446,15,30,107,0,0
1537443548766,108,Add_MainPage,200,"Number of samples in transaction : 2, number of failing samples : 0",AddContact 1-15,,true,,20623,446,15,30,107,985,0
1537443549407,111,Add_MainPage,200,OK,AddContact 1-2,text,true,,20623,446,15,30,110,0,0
1537443548766,111,Add_MainPage,200,"Number of samples in transaction : 2, number of failing samples : 0",AddContact 1-2,,true,,20623,446,15,30,110,986,0
1537443549408,115,Add_MainPage,200,OK,AddContact 1-5,text,true,,20623,446,15,30,115,0,1
1537443548766,115,Add_MainPage,200,"Number of samples in transaction : 2, number of failing samples : 0",AddContact 1-5,,true,,20623,446,15,30,115,987,1
1537443549407,120,Add_MainPage,200,OK,AddContact 1-4,text,true,,20623,446,15,30,119,0,1
1537443548766,120,Add_MainPage,200,"Number of samples in transaction : 2, number of failing samples : 0",AddContact 1-4,,true,,20623,446,15,30,119,986,1
1537443549791,26,Add_ContactForm,200,OK,AddContact 1-3,text,true,,3239,474,15,30,26,0,0
1537443549179,26,Add_ContactForm,200,"Number of samples in transaction : 2, number of failing samples : 0",AddContact 1-3,,true,,3239,474,15,30,26,957,0
1537443549822,21,Add_ContactAction,200,OK,AddContact 1-14,text,true,,2477,1433,15,30,21,0,1
1537443547237,21,Add_ContactAction,200,"Number of samples in transaction : 2, number of failing samples : 0",AddContact 1-14,,true,,2477,1433,15,30,21,2930,1
1537443550130,37,Del_MainPage,200,OK,DeleteContact 2-13,text,true,,20801,446,15,30,36,0,0
1537443549160,37,Del_MainPage,200,"Number of samples in transaction : 2, number of failing samples : 0",DeleteContact 2-13,,true,,20801,446,15,30,36,973,0
1537443550361,43,Add_ContactAction,200,OK,AddContact 1-13,text,true,,2477,1133,15,30,43,0,0
1537443547766,43,Add_ContactAction,200,"Number of samples in transaction : 2, number of failing samples : 0",AddContact 1-13,,true,,2477,1133,15,30,43,2940,0
1537443550379,33,Add_ContactAction,200,OK,AddContact 1-12,text,true,,2477,1571,15,30,33,0,1
1537443547788,33,Add_ContactAction,200,"Number of samples in transaction : 2, number of failing samples : 0",AddContact 1-12,,true,,2477,1571,15,30,33,2936,1
1537443550453,27,Del_Contact,200,OK,DeleteContact 2-1,text,true,,2484,510,15,30,27,0,1
1537443547872,27,Del_Contact,200,"Number of samples in transaction : 2, number of failing samples : 0",DeleteContact 2-1,,true,,2484,510,15,30,27,2926,1
1537443550484,90,Add_ContactForm,200,OK,AddContact 1-15,text,true,,3239,474,15,30,90,0,0
1537443549514,90,Add_ContactForm,200,"Number of samples in transaction : 2, number of failing samples : 0",AddContact 1-15,,true,,3239,474,15,30,90,970,0
1537443550485,91,Add_ContactForm,200,OK,AddContact 1-4,text,true,,3239,474,15,30,91,0,0
1537443549528,91,Add_ContactForm,200,"Number of samples in transaction : 2, number of failing samples : 0",AddContact 1-4,,true,,3239,474,15,30,91,957,0
1537443550484,94,Add_ContactForm,200,OK,AddContact 1-2,text,true,,3239,474,15,30,94,0,0
1537443549518,94,Add_ContactForm,200,"Number of samples in transaction : 2, number of failing samples : 0",AddContact 1-2,,true,,3239,474,15,30,94,966,0
1537443550484,96,Add_ContactForm,200,OK,AddContact 1-5,text,true,,3239,474,15,30,96,0,0
1537443549524,96,Add_ContactForm,200,"Number of samples in transaction : 2, number of failing samples : 0",AddContact 1-5,,true,,3239,474,15,30,96,960,0
1537443550517,89,Del_Contact,200,OK,DeleteContact 2-3,text,true,,2484,510,15,30,89,0,1
1537443547916,89,Del_Contact,200,"Number of samples in transaction : 2, number of failing samples : 0",DeleteContact 2-3,,true,,2484,510,15,30,89,2946,1
1537443550592,17,Del_ContactFrom,200,OK,DeleteContact 2-8,text,true,,3427,481,15,30,17,0,0
1537443548005,17,Del_ContactFrom,200,"Number of samples in transaction : 2, number of failing samples : 0",DeleteContact 2-8,,true,,3427,481,15,30,17,2932,0
1537443550516,153,Del_Contact,200,OK,DeleteContact 2-4,text,true,,2484,510,15,30,153,0,1
1537443547912,153,Del_Contact,200,"Number of samples in transaction : 2, number of failing samples : 0",DeleteContact 2-4,,true,,2484,510,15,30,153,2949,1
1537443550517,155,Del_Contact,200,OK,DeleteContact 2-15,text,true,,2484,510,15,30,155,0,0
1537443547914,155,Del_Contact,200,"Number of samples in transaction : 2, number of failing samples : 0",DeleteContact 2-15,,true,,2484,510,15,30,155,2948,0
1537443551115,23,Del_ContactFrom,200,OK,DeleteContact 2-9,text,true,,3343,481,15,30,23,0,0
1537443548520,23,Del_ContactFrom,200,"Number of samples in transaction : 2, number of failing samples : 0",DeleteContact 2-9,,true,,3343,481,15,30,23,2941,0
1537443551255,27,Del_ContactFrom,200,OK,DeleteContact 2-10,text,true,,3365,481,15,30,27,0,1
1537443548661,27,Del_ContactFrom,200,"Number of samples in transaction : 2, number of failing samples : 0",DeleteContact 2-10,,true,,3365,481,15,30,27,2939,1
1537443551238,48,Add_ContactAction,200,OK,AddContact 1-1,text,true,,2477,1259,15,30,48,0,1
1537443548645,48,Add_ContactAction,200,"Number of samples in transaction : 2, number of failing samples : 0",AddContact 1-1,,true,,2477,1259,15,30,48,2938,1
1537443551500,48,Del_ContactFrom,200,OK,DeleteContact 2-11,text,true,,3379,481,15,30,48,0,1
1537443548909,48,Del_ContactFrom,200,"Number of samples in transaction : 2, number of failing samples : 0",DeleteContact 2-11,,true,,3379,481,15,30,48,2937,1
1537443551501,50,Del_ContactFrom,200,OK,DeleteContact 2-12,text,true,,3371,481,15,30,50,0,0
1537443548917,50,Del_ContactFrom,200,"Number of samples in transaction : 2, number of failing samples : 0",DeleteContact 2-12,,true,,3371,481,15,30,50,2929,0
1537443551592,14,Del_Contact,200,OK,DeleteContact 2-5,text,true,,2484,510,15,30,14,0,0
1537443549000,14,Del_Contact,200,"Number of samples in transaction : 2, number of failing samples : 0",DeleteContact 2-5,,true,,2484,510,15,30,14,2938,0
1537443551810,42,Del_Contact,200,OK,DeleteContact 2-7,text,true,,2484,510,15,30,41,0,1
1537443549221,42,Del_Contact,200,"Number of samples in transaction : 2, number of failing samples : 0",DeleteContact 2-7,,true,,2484,510,15,30,41,2934,1
1537443551811,44,Del_Contact,200,OK,DeleteContact 2-6,text,true,,2484,510,15,30,44,0,0
1537443549224,44,Del_Contact,200,"Number of samples in transaction : 2, number of failing samples : 0",DeleteContact 2-6,,true,,2484,510,15,30,44,2932,0
1537443552084,33,Add_MainPage,200,OK,AddContact 1-6,text,true,,20275,446,15,30,32,0,1
1537443551099,33,Add_MainPage,200,"Number of samples in transaction : 2, number of failing samples : 0",AddContact 1-6,,true,,20275,446,15,30,32,986,1
1537443552761,41,Add_ContactAction,200,OK,AddContact 1-3,text,true,,2477,1583,15,30,41,0,1
1537443549817,41,Add_ContactAction,200,"Number of samples in transaction : 2, number of failing samples : 0",AddContact 1-3,,true,,2477,1583,15,30,41,2944,1
1537443553099,42,Add_ContactForm,200,OK,AddContact 1-6,text,true,,3239,474,15,30,42,0,0
1537443552118,42,Add_ContactForm,200,"Number of samples in transaction : 2, number of failing samples : 0",AddContact 1-6,,true,,3239,474,15,30,42,982,0
1537443553115,29,Del_ContactFrom,200,OK,DeleteContact 2-13,text,true,,3347,481,15,30,29,0,0
1537443550170,29,Del_ContactFrom,200,"Number of samples in transaction : 2, number of failing samples : 0",DeleteContact 2-13,,true,,3347,481,15,30,29,2946,0
1537443553145,41,Add_MainPage,200,OK,AddContact 1-9,text,true,,20453,446,15,30,40,0,1
1537443552161,41,Add_MainPage,200,"Number of samples in transaction : 2, number of failing samples : 0",AddContact 1-9,,true,,20453,446,15,30,40,985,1
1537443553165,46,Add_MainPage,200,OK,AddContact 1-8,text,true,,20453,446,15,30,45,0,0
1537443552176,46,Add_MainPage,200,"Number of samples in transaction : 2, number of failing samples : 0",AddContact 1-8,,true,,20453,446,15,30,45,989,0
1537443553165,49,Add_MainPage,200,OK,AddContact 1-7,text,true,,20453,446,15,30,48,0,1
1537443552176,49,Add_MainPage,200,"Number of samples in transaction : 2, number of failing samples : 0",AddContact 1-7,,true,,20453,446,15,30,48,990,1
1537443553515,74,Add_ContactAction,200,OK,AddContact 1-15,text,true,,2477,1517,15,30,74,0,1
1537443550574,74,Add_ContactAction,200,"Number of samples in transaction : 2, number of failing samples : 0",AddContact 1-15,,true,,2477,1517,15,30,74,2941,1
1537443553530,63,Add_ContactAction,200,OK,AddContact 1-2,text,true,,2477,1403,15,30,63,0,1
1537443550578,63,Add_ContactAction,200,"Number of samples in transaction : 2, number of failing samples : 0",AddContact 1-2,,true,,2477,1403,15,30,63,2952,1
1537443553535,66,Add_ContactAction,200,OK,AddContact 1-4,text,true,,2477,1632,15,30,66,0,0
1537443550576,66,Add_ContactAction,200,"Number of samples in transaction : 2, number of failing samples : 0",AddContact 1-4,,true,,2477,1632,15,30,66,2959,0
1537443553564,40,Del_Contact,200,OK,DeleteContact 2-8,text,true,,2484,510,15,30,40,0,1
1537443550609,40,Del_Contact,200,"Number of samples in transaction : 2, number of failing samples : 0",DeleteContact 2-8,,true,,2484,510,15,30,40,2955,1
1537443553536,72,Add_ContactAction,200,OK,AddContact 1-5,text,true,,2477,1535,15,30,72,0,0
1537443550580,72,Add_ContactAction,200,"Number of samples in transaction : 2, number of failing samples : 0",AddContact 1-5,,true,,2477,1535,15,30,72,2956,0
1537443553664,74,Del_MainPage,200,OK,DeleteContact 2-14,text,true,,21054,446,15,30,74,0,1
1537443553054,74,Del_MainPage,200,"Number of samples in transaction : 2, number of failing samples : 0",DeleteContact 2-14,,true,,21054,446,15,30,74,987,1
1537443553665,80,Del_MainPage,200,OK,DeleteContact 2-2,text,true,,21054,446,15,30,80,0,0
1537443553054,80,Del_MainPage,200,"Number of samples in transaction : 2, number of failing samples : 0",DeleteContact 2-2,,true,,21054,446,15,30,80,988,0
1537443553710,44,Del_Contact,200,OK,DeleteContact 2-9,text,true,,2484,510,15,30,44,0,1
1537443551139,44,Del_Contact,200,"Number of samples in transaction : 2, number of failing samples : 0",DeleteContact 2-9,,true,,2484,510,15,30,44,2945,1
1537443553787,13,Add_ContactForm,200,OK,AddContact 1-9,text,true,,3239,474,15,30,13,0,0
1537443553187,13,Add_ContactForm,200,"Number of samples in transaction : 2, number of failing samples : 0",AddContact 1-9,,true,,3239,474,15,30,13,974,0
1537443553819,22,Add_ContactForm,200,OK,AddContact 1-8,text,true,,3239,474,15,30,22,0,0
1537443553211,22,Add_ContactForm,200,"Number of samples in transaction : 2, number of failing samples : 0",AddContact 1-8,,true,,3239,474,15,30,22,982,0
1537443553819,24,Add_ContactForm,200,OK,AddContact 1-7,text,true,,3239,474,15,30,24,0,0
1537443553215,24,Add_ContactForm,200,"Number of samples in transaction : 2, number of failing samples : 0",AddContact 1-7,,true,,3239,474,15,30,24,978,0
1537443553848,18,Del_Contact,200,OK,DeleteContact 2-10,text,true,,2484,510,15,30,18,0,1
1537443551282,18,Del_Contact,200,"Number of samples in transaction : 2, number of failing samples : 0",DeleteContact 2-10,,true,,2484,510,15,30,18,2940,1
1537443554127,60,Del_Contact,200,OK,DeleteContact 2-11,text,true,,2485,510,15,30,60,0,0
1537443551549,60,Del_Contact,200,"Number of samples in transaction : 2, number of failing samples : 0",DeleteContact 2-11,,true,,2485,510,15,30,60,2952,0
1537443554128,65,Del_Contact,200,OK,DeleteContact 2-12,text,true,,2484,510,15,30,65,0,0
1537443551551,65,Del_Contact,200,"Number of samples in transaction : 2, number of failing samples : 0",DeleteContact 2-12,,true,,2484,510,15,30,65,2951,0
1537443555697,47,Add_ContactAction,200,OK,AddContact 1-6,text,true,,2477,1614,15,30,47,0,0
1537443553142,47,Add_ContactAction,200,"Number of samples in transaction : 2, number of failing samples : 0",AddContact 1-6,,true,,2477,1614,15,30,47,2929,0
1537443555696,51,Del_Contact,200,OK,DeleteContact 2-13,text,true,,2484,510,15,30,51,0,0
1537443553145,51,Del_Contact,200,"Number of samples in transaction : 2, number of failing samples : 0",DeleteContact 2-13,,true,,2484,510,15,30,51,2925,0
1537443555988,39,Del_MainPage,200,OK,DeleteContact 2-1,text,true,,20434,446,15,30,38,0,1
1537443555003,39,Del_MainPage,200,"Number of samples in transaction : 2, number of failing samples : 0",DeleteContact 2-1,,true,,20434,446,15,30,38,988,1
1537443556080,37,Add_MainPage,200,OK,AddContact 1-11,text,true,,20434,446,15,30,36,0,1
1537443555095,37,Add_MainPage,200,"Number of samples in transaction : 2, number of failing samples : 0",AddContact 1-11,,true,,20434,446,15,30,36,985,1
1537443556127,53,Add_MainPage,200,OK,AddContact 1-10,text,true,,20434,446,15,30,52,0,0
1537443555142,53,Add_MainPage,200,"Number of samples in transaction : 2, number of failing samples : 0",AddContact 1-10,,true,,20434,446,15,30,52,985,0
1537443556128,56,Del_MainPage,200,OK,DeleteContact 2-3,text,true,,20434,446,15,30,55,0,0
1537443555142,56,Del_MainPage,200,"Number of samples in transaction : 2, number of failing samples : 0",DeleteContact 2-3,,true,,20434,446,15,30,55,989,0
1537443556189,44,Del_MainPage,200,OK,DeleteContact 2-4,text,true,,20434,446,15,30,43,0,1
1537443555203,44,Del_MainPage,200,"Number of samples in transaction : 2, number of failing samples : 0",DeleteContact 2-4,,true,,20434,446,15,30,43,988,1
1537443556190,49,Del_MainPage,200,OK,DeleteContact 2-15,text,true,,20434,446,15,30,48,0,0
1537443555203,49,Del_MainPage,200,"Number of samples in transaction : 2, number of failing samples : 0",DeleteContact 2-15,,true,,20434,446,15,30,48,990,0
1537443556681,47,Del_ContactFrom,200,OK,DeleteContact 2-14,text,true,,3309,481,15,30,47,0,1
1537443553741,47,Del_ContactFrom,200,"Number of samples in transaction : 2, number of failing samples : 0",DeleteContact 2-14,,true,,3309,481,15,30,47,2940,1
1537443556682,57,Del_ContactFrom,200,OK,DeleteContact 2-2,text,true,,3372,481,15,30,57,0,1
1537443553748,57,Del_ContactFrom,200,"Number of samples in transaction : 2, number of failing samples : 0",DeleteContact 2-2,,true,,3372,481,15,30,57,2934,1
1537443556726,19,Add_ContactAction,200,OK,AddContact 1-9,text,true,,2477,1355,15,30,19,0,1
1537443553800,19,Add_ContactAction,200,"Number of samples in transaction : 2, number of failing samples : 0",AddContact 1-9,,true,,2477,1355,15,30,19,2926,1
1537443556773,26,Add_ContactAction,200,OK,AddContact 1-8,text,true,,2477,1349,15,30,26,0,1
1537443553841,26,Add_ContactAction,200,"Number of samples in transaction : 2, number of failing samples : 0",AddContact 1-8,,true,,2477,1349,15,30,26,2932,1
1537443556774,28,Add_ContactAction,200,OK,AddContact 1-7,text,true,,2477,1409,15,30,28,0,0
1537443553843,28,Add_ContactAction,200,"Number of samples in transaction : 2, number of failing samples : 0",AddContact 1-7,,true,,2477,1409,15,30,28,2932,0
1537443557096,30,Add_ContactForm,200,OK,AddContact 1-11,text,true,,3239,474,15,30,30,0,0
1537443556117,30,Add_ContactForm,200,"Number of samples in transaction : 2, number of failing samples : 0",AddContact 1-11,,true,,3239,474,15,30,30,980,0
1537443557127,23,Del_MainPage,200,OK,DeleteContact 2-5,text,true,,20938,446,15,30,22,0,0
1537443556151,23,Del_MainPage,200,"Number of samples in transaction : 2, number of failing samples : 0",DeleteContact 2-5,,true,,20938,446,15,30,22,979,0
1537443557158,14,Add_ContactForm,200,OK,AddContact 1-10,text,true,,3239,474,15,30,14,0,0
1537443556180,14,Add_ContactForm,200,"Number of samples in transaction : 2, number of failing samples : 0",AddContact 1-10,,true,,3239,474,15,30,14,978,0
1537443557312,50,Add_MainPage,200,OK,AddContact 1-14,text,true,,20938,446,15,30,48,0,1
1537443556327,50,Add_MainPage,200,"Number of samples in transaction : 2, number of failing samples : 0",AddContact 1-14,,true,,20938,446,15,30,48,985,1
1537443557348,46,Del_MainPage,200,OK,DeleteContact 2-7,text,true,,20938,446,15,30,46,0,0
1537443556357,46,Del_MainPage,200,"Number of samples in transaction : 2, number of failing samples : 0",DeleteContact 2-7,,true,,20938,446,15,30,46,994,0
1537443557360,41,Del_MainPage,200,OK,DeleteContact 2-6,text,true,,20938,446,15,30,40,0,1
1537443556373,41,Del_MainPage,200,"Number of samples in transaction : 2, number of failing samples : 0",DeleteContact 2-6,,true,,20938,446,15,30,40,990,1
1537443557865,69,Add_MainPage,200,OK,AddContact 1-13,text,true,,20938,446,15,30,69,0,1
1537443556881,69,Add_MainPage,200,"Number of samples in transaction : 2, number of failing samples : 0",AddContact 1-13,,true,,20938,446,15,30,69,985,1
1537443557883,56,Add_MainPage,200,OK,AddContact 1-12,text,true,,20938,446,15,30,54,0,1
1537443556896,56,Add_MainPage,200,"Number of samples in transaction : 2, number of failing samples : 0",AddContact 1-12,,true,,20938,446,15,30,54,988,1
1537443558343,22,Add_ContactForm,200,OK,AddContact 1-14,text,true,,3239,474,15,30,22,0,0
1537443557362,22,Add_ContactForm,200,"Number of samples in transaction : 2, number of failing samples : 0",AddContact 1-14,,true,,3239,474,15,30,22,982,0
1537443557963,42,Add_MainPage,200,OK,AddContact 1-1,text,true,,20938,446,15,30,41,0,1
1537443557774,42,Add_MainPage,200,"Number of samples in transaction : 2, number of failing samples : 0",AddContact 1-1,,true,,20938,446,15,30,41,985,1
1537443558116,52,Add_ContactForm,200,OK,AddContact 1-13,text,true,,3239,474,15,30,52,0,0
1537443557935,52,Add_ContactForm,200,"Number of samples in transaction : 2, number of failing samples : 0",AddContact 1-13,,true,,3239,474,15,30,52,977,0
1537443558117,53,Add_ContactForm,200,OK,AddContact 1-12,text,true,,3239,474,15,30,53,0,0
1537443557940,53,Add_ContactForm,200,"Number of samples in transaction : 2, number of failing samples : 0",AddContact 1-12,,true,,3239,474,15,30,53,972,0
1537443558148,25,Del_ContactFrom,200,OK,DeleteContact 2-1,text,true,,3367,481,15,30,25,0,0
1537443556030,25,Del_ContactFrom,200,"Number of samples in transaction : 2, number of failing samples : 0",DeleteContact 2-1,,true,,3367,481,15,30,25,2913,0
1537443558315,38,Del_ContactFrom,200,OK,DeleteContact 2-3,text,true,,3333,481,15,30,38,0,1
1537443556187,38,Del_ContactFrom,200,"Number of samples in transaction : 2, number of failing samples : 0",DeleteContact 2-3,,true,,3333,481,15,30,38,2924,1
1537443558296,62,Del_MainPage,200,OK,DeleteContact 2-8,text,true,,20938,446,15,30,60,0,0
1537443558112,62,Del_MainPage,200,"Number of samples in transaction : 2, number of failing samples : 0",DeleteContact 2-8,,true,,20938,446,15,30,60,981,0
1537443558376,25,Del_ContactFrom,200,OK,DeleteContact 2-4,text,true,,3395,481,15,30,25,0,1
1537443556235,25,Del_ContactFrom,200,"Number of samples in transaction : 2, number of failing samples : 0",DeleteContact 2-4,,true,,3395,481,15,30,25,2937,1
1537443558377,27,Del_ContactFrom,200,OK,DeleteContact 2-15,text,true,,3349,481,15,30,27,0,0
1537443556242,27,Del_ContactFrom,200,"Number of samples in transaction : 2, number of failing samples : 0",DeleteContact 2-15,,true,,3349,481,15,30,27,2930,0
1537443558825,38,Del_MainPage,200,OK,DeleteContact 2-9,text,true,,20938,446,15,30,37,0,1
1537443557839,38,Del_MainPage,200,"Number of samples in transaction : 2, number of failing samples : 0",DeleteContact 2-9,,true,,20938,446,15,30,37,994,1
1537443558871,25,Del_Contact,200,OK,DeleteContact 2-14,text,true,,2483,510,15,30,25,0,0
1537443556728,25,Del_Contact,200,"Number of samples in transaction : 2, number of failing samples : 0",DeleteContact 2-14,,true,,2483,510,15,30,25,2939,0
1537443558872,28,Del_Contact,200,OK,DeleteContact 2-2,text,true,,2484,510,15,30,28,0,0
1537443556739,28,Del_Contact,200,"Number of samples in transaction : 2, number of failing samples : 0",DeleteContact 2-2,,true,,2484,510,15,30,28,2928,0
1537443558949,22,Del_MainPage,200,OK,DeleteContact 2-10,text,true,,20552,446,15,30,21,0,0
1537443557964,22,Del_MainPage,200,"Number of samples in transaction : 2, number of failing samples : 0",DeleteContact 2-10,,true,,20552,446,15,30,21,988,0
1537443558979,12,Add_ContactForm,200,OK,AddContact 1-1,text,true,,3239,474,15,30,12,0,0
1537443558006,12,Add_ContactForm,200,"Number of samples in transaction : 2, number of failing samples : 0",AddContact 1-1,,true,,3239,474,15,30,12,973,0
1537443559255,54,Del_MainPage,200,OK,DeleteContact 2-11,text,true,,20552,446,15,30,54,0,1
1537443558271,54,Del_MainPage,200,"Number of samples in transaction : 2, number of failing samples : 0",DeleteContact 2-11,,true,,20552,446,15,30,54,987,1
1537443559287,55,Del_ContactFrom,200,OK,DeleteContact 2-5,text,true,,3342,481,15,30,55,0,1
1537443557153,55,Del_ContactFrom,200,"Number of samples in transaction : 2, number of failing samples : 0",DeleteContact 2-5,,true,,3342,481,15,30,55,2929,1
1537443559277,67,Add_ContactAction,200,OK,AddContact 1-11,text,true,,2477,1211,15,30,67,0,0
1537443557127,67,Add_ContactAction,200,"Number of samples in transaction : 2, number of failing samples : 0",AddContact 1-11,,true,,2477,1211,15,30,67,2945,0
1537443559278,70,Del_MainPage,200,OK,DeleteContact 2-12,text,true,,20552,446,15,30,69,0,0
1537443558282,70,Del_MainPage,200,"Number of samples in transaction : 2, number of failing samples : 0",DeleteContact 2-12,,true,,20552,446,15,30,69,998,0
1537443559317,39,Add_ContactAction,200,OK,AddContact 1-10,text,true,,2477,1427,15,30,39,0,1
1537443557172,39,Add_ContactAction,200,"Number of samples in transaction : 2, number of failing samples : 0",AddContact 1-10,,true,,2477,1427,15,30,39,2941,1
1537443559440,42,Add_MainPage,200,OK,AddContact 1-3,text,true,,20830,446,15,30,41,0,1
1537443558471,42,Add_MainPage,200,"Number of samples in transaction : 2, number of failing samples : 0",AddContact 1-3,,true,,20830,446,15,30,41,969,1
1537443559533,40,Del_ContactFrom,200,OK,DeleteContact 2-7,text,true,,3399,481,15,30,40,0,0
1537443557397,40,Del_ContactFrom,200,"Number of samples in transaction : 2, number of failing samples : 0",DeleteContact 2-7,,true,,3399,481,15,30,40,2931,0
1537443559550,25,Del_ContactFrom,200,OK,DeleteContact 2-6,text,true,,3366,481,15,30,25,0,1
1537443557404,25,Del_ContactFrom,200,"Number of samples in transaction : 2, number of failing samples : 0",DeleteContact 2-6,,true,,3366,481,15,30,25,2941,1
1537443560226,93,Add_MainPage,200,OK,AddContact 1-15,text,true,,20830,446,15,30,92,0,0
1537443559255,93,Add_MainPage,200,"Number of samples in transaction : 2, number of failing samples : 0",AddContact 1-15,,true,,20830,446,15,30,92,971,0
1537443560240,83,Add_MainPage,200,OK,AddContact 1-2,text,true,,20830,446,15,30,82,0,1
1537443559271,83,Add_MainPage,200,"Number of samples in transaction : 2, number of failing samples : 0",AddContact 1-2,,true,,20830,446,15,30,82,969,1
1537443560245,82,Add_MainPage,200,OK,AddContact 1-4,text,true,,20830,446,15,30,81,0,1
1537443559277,82,Add_MainPage,200,"Number of samples in transaction : 2, number of failing samples : 0",AddContact 1-4,,true,,20830,446,15,30,81,968,1
1537443560256,75,Add_MainPage,200,OK,AddContact 1-5,text,true,,20830,446,15,30,74,0,0
1537443559287,75,Add_MainPage,200,"Number of samples in transaction : 2, number of failing samples : 0",AddContact 1-5,,true,,20830,446,15,30,74,969,0
1537443560456,26,Add_ContactForm,200,OK,AddContact 1-3,text,true,,3239,474,15,30,25,0,0
1537443559482,26,Add_ContactForm,200,"Number of samples in transaction : 2, number of failing samples : 0",AddContact 1-3,,true,,3239,474,15,30,25,974,0
1537443560487,31,Add_ContactAction,200,OK,AddContact 1-14,text,true,,2477,1541,15,30,31,0,1
1537443558366,31,Add_ContactAction,200,"Number of samples in transaction : 2, number of failing samples : 0",AddContact 1-14,,true,,2477,1541,15,30,31,2916,1
1537443560795,45,Del_MainPage,200,OK,DeleteContact 2-13,text,true,,21048,446,15,30,44,0,0
1537443559810,45,Del_MainPage,200,"Number of samples in transaction : 2, number of failing samples : 0",DeleteContact 2-13,,true,,21048,446,15,30,44,988,0
1537443561072,81,Add_ContactAction,200,OK,AddContact 1-13,text,true,,2477,1109,15,30,81,0,1
1537443558169,81,Add_ContactAction,200,"Number of samples in transaction : 2, number of failing samples : 0",AddContact 1-13,,true,,2477,1109,15,30,81,2903,1
1537443561074,163,Del_Contact,200,OK,DeleteContact 2-1,text,true,,2484,510,15,30,163,0,1
1537443558173,163,Del_Contact,200,"Number of samples in transaction : 2, number of failing samples : 0",DeleteContact 2-1,,true,,2484,510,15,30,163,2901,1
1537443561074,166,Add_ContactAction,200,OK,AddContact 1-12,text,true,,2477,1385,15,30,166,0,0
1537443558170,166,Add_ContactAction,200,"Number of samples in transaction : 2, number of failing samples : 0",AddContact 1-12,,true,,2477,1385,15,30,166,2905,0
1537443561289,81,Add_ContactForm,200,OK,AddContact 1-15,text,true,,3239,474,15,30,81,0,0
1537443560319,81,Add_ContactForm,200,"Number of samples in transaction : 2, number of failing samples : 0",AddContact 1-15,,true,,3239,474,15,30,81,971,0
1537443561289,83,Add_ContactForm,200,OK,AddContact 1-2,text,true,,3239,474,15,30,83,0,0
1537443560323,83,Add_ContactForm,200,"Number of samples in transaction : 2, number of failing samples : 0",AddContact 1-2,,true,,3239,474,15,30,83,967,0
1537443561310,64,Add_ContactForm,200,OK,AddContact 1-4,text,true,,3239,474,15,30,64,0,0
1537443560327,64,Add_ContactForm,200,"Number of samples in transaction : 2, number of failing samples : 0",AddContact 1-4,,true,,3239,474,15,30,64,983,0
1537443561310,66,Add_ContactForm,200,OK,AddContact 1-5,text,true,,3239,474,15,30,66,0,0
1537443560331,66,Add_ContactForm,200,"Number of samples in transaction : 2, number of failing samples : 0",AddContact 1-5,,true,,3239,474,15,30,66,979,0
1537443561272,106,Del_ContactFrom,200,OK,DeleteContact 2-8,text,true,,3331,481,15,30,106,0,0
1537443558360,106,Del_ContactFrom,200,"Number of samples in transaction : 2, number of failing samples : 0",DeleteContact 2-8,,true,,3331,481,15,30,106,2912,0
1537443561273,174,Del_Contact,200,OK,DeleteContact 2-3,text,true,,2484,510,15,30,174,0,0
1537443558354,174,Del_Contact,200,"Number of samples in transaction : 2, number of failing samples : 0",DeleteContact 2-3,,true,,2484,510,15,30,174,2919,0
1537443561347,206,Del_Contact,200,OK,DeleteContact 2-15,text,true,,2485,510,15,30,206,0,1
1537443558404,206,Del_Contact,200,"Number of samples in transaction : 2, number of failing samples : 0",DeleteContact 2-15,,true,,2485,510,15,30,206,2944,1
1537443561329,227,Del_Contact,200,OK,DeleteContact 2-4,text,true,,2483,510,15,30,227,0,1
1537443558402,227,Del_Contact,200,"Number of samples in transaction : 2, number of failing samples : 0",DeleteContact 2-4,,true,,2483,510,15,30,227,2927,1
1537443561779,26,Del_ContactFrom,200,OK,DeleteContact 2-9,text,true,,3275,481,15,30,26,0,0
1537443558871,26,Del_ContactFrom,200,"Number of samples in transaction : 2, number of failing samples : 0",DeleteContact 2-9,,true,,3275,481,15,30,26,2908,0
1537443561873,37,Del_ContactFrom,200,OK,DeleteContact 2-10,text,true,,3401,481,15,30,37,0,0
1537443558974,37,Del_ContactFrom,200,"Number of samples in transaction : 2, number of failing samples : 0",DeleteContact 2-10,,true,,3401,481,15,30,37,2899,0
1537443561891,25,Add_ContactAction,200,OK,AddContact 1-1,text,true,,2477,1481,15,30,25,0,0
1537443558991,25,Add_ContactAction,200,"Number of samples in transaction : 2, number of failing samples : 0",AddContact 1-1,,true,,2477,1481,15,30,25,2900,0
1537443562211,14,Del_ContactFrom,200,OK,DeleteContact 2-11,text,true,,3275,481,15,30,14,0,1
1537443559312,14,Del_ContactFrom,200,"Number of samples in transaction : 2, number of failing samples : 0",DeleteContact 2-11,,true,,3275,481,15,30,14,2899,1
1537443562241,15,Del_Contact,200,OK,DeleteContact 2-5,text,true,,2484,510,15,30,15,0,1
1537443559342,15,Del_Contact,200,"Number of samples in transaction : 2, number of failing samples : 0",DeleteContact 2-5,,true,,2484,510,15,30,15,2899,1
1537443562256,13,Del_ContactFrom,200,OK,DeleteContact 2-12,text,true,,3357,481,15,30,13,0,1
1537443559350,13,Del_ContactFrom,200,"Number of samples in transaction : 2, number of failing samples : 0",DeleteContact 2-12,,true,,3357,481,15,30,13,2906,1
1537443561686,52,Del_Contact,200,OK,DeleteContact 2-7,text,true,,2485,510,15,30,52,0,0
1537443559573,52,Del_Contact,200,"Number of samples in transaction : 2, number of failing samples : 0",DeleteContact 2-7,,true,,2485,510,15,30,52,2917,0
1537443561685,57,Del_Contact,200,OK,DeleteContact 2-6,text,true,,2484,510,15,30,57,0,0
1537443559575,57,Del_Contact,200,"Number of samples in transaction : 2, number of failing samples : 0",DeleteContact 2-6,,true,,2484,510,15,30,57,2914,0
1537443561931,44,Add_MainPage,200,OK,AddContact 1-6,text,true,,20217,446,15,30,42,0,1
1537443561749,44,Add_MainPage,200,"Number of samples in transaction : 2, number of failing samples : 0",AddContact 1-6,,true,,20217,446,15,30,42,985,1
1537443562608,29,Add_ContactAction,200,OK,AddContact 1-3,text,true,,2477,1187,15,30,29,0,0
1537443560482,29,Add_ContactAction,200,"Number of samples in transaction : 2, number of failing samples : 0",AddContact 1-3,,true,,2477,1187,15,30,29,2929,0
1537443562947,74,Add_ContactForm,200,OK,AddContact 1-6,text,true,,3239,474,15,30,74,0,0
1537443561975,74,Add_ContactForm,200,"Number of samples in transaction : 2, number of failing samples : 0",AddContact 1-6,,true,,3239,474,15,30,74,972,0
1537443562977,57,Del_ContactFrom,200,OK,DeleteContact 2-13,text,true,,3368,481,15,30,57,0,0
1537443560843,57,Del_ContactFrom,200,"Number of samples in transaction : 2, number of failing samples : 0",DeleteContact 2-13,,true,,3368,481,15,30,57,2937,0
1537443562946,106,Add_MainPage,200,OK,AddContact 1-9,text,true,,20341,446,15,30,105,0,1
1537443561961,106,Add_MainPage,200,"Number of samples in transaction : 2, number of failing samples : 0",AddContact 1-9,,true,,20341,446,15,30,105,985,1
1537443562993,63,Add_MainPage,200,OK,AddContact 1-8,text,true,,20341,446,15,30,63,0,1
1537443562007,63,Add_MainPage,200,"Number of samples in transaction : 2, number of failing samples : 0",AddContact 1-8,,true,,20341,446,15,30,63,1003,1
1537443562994,84,Add_MainPage,200,OK,AddContact 1-7,text,true,,20341,446,15,30,83,0,0
1537443562007,84,Add_MainPage,200,"Number of samples in transaction : 2, number of failing samples : 0",AddContact 1-7,,true,,20341,446,15,30,83,987,0
1537443563500,82,Add_ContactAction,200,OK,AddContact 1-15,text,true,,2477,1608,15,30,82,0,1
1537443561371,82,Add_ContactAction,200,"Number of samples in transaction : 2, number of failing samples : 0",AddContact 1-15,,true,,2477,1608,15,30,82,2932,1
1537443563519,65,Del_Contact,200,OK,DeleteContact 2-8,text,true,,2484,510,15,30,65,0,0
1537443561378,65,Del_Contact,200,"Number of samples in transaction : 2, number of failing samples : 0",DeleteContact 2-8,,true,,2484,510,15,30,65,2944,0
1537443563501,85,Add_ContactAction,200,OK,AddContact 1-2,text,true,,2477,1662,15,30,85,0,1
1537443561373,85,Add_ContactAction,200,"Number of samples in transaction : 2, number of failing samples : 0",AddContact 1-2,,true,,2477,1662,15,30,85,2931,1
1537443563502,86,Add_ContactAction,200,OK,AddContact 1-5,text,true,,2477,1373,15,30,86,0,1
1537443561376,86,Add_ContactAction,200,"Number of samples in transaction : 2, number of failing samples : 0",AddContact 1-5,,true,,2477,1373,15,30,86,2929,1
1537443563503,86,Add_ContactAction,200,OK,AddContact 1-4,text,true,,2477,1397,15,30,86,0,15
1537443561375,86,Add_ContactAction,200,"Number of samples in transaction : 2, number of failing samples : 0",AddContact 1-4,,true,,2477,1397,15,30,86,2931,15
1537443563916,76,Del_MainPage,200,OK,DeleteContact 2-14,text,true,,20944,446,15,30,75,0,1
1537443562947,76,Del_MainPage,200,"Number of samples in transaction : 2, number of failing samples : 0",DeleteContact 2-14,,true,,20944,446,15,30,75,972,1
1537443563917,81,Del_MainPage,200,OK,DeleteContact 2-2,text,true,,20944,446,15,30,81,0,1
1537443562947,81,Del_MainPage,200,"Number of samples in transaction : 2, number of failing samples : 0",DeleteContact 2-2,,true,,20944,446,15,30,81,973,1
1537443563952,53,Del_Contact,200,OK,DeleteContact 2-9,text,true,,2485,510,15,30,53,0,1
1537443561805,53,Del_Contact,200,"Number of samples in transaction : 2, number of failing samples : 0",DeleteContact 2-9,,true,,2485,510,15,30,53,2950,1
1537443564008,13,Add_ContactForm,200,OK,AddContact 1-9,text,true,,3239,474,15,30,12,0,0
1537443563052,13,Add_ContactForm,200,"Number of samples in transaction : 2, number of failing samples : 0",AddContact 1-9,,true,,3239,474,15,30,12,956,0
1537443564039,33,Add_ContactForm,200,OK,AddContact 1-8,text,true,,3239,474,15,30,33,0,0
1537443563073,33,Add_ContactForm,200,"Number of samples in transaction : 2, number of failing samples : 0",AddContact 1-8,,true,,3239,474,15,30,33,966,0
1537443564039,34,Add_ContactForm,200,OK,AddContact 1-7,text,true,,3239,474,15,30,34,0,0
1537443563078,34,Add_ContactForm,200,"Number of samples in transaction : 2, number of failing samples : 0",AddContact 1-7,,true,,3239,474,15,30,34,962,0
1537443564039,38,Del_Contact,200,OK,DeleteContact 2-10,text,true,,2484,510,15,30,38,0,1
1537443561910,38,Del_Contact,200,"Number of samples in transaction : 2, number of failing samples : 0",DeleteContact 2-10,,true,,2484,510,15,30,38,2932,1
1537443564362,12,Del_Contact,200,OK,DeleteContact 2-11,text,true,,2491,510,15,30,12,0,0
1537443562225,12,Del_Contact,200,"Number of samples in transaction : 2, number of failing samples : 0",DeleteContact 2-11,,true,,2491,510,15,30,12,2940,0
1537443564392,17,Del_Contact,200,OK,DeleteContact 2-12,text,true,,2484,510,15,30,17,0,1
1537443562269,17,Del_Contact,200,"Number of samples in transaction : 2, number of failing samples : 0",DeleteContact 2-12,,true,,2484,510,15,30,17,2926,1
1537443565962,27,Del_Contact,200,OK,DeleteContact 2-13,text,true,,2484,510,15,30,27,0,0
1537443563034,27,Del_Contact,200,"Number of samples in transaction : 2, number of failing samples : 0",DeleteContact 2-13,,true,,2484,510,15,30,27,2928,0
1537443565947,46,Add_ContactAction,200,OK,AddContact 1-6,text,true,,2477,1421,15,30,45,0,1
1537443563021,46,Add_ContactAction,200,"Number of samples in transaction : 2, number of failing samples : 0",AddContact 1-6,,true,,2477,1421,15,30,45,2926,1
1537443566286,42,Del_MainPage,200,OK,DeleteContact 2-1,text,true,,20483,446,15,30,41,0,0
1537443565300,42,Del_MainPage,200,"Number of samples in transaction : 2, number of failing samples : 0",DeleteContact 2-1,,true,,20483,446,15,30,41,989,0
1537443566331,34,Add_MainPage,200,OK,AddContact 1-11,text,true,,20483,446,15,30,33,0,1
1537443565347,34,Add_MainPage,200,"Number of samples in transaction : 2, number of failing samples : 0",AddContact 1-11,,true,,20483,446,15,30,33,984,1
1537443566351,30,Add_MainPage,200,OK,AddContact 1-10,text,true,,20483,446,15,30,29,0,0
1537443565363,30,Add_MainPage,200,"Number of samples in transaction : 2, number of failing samples : 0",AddContact 1-10,,true,,20483,446,15,30,29,988,0
1537443566548,33,Del_MainPage,200,OK,DeleteContact 2-3,text,true,,20483,446,15,30,31,0,6
1537443565531,33,Del_MainPage,200,"Number of samples in transaction : 2, number of failing samples : 0",DeleteContact 2-3,,true,,20483,446,15,30,31,1019,6
1537443566209,62,Del_MainPage,200,OK,DeleteContact 2-15,text,true,,20483,446,15,30,62,0,4
1537443565639,62,Del_MainPage,200,"Number of samples in transaction : 2, number of failing samples : 0",DeleteContact 2-15,,true,,20483,446,15,30,62,988,4
1537443566210,68,Del_MainPage,200,OK,DeleteContact 2-4,text,true,,20483,446,15,30,67,0,0
1537443565639,68,Del_MainPage,200,"Number of samples in transaction : 2, number of failing samples : 0",DeleteContact 2-4,,true,,20483,446,15,30,67,988,0
1537443566533,48,Del_ContactFrom,200,OK,DeleteContact 2-14,text,true,,3356,481,15,30,48,0,0
1537443563995,48,Del_ContactFrom,200,"Number of samples in transaction : 2, number of failing samples : 0",DeleteContact 2-14,,true,,3356,481,15,30,48,2953,0
1537443566534,49,Del_ContactFrom,200,OK,DeleteContact 2-2,text,true,,3274,481,15,30,49,0,0
1537443564001,49,Del_ContactFrom,200,"Number of samples in transaction : 2, number of failing samples : 0",DeleteContact 2-2,,true,,3274,481,15,30,49,2948,0
1537443566547,40,Add_ContactAction,200,OK,AddContact 1-9,text,true,,2477,1151,15,30,40,0,1
1537443564021,40,Add_ContactAction,200,"Number of samples in transaction : 2, number of failing samples : 0",AddContact 1-9,,true,,2477,1151,15,30,40,2941,1
1537443566609,27,Add_ContactAction,200,OK,AddContact 1-8,text,true,,2477,1379,15,30,27,0,0
1537443564072,27,Add_ContactAction,200,"Number of samples in transaction : 2, number of failing samples : 0",AddContact 1-8,,true,,2477,1379,15,30,27,2952,0
1537443566610,29,Add_ContactAction,200,OK,AddContact 1-7,text,true,,2477,1668,15,30,29,0,0
1537443564074,29,Add_ContactAction,200,"Number of samples in transaction : 2, number of failing samples : 0",AddContact 1-7,,true,,2477,1668,15,30,29,2951,0
1537443566902,23,Del_MainPage,200,OK,DeleteContact 2-5,text,true,,21022,446,15,30,22,0,0
1537443566332,23,Del_MainPage,200,"Number of samples in transaction : 2, number of failing samples : 0",DeleteContact 2-5,,true,,21022,446,15,30,22,988,0
1537443566933,13,Add_ContactForm,200,OK,AddContact 1-11,text,true,,3239,474,15,30,13,0,0
1537443566365,13,Add_ContactForm,200,"Number of samples in transaction : 2, number of failing samples : 0",AddContact 1-11,,true,,3239,474,15,30,13,983,0
1537443566948,14,Add_ContactForm,200,OK,AddContact 1-10,text,true,,3239,474,15,30,13,0,0
1537443566381,14,Add_ContactForm,200,"Number of samples in transaction : 2, number of failing samples : 0",AddContact 1-10,,true,,3239,474,15,30,13,982,0
1537443567132,45,Add_MainPage,200,OK,AddContact 1-14,text,true,,21022,446,15,30,43,0,1
1537443566147,45,Add_MainPage,200,"Number of samples in transaction : 2, number of failing samples : 0",AddContact 1-14,,true,,21022,446,15,30,43,985,1
1537443567194,44,Del_MainPage,200,OK,DeleteContact 2-7,text,true,,21022,446,15,30,43,0,0
1537443566210,44,Del_MainPage,200,"Number of samples in transaction : 2, number of failing samples : 0",DeleteContact 2-7,,true,,21022,446,15,30,43,987,0
1537443567195,50,Del_MainPage,200,OK,DeleteContact 2-6,text,true,,21022,446,15,30,48,0,0
1537443566210,50,Del_MainPage,200,"Number of samples in transaction : 2, number of failing samples : 0",DeleteContact 2-6,,true,,21022,446,15,30,48,992,0
1537443567764,57,Add_MainPage,200,OK,AddContact 1-13,text,true,,21022,446,15,30,54,0,1
1537443566778,57,Add_MainPage,200,"Number of samples in transaction : 2, number of failing samples : 0",AddContact 1-13,,true,,21022,446,15,30,54,986,1
1537443567855,27,Add_MainPage,200,OK,AddContact 1-12,text,true,,21022,446,15,30,26,0,1
1537443566870,27,Add_MainPage,200,"Number of samples in transaction : 2, number of failing samples : 0",AddContact 1-12,,true,,21022,446,15,30,26,986,1
1537443568148,24,Add_ContactForm,200,OK,AddContact 1-14,text,true,,3239,474,15,30,24,0,0
1537443567177,24,Add_ContactForm,200,"Number of samples in transaction : 2, number of failing samples : 0",AddContact 1-14,,true,,3239,474,15,30,24,971,0
1537443568533,42,Add_MainPage,200,OK,AddContact 1-1,text,true,,21022,446,15,30,40,0,0
1537443567548,42,Add_MainPage,200,"Number of samples in transaction : 2, number of failing samples : 0",AddContact 1-1,,true,,21022,446,15,30,40,986,0
1537443568794,52,Add_ContactForm,200,OK,AddContact 1-13,text,true,,3239,474,15,30,52,0,0
1537443567821,52,Add_ContactForm,200,"Number of samples in transaction : 2, number of failing samples : 0",AddContact 1-13,,true,,3239,474,15,30,52,973,0
1537443568856,22,Add_ContactForm,200,OK,AddContact 1-12,text,true,,3239,474,15,30,22,0,0
1537443567883,22,Add_ContactForm,200,"Number of samples in transaction : 2, number of failing samples : 0",AddContact 1-12,,true,,3239,474,15,30,22,973,0
1537443568856,25,Del_ContactFrom,200,OK,DeleteContact 2-1,text,true,,3306,481,15,30,25,0,0
1537443566331,25,Del_ContactFrom,200,"Number of samples in transaction : 2, number of failing samples : 0",DeleteContact 2-1,,true,,3306,481,15,30,25,2940,0
1537443569057,45,Del_MainPage,200,OK,DeleteContact 2-8,text,true,,21022,446,15,30,43,0,0
1537443568072,45,Del_MainPage,200,"Number of samples in transaction : 2, number of failing samples : 0",DeleteContact 2-8,,true,,21022,446,15,30,43,988,0
1537443569118,14,Del_ContactFrom,200,OK,DeleteContact 2-3,text,true,,3362,481,15,30,14,0,1
1537443566168,14,Del_ContactFrom,200,"Number of samples in transaction : 2, number of failing samples : 0",DeleteContact 2-3,,true,,3362,481,15,30,14,2950,1
1537443569225,39,Del_ContactFrom,200,OK,DeleteContact 2-15,text,true,,3307,481,15,30,39,0,1
1537443566274,39,Del_ContactFrom,200,"Number of samples in transaction : 2, number of failing samples : 0",DeleteContact 2-15,,true,,3307,481,15,30,39,2952,1
1537443569226,41,Del_ContactFrom,200,OK,DeleteContact 2-4,text,true,,3311,481,15,30,41,0,1
1537443566280,41,Del_ContactFrom,200,"Number of samples in transaction : 2, number of failing samples : 0",DeleteContact 2-4,,true,,3311,481,15,30,41,2946,1
1537443569471,45,Del_MainPage,200,OK,DeleteContact 2-9,text,true,,21022,446,15,30,43,0,1
1537443568487,45,Del_MainPage,200,"Number of samples in transaction : 2, number of failing samples : 0",DeleteContact 2-9,,true,,21022,446,15,30,43,987,1
1537443569551,26,Add_ContactForm,200,OK,AddContact 1-1,text,true,,3239,474,15,30,26,0,0
1537443568576,26,Add_ContactForm,200,"Number of samples in transaction : 2, number of failing samples : 0",AddContact 1-1,,true,,3239,474,15,30,26,975,0
1537443569551,39,Del_MainPage,200,OK,DeleteContact 2-10,text,true,,21022,446,15,30,38,0,0
1537443568569,39,Del_MainPage,200,"Number of samples in transaction : 2, number of failing samples : 0",DeleteContact 2-10,,true,,21022,446,15,30,38,985,0
1537443569533,66,Del_Contact,200,OK,DeleteContact 2-14,text,true,,2484,510,15,30,66,0,1
1537443566581,66,Del_Contact,200,"Number of samples in transaction : 2, number of failing samples : 0",DeleteContact 2-14,,true,,2484,510,15,30,66,2952,1
1537443569534,68,Del_Contact,200,OK,DeleteContact 2-2,text,true,,2484,510,15,30,68,0,0
1537443566583,68,Del_Contact,200,"Number of samples in transaction : 2, number of failing samples : 0",DeleteContact 2-2,,true,,2484,510,15,30,68,2952,0
1537443569841,49,Del_MainPage,200,OK,DeleteContact 2-11,text,true,,20749,446,15,30,48,0,1
1537443568856,49,Del_MainPage,200,"Number of samples in transaction : 2, number of failing samples : 0",DeleteContact 2-11,,true,,20749,446,15,30,48,988,1
1537443569876,57,Del_ContactFrom,200,OK,DeleteContact 2-5,text,true,,3374,481,15,30,57,0,0
1537443566928,57,Del_ContactFrom,200,"Number of samples in transaction : 2, number of failing samples : 0",DeleteContact 2-5,,true,,3374,481,15,30,57,2948,0
1537443569886,58,Del_MainPage,200,OK,DeleteContact 2-12,text,true,,20749,446,15,30,58,0,1
1537443568902,58,Del_MainPage,200,"Number of samples in transaction : 2, number of failing samples : 0",DeleteContact 2-12,,true,,20749,446,15,30,58,987,1
1537443569887,65,Add_ContactAction,200,OK,AddContact 1-11,text,true,,2477,1211,15,30,65,0,0
1537443566946,65,Add_ContactAction,200,"Number of samples in transaction : 2, number of failing samples : 0",AddContact 1-11,,true,,2477,1211,15,30,65,2941,0
1537443569903,52,Add_ContactAction,200,OK,AddContact 1-10,text,true,,2477,1325,15,30,52,0,1
1537443566962,52,Add_ContactAction,200,"Number of samples in transaction : 2, number of failing samples : 0",AddContact 1-10,,true,,2477,1325,15,30,52,2941,1
1537443570057,35,Add_MainPage,200,OK,AddContact 1-3,text,true,,21029,446,15,30,34,0,0
1537443569071,35,Add_MainPage,200,"Number of samples in transaction : 2, number of failing samples : 0",AddContact 1-3,,true,,21029,446,15,30,34,986,0
1537443570179,34,Del_ContactFrom,200,OK,DeleteContact 2-7,text,true,,3307,481,15,30,34,0,1
1537443567241,34,Del_ContactFrom,200,"Number of samples in transaction : 2, number of failing samples : 0",DeleteContact 2-7,,true,,3307,481,15,30,34,2939,1
1537443570180,36,Del_ContactFrom,200,OK,DeleteContact 2-6,text,true,,3349,481,15,30,36,0,1
1537443567252,36,Del_ContactFrom,200,"Number of samples in transaction : 2, number of failing samples : 0",DeleteContact 2-6,,true,,3349,481,15,30,36,2928,1
1537443571010,120,Add_MainPage,200,OK,AddContact 1-15,text,true,,21029,446,15,30,118,0,1
1537443570025,120,Add_MainPage,200,"Number of samples in transaction : 2, number of failing samples : 0",AddContact 1-15,,true,,21029,446,15,30,118,985,1
1537443571011,123,Add_MainPage,200,OK,AddContact 1-2,text,true,,21029,446,15,30,122,0,1
1537443570025,123,Add_MainPage,200,"Number of samples in transaction : 2, number of failing samples : 0",AddContact 1-2,,true,,21029,446,15,30,122,986,1
1537443571046,92,Add_MainPage,200,OK,AddContact 1-4,text,true,,21029,446,15,30,91,0,1
1537443570041,92,Add_MainPage,200,"Number of samples in transaction : 2, number of failing samples : 0",AddContact 1-4,,true,,21029,446,15,30,91,1005,1
1537443571047,94,Add_MainPage,200,OK,AddContact 1-5,text,true,,21029,446,15,30,94,0,12
1537443570042,94,Add_MainPage,200,"Number of samples in transaction : 2, number of failing samples : 0",AddContact 1-5,,true,,21029,446,15,30,94,1006,12
1537443570637,76,Add_ContactForm,200,OK,AddContact 1-3,text,true,,3239,474,15,30,76,0,0
1537443570092,76,Add_ContactForm,200,"Number of samples in transaction : 2, number of failing samples : 0",AddContact 1-3,,true,,3239,474,15,30,76,979,0
1537443570668,65,Add_ContactAction,200,OK,AddContact 1-14,text,true,,2477,1451,15,30,65,0,1
1537443568172,65,Add_ContactAction,200,"Number of samples in transaction : 2, number of failing samples : 0",AddContact 1-14,,true,,2477,1451,15,30,65,2930,1
1537443571023,42,Del_MainPage,200,OK,DeleteContact 2-13,text,true,,21203,446,15,30,41,0,0
1537443570472,42,Del_MainPage,200,"Number of samples in transaction : 2, number of failing samples : 0",DeleteContact 2-13,,true,,21203,446,15,30,41,988,0
1537443571346,67,Add_ContactAction,200,OK,AddContact 1-13,text,true,,2477,1469,15,30,67,0,1
1537443568846,67,Add_ContactAction,200,"Number of samples in transaction : 2, number of failing samples : 0",AddContact 1-13,,true,,2477,1469,15,30,67,2934,1
1537443571378,39,Del_Contact,200,OK,DeleteContact 2-1,text,true,,2484,510,15,30,39,0,0
1537443568881,39,Del_Contact,200,"Number of samples in transaction : 2, number of failing samples : 0",DeleteContact 2-1,,true,,2484,510,15,30,39,2931,0
1537443571377,43,Add_ContactAction,200,OK,AddContact 1-12,text,true,,2477,1668,15,30,43,0,0
1537443568879,43,Add_ContactAction,200,"Number of samples in transaction : 2, number of failing samples : 0",AddContact 1-12,,true,,2477,1668,15,30,43,2933,0
1537443571607,26,Del_ContactFrom,200,OK,DeleteContact 2-8,text,true,,3296,481,15,30,26,0,1
1537443569105,26,Del_ContactFrom,200,"Number of samples in transaction : 2, number of failing samples : 0",DeleteContact 2-8,,true,,3296,481,15,30,26,2937,1
1537443571639,30,Del_Contact,200,OK,DeleteContact 2-3,text,true,,2485,510,15,30,30,0,1
1537443569132,30,Del_Contact,200,"Number of samples in transaction : 2, number of failing samples : 0",DeleteContact 2-3,,true,,2485,510,15,30,30,2942,1
1537443571659,15,Add_ContactForm,200,OK,AddContact 1-15,text,true,,3239,474,15,30,15,0,0
1537443570696,15,Add_ContactForm,200,"Number of samples in transaction : 2, number of failing samples : 0",AddContact 1-15,,true,,3239,474,15,30,15,963,0
1537443571675,33,Add_ContactForm,200,OK,AddContact 1-2,text,true,,3239,474,15,30,33,0,0
1537443570700,33,Add_ContactForm,200,"Number of samples in transaction : 2, number of failing samples : 0",AddContact 1-2,,true,,3239,474,15,30,33,976,0
1537443571675,35,Add_ContactForm,200,OK,AddContact 1-4,text,true,,3239,474,15,30,35,0,0
1537443570704,35,Add_ContactForm,200,"Number of samples in transaction : 2, number of failing samples : 0",AddContact 1-4,,true,,3239,474,15,30,35,972,0
1537443571675,37,Add_ContactForm,200,OK,AddContact 1-5,text,true,,3239,474,15,30,37,0,0
1537443570708,37,Add_ContactForm,200,"Number of samples in transaction : 2, number of failing samples : 0",AddContact 1-5,,true,,3239,474,15,30,37,967,0
1537443571760,27,Del_Contact,200,OK,DeleteContact 2-15,text,true,,2484,510,15,30,27,0,1
1537443569265,27,Del_Contact,200,"Number of samples in transaction : 2, number of failing samples : 0",DeleteContact 2-15,,true,,2484,510,15,30,27,2929,1
1537443571761,36,Del_Contact,200,OK,DeleteContact 2-4,text,true,,2484,510,15,30,36,0,0
1537443569267,36,Del_Contact,200,"Number of samples in transaction : 2, number of failing samples : 0",DeleteContact 2-4,,true,,2484,510,15,30,36,2928,0
1537443572008,24,Del_ContactFrom,200,OK,DeleteContact 2-9,text,true,,3247,481,15,30,24,0,0
1537443569519,24,Del_ContactFrom,200,"Number of samples in transaction : 2, number of failing samples : 0",DeleteContact 2-9,,true,,3247,481,15,30,24,2924,0
1537443572054,26,Add_ContactAction,200,OK,AddContact 1-1,text,true,,2477,1529,15,30,26,0,0
1537443569577,26,Add_ContactAction,200,"Number of samples in transaction : 2, number of failing samples : 0",AddContact 1-1,,true,,2477,1529,15,30,26,2911,0
1537443572069,15,Del_ContactFrom,200,OK,DeleteContact 2-10,text,true,,3299,481,15,30,15,0,0
1537443569593,15,Del_ContactFrom,200,"Number of samples in transaction : 2, number of failing samples : 0",DeleteContact 2-10,,true,,3299,481,15,30,15,2910,0
1537443572378,16,Del_ContactFrom,200,OK,DeleteContact 2-11,text,true,,3410,481,15,30,16,0,1
1537443569893,16,Del_ContactFrom,200,"Number of samples in transaction : 2, number of failing samples : 0",DeleteContact 2-11,,true,,3410,481,15,30,16,2919,1
1537443572407,15,Del_Contact,200,OK,DeleteContact 2-5,text,true,,2484,510,15,30,15,0,0
1537443569933,15,Del_Contact,200,"Number of samples in transaction : 2, number of failing samples : 0",DeleteContact 2-5,,true,,2484,510,15,30,15,2908,0
1537443572423,13,Del_ContactFrom,200,OK,DeleteContact 2-12,text,true,,3404,481,15,30,12,0,0
1537443569947,13,Del_ContactFrom,200,"Number of samples in transaction : 2, number of failing samples : 0",DeleteContact 2-12,,true,,3404,481,15,30,12,2910,0
1537443572701,32,Del_Contact,200,OK,DeleteContact 2-7,text,true,,2490,510,15,30,32,0,0
1537443570214,32,Del_Contact,200,"Number of samples in transaction : 2, number of failing samples : 0",DeleteContact 2-7,,true,,2490,510,15,30,32,2921,0
1537443572702,35,Del_Contact,200,OK,DeleteContact 2-6,text,true,,2484,510,15,30,35,0,0
1537443570216,35,Del_Contact,200,"Number of samples in transaction : 2, number of failing samples : 0",DeleteContact 2-6,,true,,2484,510,15,30,35,2920,0
1537443572962,34,Add_MainPage,200,OK,AddContact 1-6,text,true,,20842,446,15,30,33,0,1
1537443571977,34,Add_MainPage,200,"Number of samples in transaction : 2, number of failing samples : 0",AddContact 1-6,,true,,20842,446,15,30,33,986,1
1537443573624,38,Add_ContactAction,200,OK,AddContact 1-3,text,true,,2477,1553,15,30,38,0,0
1537443570713,38,Add_ContactAction,200,"Number of samples in transaction : 2, number of failing samples : 0",AddContact 1-3,,true,,2477,1553,15,30,38,2911,0
1537443573978,75,Add_ContactForm,200,OK,AddContact 1-6,text,true,,3239,474,15,30,75,0,0
1537443572997,75,Add_ContactForm,200,"Number of samples in transaction : 2, number of failing samples : 0",AddContact 1-6,,true,,3239,474,15,30,75,981,0
1537443573992,87,Del_ContactFrom,200,OK,DeleteContact 2-13,text,true,,3329,481,15,30,87,0,1
1537443571068,87,Del_ContactFrom,200,"Number of samples in transaction : 2, number of failing samples : 0",DeleteContact 2-13,,true,,3329,481,15,30,87,2924,1
1537443574023,60,Add_MainPage,200,OK,AddContact 1-8,text,true,,21031,446,15,30,59,0,1
1537443573039,60,Add_MainPage,200,"Number of samples in transaction : 2, number of failing samples : 0",AddContact 1-8,,true,,21031,446,15,30,59,984,1
1537443574024,63,Add_MainPage,200,OK,AddContact 1-7,text,true,,21031,446,15,30,63,0,0
1537443573039,63,Add_MainPage,200,"Number of samples in transaction : 2, number of failing samples : 0",AddContact 1-7,,true,,21031,446,15,30,63,985,0
1537443573977,114,Add_MainPage,200,OK,AddContact 1-9,text,true,,21031,446,15,30,113,0,1
1537443572992,114,Add_MainPage,200,"Number of samples in transaction : 2, number of failing samples : 0",AddContact 1-9,,true,,21031,446,15,30,113,985,1
1537443574562,27,Del_Contact,200,OK,DeleteContact 2-8,text,true,,2484,510,15,30,26,0,1
1537443571634,27,Del_Contact,200,"Number of samples in transaction : 2, number of failing samples : 0",DeleteContact 2-8,,true,,2484,510,15,30,26,2928,1
1537443574608,31,Add_ContactAction,200,OK,AddContact 1-15,text,true,,2477,1475,15,30,30,0,1
1537443571674,31,Add_ContactAction,200,"Number of samples in transaction : 2, number of failing samples : 0",AddContact 1-15,,true,,2477,1475,15,30,30,2934,1
1537443574639,35,Add_ContactAction,200,OK,AddContact 1-2,text,true,,2477,1668,15,30,35,0,0
1537443571709,35,Add_ContactAction,200,"Number of samples in transaction : 2, number of failing samples : 0",AddContact 1-2,,true,,2477,1668,15,30,35,2930,0
1537443574640,41,Add_ContactAction,200,OK,AddContact 1-5,text,true,,2477,1403,15,30,41,0,0
1537443571712,41,Add_ContactAction,200,"Number of samples in transaction : 2, number of failing samples : 0",AddContact 1-5,,true,,2477,1403,15,30,41,2928,0
1537443574640,44,Add_ContactAction,200,OK,AddContact 1-4,text,true,,2477,1704,15,30,44,0,1
1537443571711,44,Add_ContactAction,200,"Number of samples in transaction : 2, number of failing samples : 0",AddContact 1-4,,true,,2477,1704,15,30,44,2930,1
1537443574977,22,Del_Contact,200,OK,DeleteContact 2-9,text,true,,2484,510,15,30,22,0,1
1537443572033,22,Del_Contact,200,"Number of samples in transaction : 2, number of failing samples : 0",DeleteContact 2-9,,true,,2484,510,15,30,22,2944,1
1537443575069,44,Add_ContactForm,200,OK,AddContact 1-8,text,true,,3239,474,15,30,44,0,0
1537443574083,44,Add_ContactForm,200,"Number of samples in transaction : 2, number of failing samples : 0",AddContact 1-8,,true,,3239,474,15,30,44,986,0
1537443575069,46,Add_ContactForm,200,OK,AddContact 1-9,text,true,,3239,474,15,30,46,0,0
1537443574091,46,Add_ContactForm,200,"Number of samples in transaction : 2, number of failing samples : 0",AddContact 1-9,,true,,3239,474,15,30,46,978,0
1537443575079,38,Add_ContactForm,200,OK,AddContact 1-7,text,true,,3239,474,15,30,38,0,0
1537443574087,38,Add_ContactForm,200,"Number of samples in transaction : 2, number of failing samples : 0",AddContact 1-7,,true,,3239,474,15,30,38,992,0
1537443575039,98,Del_MainPage,200,OK,DeleteContact 2-2,text,true,,21687,446,15,30,98,0,1
1537443574054,98,Del_MainPage,200,"Number of samples in transaction : 2, number of failing samples : 0",DeleteContact 2-2,,true,,21687,446,15,30,98,988,1
1537443575040,104,Del_MainPage,200,OK,DeleteContact 2-14,text,true,,21687,446,15,30,104,0,0
1537443574054,104,Del_MainPage,200,"Number of samples in transaction : 2, number of failing samples : 0",DeleteContact 2-14,,true,,21687,446,15,30,104,990,0
1537443575040,135,Del_Contact,200,OK,DeleteContact 2-10,text,true,,2484,510,15,30,135,0,1
1537443572084,135,Del_Contact,200,"Number of samples in transaction : 2, number of failing samples : 0",DeleteContact 2-10,,true,,2484,510,15,30,135,2956,1
1537443575347,77,Del_Contact,200,OK,DeleteContact 2-11,text,true,,2484,510,15,30,77,0,1
1537443572394,77,Del_Contact,200,"Number of samples in transaction : 2, number of failing samples : 0",DeleteContact 2-11,,true,,2484,510,15,30,77,2953,1
1537443575378,153,Del_Contact,200,OK,DeleteContact 2-12,text,true,,2484,510,15,30,153,0,0
1537443572436,153,Del_Contact,200,"Number of samples in transaction : 2, number of failing samples : 0",DeleteContact 2-12,,true,,2484,510,15,30,153,2943,0
1537443577011,47,Add_ContactAction,200,OK,AddContact 1-6,text,true,,2477,1211,15,30,47,0,1
1537443574053,47,Add_ContactAction,200,"Number of samples in transaction : 2, number of failing samples : 0",AddContact 1-6,,true,,2477,1211,15,30,47,2925,1
1537443577041,24,Del_Contact,200,OK,DeleteContact 2-13,text,true,,2484,510,15,30,24,0,1
1537443574079,24,Del_Contact,200,"Number of samples in transaction : 2, number of failing samples : 0",DeleteContact 2-13,,true,,2484,510,15,30,24,2930,1
1537443577319,48,Del_MainPage,200,OK,DeleteContact 2-1,text,true,,21063,446,15,30,45,0,0
1537443576333,48,Del_MainPage,200,"Number of samples in transaction : 2, number of failing samples : 0",DeleteContact 2-1,,true,,21063,446,15,30,45,988,0
1537443577365,63,Add_MainPage,200,OK,AddContact 1-10,text,true,,21063,446,15,30,48,0,1
1537443576381,63,Add_MainPage,200,"Number of samples in transaction : 2, number of failing samples : 0",AddContact 1-10,,true,,21063,446,15,30,48,984,1
1537443577365,67,Add_MainPage,200,OK,AddContact 1-11,text,true,,21063,446,15,30,66,0,1
1537443576381,67,Add_MainPage,200,"Number of samples in transaction : 2, number of failing samples : 0",AddContact 1-11,,true,,21063,446,15,30,66,984,1
1537443577580,45,Del_MainPage,200,OK,DeleteContact 2-3,text,true,,21063,446,15,30,43,0,1
1537443576596,45,Del_MainPage,200,"Number of samples in transaction : 2, number of failing samples : 0",DeleteContact 2-3,,true,,21063,446,15,30,43,987,1
1537443577688,59,Del_MainPage,200,OK,DeleteContact 2-15,text,true,,21063,446,15,30,58,0,1
1537443576704,59,Del_MainPage,200,"Number of samples in transaction : 2, number of failing samples : 0",DeleteContact 2-15,,true,,21063,446,15,30,58,986,1
1537443577708,45,Del_MainPage,200,OK,DeleteContact 2-4,text,true,,21063,446,15,30,44,0,1
1537443576718,45,Del_MainPage,200,"Number of samples in transaction : 2, number of failing samples : 0",DeleteContact 2-4,,true,,21063,446,15,30,44,1000,1
1537443578096,42,Del_ContactFrom,200,OK,DeleteContact 2-2,text,true,,3323,481,15,30,42,0,0
1537443575140,42,Del_ContactFrom,200,"Number of samples in transaction : 2, number of failing samples : 0",DeleteContact 2-2,,true,,3323,481,15,30,42,2923,0
1537443578106,35,Del_ContactFrom,200,OK,DeleteContact 2-14,text,true,,3332,481,15,30,34,0,0
1537443575148,35,Del_ContactFrom,200,"Number of samples in transaction : 2, number of failing samples : 0",DeleteContact 2-14,,true,,3332,481,15,30,34,2925,0
1537443578058,89,Add_ContactAction,200,OK,AddContact 1-9,text,true,,2477,1121,15,30,89,0,0
1537443575115,89,Add_ContactAction,200,"Number of samples in transaction : 2, number of failing samples : 0",AddContact 1-9,,true,,2477,1121,15,30,89,2910,0
1537443578094,56,Add_ContactAction,200,OK,AddContact 1-7,text,true,,2477,1583,15,30,56,0,1
1537443575117,56,Add_ContactAction,200,"Number of samples in transaction : 2, number of failing samples : 0",AddContact 1-7,,true,,2477,1583,15,30,56,2944,1
1537443578059,94,Add_ContactAction,200,OK,AddContact 1-8,text,true,,2477,1595,15,30,94,0,0
1537443575113,94,Add_ContactAction,200,"Number of samples in transaction : 2, number of failing samples : 0",AddContact 1-8,,true,,2477,1595,15,30,94,2913,0
1537443578304,52,Del_MainPage,200,OK,DeleteContact 2-5,text,true,,21567,446,15,30,50,0,1
1537443577337,52,Del_MainPage,200,"Number of samples in transaction : 2, number of failing samples : 0",DeleteContact 2-5,,true,,21567,446,15,30,50,969,1
1537443578396,38,Add_ContactForm,200,OK,AddContact 1-10,text,true,,3239,474,15,30,38,0,0
1537443577428,38,Add_ContactForm,200,"Number of samples in transaction : 2, number of failing samples : 0",AddContact 1-10,,true,,3239,474,15,30,38,968,0
1537443578396,40,Add_ContactForm,200,OK,AddContact 1-11,text,true,,3239,474,15,30,39,0,0
1537443577432,40,Add_ContactForm,200,"Number of samples in transaction : 2, number of failing samples : 0",AddContact 1-11,,true,,3239,474,15,30,39,964,0
1537443578565,40,Add_MainPage,200,OK,AddContact 1-14,text,true,,21567,446,15,30,39,0,1
1537443577596,40,Add_MainPage,200,"Number of samples in transaction : 2, number of failing samples : 0",AddContact 1-14,,true,,21567,446,15,30,39,969,1
1537443578627,42,Del_MainPage,200,OK,DeleteContact 2-6,text,true,,21567,446,15,30,41,0,0
1537443577657,42,Del_MainPage,200,"Number of samples in transaction : 2, number of failing samples : 0",DeleteContact 2-6,,true,,21567,446,15,30,41,972,0
1537443578627,48,Del_MainPage,200,OK,DeleteContact 2-7,text,true,,21567,446,15,30,47,0,1
1537443577657,48,Del_MainPage,200,"Number of samples in transaction : 2, number of failing samples : 0",DeleteContact 2-7,,true,,21567,446,15,30,47,973,1
1537443579243,59,Add_MainPage,200,OK,AddContact 1-13,text,true,,21567,446,15,30,59,0,1
1537443578273,59,Add_MainPage,200,"Number of samples in transaction : 2, number of failing samples : 0",AddContact 1-13,,true,,21567,446,15,30,59,970,1
1537443579244,62,Add_MainPage,200,OK,AddContact 1-12,text,true,,21567,446,15,30,61,0,1
1537443578273,62,Add_MainPage,200,"Number of samples in transaction : 2, number of failing samples : 0",AddContact 1-12,,true,,21567,446,15,30,61,971,1
1537443579566,24,Add_ContactForm,200,OK,AddContact 1-14,text,true,,3239,474,15,30,23,0,0
1537443578605,24,Add_ContactForm,200,"Number of samples in transaction : 2, number of failing samples : 0",AddContact 1-14,,true,,3239,474,15,30,23,961,0
1537443579919,48,Add_MainPage,200,OK,AddContact 1-1,text,true,,21567,446,15,30,43,0,1
1537443578935,48,Add_MainPage,200,"Number of samples in transaction : 2, number of failing samples : 0",AddContact 1-1,,true,,21567,446,15,30,43,985,1
1537443580273,58,Add_ContactForm,200,OK,AddContact 1-13,text,true,,3239,474,15,30,58,0,0
1537443579302,58,Add_ContactForm,200,"Number of samples in transaction : 2, number of failing samples : 0",AddContact 1-13,,true,,3239,474,15,30,58,971,0
1537443580291,42,Add_ContactForm,200,OK,AddContact 1-12,text,true,,3239,474,15,30,42,0,0
1537443579307,42,Add_ContactForm,200,"Number of samples in transaction : 2, number of failing samples : 0",AddContact 1-12,,true,,3239,474,15,30,42,984,0
1537443580291,45,Del_ContactFrom,200,OK,DeleteContact 2-1,text,true,,3412,481,15,30,45,0,1
1537443577369,45,Del_ContactFrom,200,"Number of samples in transaction : 2, number of failing samples : 0",DeleteContact 2-1,,true,,3412,481,15,30,45,2922,1
1537443580522,38,Del_MainPage,200,OK,DeleteContact 2-8,text,true,,21567,446,15,30,37,0,0
1537443579473,38,Del_MainPage,200,"Number of samples in transaction : 2, number of failing samples : 0",DeleteContact 2-8,,true,,21567,446,15,30,37,989,0
1537443580616,26,Del_ContactFrom,200,OK,DeleteContact 2-3,text,true,,3368,481,15,30,26,0,1
1537443577628,26,Del_ContactFrom,200,"Number of samples in transaction : 2, number of failing samples : 0",DeleteContact 2-3,,true,,3368,481,15,30,26,2925,1
1537443580737,37,Del_ContactFrom,200,OK,DeleteContact 2-15,text,true,,3390,481,15,30,37,0,0
1537443577749,37,Del_ContactFrom,200,"Number of samples in transaction : 2, number of failing samples : 0",DeleteContact 2-15,,true,,3390,481,15,30,37,2925,0
1537443580738,39,Del_ContactFrom,200,OK,DeleteContact 2-4,text,true,,3386,481,15,30,38,0,0
1537443577763,39,Del_ContactFrom,200,"Number of samples in transaction : 2, number of failing samples : 0",DeleteContact 2-4,,true,,3386,481,15,30,38,2912,0
1537443580921,45,Del_MainPage,200,OK,DeleteContact 2-9,text,true,,21567,446,15,30,43,0,1
1537443579889,45,Del_MainPage,200,"Number of samples in transaction : 2, number of failing samples : 0",DeleteContact 2-9,,true,,21567,446,15,30,43,972,1
1537443580998,24,Add_ContactForm,200,OK,AddContact 1-1,text,true,,3239,474,15,30,24,0,0
1537443579968,24,Add_ContactForm,200,"Number of samples in transaction : 2, number of failing samples : 0",AddContact 1-1,,true,,3239,474,15,30,24,967,0
1537443581090,55,Del_MainPage,200,OK,DeleteContact 2-10,text,true,,21567,446,15,30,54,0,1
1537443580057,55,Del_MainPage,200,"Number of samples in transaction : 2, number of failing samples : 0",DeleteContact 2-10,,true,,21567,446,15,30,54,973,1
1537443581123,33,Del_Contact,200,OK,DeleteContact 2-2,text,true,,2484,510,15,30,33,0,1
1537443578138,33,Del_Contact,200,"Number of samples in transaction : 2, number of failing samples : 0",DeleteContact 2-2,,true,,2484,510,15,30,33,2922,1
1537443581124,35,Del_Contact,200,OK,DeleteContact 2-14,text,true,,2484,510,15,30,35,0,0
1537443578141,35,Del_Contact,200,"Number of samples in transaction : 2, number of failing samples : 0",DeleteContact 2-14,,true,,2484,510,15,30,35,2920,0
1537443581337,15,Del_ContactFrom,200,OK,DeleteContact 2-5,text,true,,3412,481,15,30,15,0,2
1537443578358,15,Del_ContactFrom,200,"Number of samples in transaction : 2, number of failing samples : 0",DeleteContact 2-5,,true,,3412,481,15,30,15,2917,2
1537443581352,28,Del_MainPage,200,OK,DeleteContact 2-11,text,true,,21359,446,15,30,27,0,0
1537443580320,28,Del_MainPage,200,"Number of samples in transaction : 2, number of failing samples : 0",DeleteContact 2-11,,true,,21359,446,15,30,27,972,0
1537443581414,41,Add_ContactAction,200,OK,AddContact 1-10,text,true,,2477,1541,15,30,41,0,1
1537443578434,41,Add_ContactAction,200,"Number of samples in transaction : 2, number of failing samples : 0",AddContact 1-10,,true,,2477,1541,15,30,41,2917,1
1537443581416,42,Add_ContactAction,200,OK,AddContact 1-11,text,true,,2477,1571,15,30,42,0,0
1537443578436,42,Add_ContactAction,200,"Number of samples in transaction : 2, number of failing samples : 0",AddContact 1-11,,true,,2477,1571,15,30,42,2917,0
1537443581459,23,Del_MainPage,200,OK,DeleteContact 2-12,text,true,,21745,446,15,30,22,0,1
1537443580490,23,Del_MainPage,200,"Number of samples in transaction : 2, number of failing samples : 0",DeleteContact 2-12,,true,,21745,446,15,30,22,972,1
1537443581552,41,Add_MainPage,200,OK,AddContact 1-3,text,true,,21745,446,15,30,40,0,1
1537443580582,41,Add_MainPage,200,"Number of samples in transaction : 2, number of failing samples : 0",AddContact 1-3,,true,,21745,446,15,30,40,970,1
1537443581644,40,Del_ContactFrom,200,OK,DeleteContact 2-6,text,true,,3393,481,15,30,40,0,1
1537443578671,40,Del_ContactFrom,200,"Number of samples in transaction : 2, number of failing samples : 0",DeleteContact 2-6,,true,,3393,481,15,30,40,2910,1
1537443581662,24,Del_ContactFrom,200,OK,DeleteContact 2-7,text,true,,3385,481,15,30,24,0,0
1537443578678,24,Del_ContactFrom,200,"Number of samples in transaction : 2, number of failing samples : 0",DeleteContact 2-7,,true,,3385,481,15,30,24,2922,0
1537443582521,46,Add_MainPage,200,OK,AddContact 1-15,text,true,,21745,446,15,30,44,0,1
1537443581537,46,Add_MainPage,200,"Number of samples in transaction : 2, number of failing samples : 0",AddContact 1-15,,true,,21745,446,15,30,44,984,1
1537443582568,66,Add_ContactForm,200,OK,AddContact 1-3,text,true,,3239,474,15,30,66,0,0
1537443581593,66,Add_ContactForm,200,"Number of samples in transaction : 2, number of failing samples : 0",AddContact 1-3,,true,,3239,474,15,30,66,975,0
1537443582571,96,Add_MainPage,200,OK,AddContact 1-4,text,true,,21745,446,15,30,95,0,1
1537443581589,96,Add_MainPage,200,"Number of samples in transaction : 2, number of failing samples : 0",AddContact 1-4,,true,,21745,446,15,30,95,982,1
1537443582570,101,Add_MainPage,200,OK,AddContact 1-2,text,true,,21745,446,15,30,100,0,0
1537443581583,101,Add_MainPage,200,"Number of samples in transaction : 2, number of failing samples : 0",AddContact 1-2,,true,,21745,446,15,30,100,987,0
1537443582571,104,Add_MainPage,200,OK,AddContact 1-5,text,true,,21745,446,15,30,103,0,0
1537443581589,104,Add_MainPage,200,"Number of samples in transaction : 2, number of failing samples : 0",AddContact 1-5,,true,,21745,446,15,30,103,982,0
1537443582584,93,Add_ContactAction,200,OK,AddContact 1-14,text,true,,2477,1235,15,30,93,0,1
1537443579590,93,Add_ContactAction,200,"Number of samples in transaction : 2, number of failing samples : 0",AddContact 1-14,,true,,2477,1235,15,30,93,2931,1
1537443582968,42,Del_MainPage,200,OK,DeleteContact 2-13,text,true,,21879,446,15,30,41,0,1
1537443581999,42,Del_MainPage,200,"Number of samples in transaction : 2, number of failing samples : 0",DeleteContact 2-13,,true,,21879,446,15,30,41,972,1
1537443583307,53,Add_ContactAction,200,OK,AddContact 1-13,text,true,,2477,1517,15,30,53,0,0
1537443580331,53,Add_ContactAction,200,"Number of samples in transaction : 2, number of failing samples : 0",AddContact 1-13,,true,,2477,1517,15,30,53,2913,0
1537443583308,62,Add_ContactAction,200,OK,AddContact 1-12,text,true,,2477,1565,15,30,62,0,0
1537443580333,62,Add_ContactAction,200,"Number of samples in transaction : 2, number of failing samples : 0",AddContact 1-12,,true,,2477,1565,15,30,62,2912,0
1537443583337,36,Del_Contact,200,OK,DeleteContact 2-1,text,true,,2484,510,15,30,36,0,0
1537443580336,36,Del_Contact,200,"Number of samples in transaction : 2, number of failing samples : 0",DeleteContact 2-1,,true,,2484,510,15,30,36,2938,0
1537443583476,28,Del_ContactFrom,200,OK,DeleteContact 2-8,text,true,,3280,481,15,30,28,0,0
1537443580563,28,Del_ContactFrom,200,"Number of samples in transaction : 2, number of failing samples : 0",DeleteContact 2-8,,true,,3280,481,15,30,28,2913,0
1537443583522,12,Add_ContactForm,200,OK,AddContact 1-15,text,true,,3239,474,15,30,12,0,0
1537443582567,12,Add_ContactForm,200,"Number of samples in transaction : 2, number of failing samples : 0",AddContact 1-15,,true,,3239,474,15,30,12,956,0
1537443583553,47,Del_Contact,200,OK,DeleteContact 2-3,text,true,,2484,510,15,30,47,0,0
1537443580642,47,Del_Contact,200,"Number of samples in transaction : 2, number of failing samples : 0",DeleteContact 2-3,,true,,2484,510,15,30,47,2911,0
1537443583630,47,Add_ContactForm,200,OK,AddContact 1-2,text,true,,3239,474,15,30,47,0,0
1537443582671,47,Add_ContactForm,200,"Number of samples in transaction : 2, number of failing samples : 0",AddContact 1-2,,true,,3239,474,15,30,47,960,0
1537443583630,49,Add_ContactForm,200,OK,AddContact 1-4,text,true,,3239,474,15,30,49,0,0
1537443582667,49,Add_ContactForm,200,"Number of samples in transaction : 2, number of failing samples : 0",AddContact 1-4,,true,,3239,474,15,30,49,964,0
1537443583661,20,Add_ContactForm,200,OK,AddContact 1-5,text,true,,3239,474,15,30,20,0,0
1537443582675,20,Add_ContactForm,200,"Number of samples in transaction : 2, number of failing samples : 0",AddContact 1-5,,true,,3239,474,15,30,20,986,0
1537443583691,30,Del_Contact,200,OK,DeleteContact 2-15,text,true,,2484,510,15,30,29,0,0
1537443580775,30,Del_Contact,200,"Number of samples in transaction : 2, number of failing samples : 0",DeleteContact 2-15,,true,,2484,510,15,30,29,2916,0
1537443583691,34,Del_Contact,200,OK,DeleteContact 2-4,text,true,,2484,510,15,30,34,0,1
1537443580777,34,Del_Contact,200,"Number of samples in transaction : 2, number of failing samples : 0",DeleteContact 2-4,,true,,2484,510,15,30,34,2914,1
1537443583960,45,Del_ContactFrom,200,OK,DeleteContact 2-9,text,true,,3175,481,15,30,44,0,0
1537443580969,45,Del_ContactFrom,200,"Number of samples in transaction : 2, number of failing samples : 0",DeleteContact 2-9,,true,,3175,481,15,30,44,2991,0
1537443583960,50,Add_ContactAction,200,OK,AddContact 1-1,text,true,,2477,1217,15,30,50,0,1
1537443581022,50,Add_ContactAction,200,"Number of samples in transaction : 2, number of failing samples : 0",AddContact 1-1,,true,,2477,1217,15,30,50,2938,1
1537443584061,25,Del_ContactFrom,200,OK,DeleteContact 2-10,text,true,,3412,481,15,30,25,0,0
1537443581148,25,Del_ContactFrom,200,"Number of samples in transaction : 2, number of failing samples : 0",DeleteContact 2-10,,true,,3412,481,15,30,25,2913,0
1537443584295,23,Del_ContactFrom,200,OK,DeleteContact 2-11,text,true,,3332,481,15,30,23,0,1
1537443581383,23,Del_ContactFrom,200,"Number of samples in transaction : 2, number of failing samples : 0",DeleteContact 2-11,,true,,3332,481,15,30,23,2912,1
1537443584277,44,Del_Contact,200,OK,DeleteContact 2-5,text,true,,2485,510,15,30,44,0,0
1537443581353,44,Del_Contact,200,"Number of samples in transaction : 2, number of failing samples : 0",DeleteContact 2-5,,true,,2485,510,15,30,44,2924,0
1537443584400,25,Del_ContactFrom,200,OK,DeleteContact 2-12,text,true,,3369,481,15,30,25,0,1
1537443581485,25,Del_ContactFrom,200,"Number of samples in transaction : 2, number of failing samples : 0",DeleteContact 2-12,,true,,3369,481,15,30,25,2915,1
1537443584601,39,Del_Contact,200,OK,DeleteContact 2-7,text,true,,2484,510,15,30,39,0,0
1537443581687,39,Del_Contact,200,"Number of samples in transaction : 2, number of failing samples : 0",DeleteContact 2-7,,true,,2484,510,15,30,39,2915,0
1537443584600,44,Del_Contact,200,OK,DeleteContact 2-6,text,true,,2484,510,15,30,44,0,1
1537443581684,44,Del_Contact,200,"Number of samples in transaction : 2, number of failing samples : 0",DeleteContact 2-6,,true,,2484,510,15,30,44,2916,1
1537443584938,45,Add_MainPage,200,OK,AddContact 1-6,text,true,,20913,446,15,30,43,0,1
1537443583959,45,Add_MainPage,200,"Number of samples in transaction : 2, number of failing samples : 0",AddContact 1-6,,true,,20913,446,15,30,43,979,1
1537443586082,30,Add_ContactAction,200,OK,AddContact 1-3,text,true,,2477,1199,15,30,30,0,1
1537443582634,30,Add_ContactAction,200,"Number of samples in transaction : 2, number of failing samples : 0",AddContact 1-3,,true,,2477,1199,15,30,30,2919,1
1537443586482,24,Add_ContactForm,200,OK,AddContact 1-6,text,true,,3239,474,15,30,23,0,0
1537443584983,24,Add_ContactForm,200,"Number of samples in transaction : 2, number of failing samples : 0",AddContact 1-6,,true,,3239,474,15,30,23,970,0
1537443586468,40,Del_ContactFrom,200,OK,DeleteContact 2-13,text,true,,3330,481,15,30,40,0,0
1537443583013,40,Del_ContactFrom,200,"Number of samples in transaction : 2, number of failing samples : 0",DeleteContact 2-13,,true,,3330,481,15,30,40,2926,0
1537443586529,60,Add_MainPage,200,OK,AddContact 1-9,text,true,,21020,446,15,30,59,0,0
1537443585015,60,Add_MainPage,200,"Number of samples in transaction : 2, number of failing samples : 0",AddContact 1-9,,true,,21020,446,15,30,59,985,0
1537443586529,64,Add_MainPage,200,OK,AddContact 1-7,text,true,,21020,446,15,30,63,0,0
1537443585015,64,Add_MainPage,200,"Number of samples in transaction : 2, number of failing samples : 0",AddContact 1-7,,true,,21020,446,15,30,63,985,0
1537443586546,51,Add_MainPage,200,OK,AddContact 1-8,text,true,,21020,446,15,30,50,0,1
1537443585030,51,Add_MainPage,200,"Number of samples in transaction : 2, number of failing samples : 0",AddContact 1-8,,true,,21020,446,15,30,50,987,1
1537443586959,29,Del_Contact,200,OK,DeleteContact 2-8,text,true,,2483,510,15,30,29,0,1
1537443583504,29,Del_Contact,200,"Number of samples in transaction : 2, number of failing samples : 0",DeleteContact 2-8,,true,,2483,510,15,30,29,2926,1
1537443586991,16,Add_ContactAction,200,OK,AddContact 1-15,text,true,,2477,1559,15,30,16,0,0
1537443583535,16,Add_ContactAction,200,"Number of samples in transaction : 2, number of failing samples : 0",AddContact 1-15,,true,,2477,1559,15,30,16,2927,0
1537443587144,49,Add_ContactAction,200,OK,AddContact 1-2,text,true,,2477,1121,15,30,49,0,1
1537443583678,49,Add_ContactAction,200,"Number of samples in transaction : 2, number of failing samples : 0",AddContact 1-2,,true,,2477,1121,15,30,49,2937,1
1537443587145,52,Add_ContactAction,200,OK,AddContact 1-4,text,true,,2477,1205,15,30,52,0,1
1537443583680,52,Add_ContactAction,200,"Number of samples in transaction : 2, number of failing samples : 0",AddContact 1-4,,true,,2477,1205,15,30,52,2936,1
1537443587146,54,Add_ContactAction,200,OK,AddContact 1-5,text,true,,2477,1620,15,30,54,0,1
1537443583681,54,Add_ContactAction,200,"Number of samples in transaction : 2, number of failing samples : 0",AddContact 1-5,,true,,2477,1620,15,30,54,2936,1
1537443587483,19,Del_Contact,200,OK,DeleteContact 2-9,text,true,,2490,510,15,30,19,0,1
1537443584005,19,Del_Contact,200,"Number of samples in transaction : 2, number of failing samples : 0",DeleteContact 2-9,,true,,2490,510,15,30,19,2949,1
1537443587560,75,Add_ContactForm,200,OK,AddContact 1-9,text,true,,3239,474,15,30,75,0,0
1537443586589,75,Add_ContactForm,200,"Number of samples in transaction : 2, number of failing samples : 0",AddContact 1-9,,true,,3239,474,15,30,75,971,0
1537443587580,57,Add_ContactForm,200,OK,AddContact 1-7,text,true,,3239,474,15,30,57,0,0
1537443586593,57,Add_ContactForm,200,"Number of samples in transaction : 2, number of failing samples : 0",AddContact 1-7,,true,,3239,474,15,30,57,987,0
1537443587580,59,Add_ContactForm,200,OK,AddContact 1-8,text,true,,3239,474,15,30,59,0,0
1537443586597,59,Add_ContactForm,200,"Number of samples in transaction : 2, number of failing samples : 0",AddContact 1-8,,true,,3239,474,15,30,59,983,0
1537443587560,92,Del_MainPage,200,OK,DeleteContact 2-14,text,true,,21543,446,15,30,91,0,1
1537443586578,92,Del_MainPage,200,"Number of samples in transaction : 2, number of failing samples : 0",DeleteContact 2-14,,true,,21543,446,15,30,91,984,1
1537443587561,110,Del_MainPage,200,OK,DeleteContact 2-2,text,true,,21543,446,15,30,109,0,1
1537443586578,110,Del_MainPage,200,"Number of samples in transaction : 2, number of failing samples : 0",DeleteContact 2-2,,true,,21543,446,15,30,109,986,1
1537443587562,138,Del_Contact,200,OK,DeleteContact 2-10,text,true,,2484,510,15,30,138,0,1
1537443584086,138,Del_Contact,200,"Number of samples in transaction : 2, number of failing samples : 0",DeleteContact 2-10,,true,,2484,510,15,30,138,2947,1
1537443587790,43,Del_Contact,200,OK,DeleteContact 2-11,text,true,,2484,510,15,30,43,0,1
1537443584318,43,Del_Contact,200,"Number of samples in transaction : 2, number of failing samples : 0",DeleteContact 2-11,,true,,2484,510,15,30,43,2943,1
1537443587898,47,Del_Contact,200,OK,DeleteContact 2-12,text,true,,2484,510,15,30,47,0,8
1537443584425,47,Del_Contact,200,"Number of samples in transaction : 2, number of failing samples : 0",DeleteContact 2-12,,true,,2484,510,15,30,47,2944,8
1537443589453,48,Add_ContactAction,200,OK,AddContact 1-6,text,true,,2477,1199,15,30,48,0,0
1537443586506,48,Add_ContactAction,200,"Number of samples in transaction : 2, number of failing samples : 0",AddContact 1-6,,true,,2477,1199,15,30,48,2947,0
1537443589454,51,Del_Contact,200,OK,DeleteContact 2-13,text,true,,2483,510,15,30,51,0,0
1537443586508,51,Del_Contact,200,"Number of samples in transaction : 2, number of failing samples : 0",DeleteContact 2-13,,true,,2483,510,15,30,51,2947,0
1537443589791,54,Del_MainPage,200,OK,DeleteContact 2-1,text,true,,20990,446,15,30,53,0,0
1537443588806,54,Del_MainPage,200,"Number of samples in transaction : 2, number of failing samples : 0",DeleteContact 2-1,,true,,20990,446,15,30,53,990,0
1537443589822,69,Add_MainPage,200,OK,AddContact 1-10,text,true,,20990,446,15,30,68,0,0
1537443588837,69,Add_MainPage,200,"Number of samples in transaction : 2, number of failing samples : 0",AddContact 1-10,,true,,20990,446,15,30,68,985,0
1537443589823,79,Add_MainPage,200,OK,AddContact 1-11,text,true,,20990,446,15,30,78,0,0
1537443588837,79,Add_MainPage,200,"Number of samples in transaction : 2, number of failing samples : 0",AddContact 1-11,,true,,20990,446,15,30,78,987,0
1537443590023,43,Del_MainPage,200,OK,DeleteContact 2-3,text,true,,20990,446,15,30,42,0,0
1537443589037,43,Del_MainPage,200,"Number of samples in transaction : 2, number of failing samples : 0",DeleteContact 2-3,,true,,20990,446,15,30,42,989,0
1537443590130,57,Del_MainPage,200,OK,DeleteContact 2-15,text,true,,20990,446,15,30,56,0,1
1537443589145,57,Del_MainPage,200,"Number of samples in transaction : 2, number of failing samples : 0",DeleteContact 2-15,,true,,20990,446,15,30,56,988,1
1537443590150,43,Del_MainPage,200,OK,DeleteContact 2-4,text,true,,20990,446,15,30,42,0,0
1537443589160,43,Del_MainPage,200,"Number of samples in transaction : 2, number of failing samples : 0",DeleteContact 2-4,,true,,20990,446,15,30,42,993,0
1537443590628,58,Del_ContactFrom,200,OK,DeleteContact 2-2,text,true,,3410,481,15,30,58,0,0
1537443587674,58,Del_ContactFrom,200,"Number of samples in transaction : 2, number of failing samples : 0",DeleteContact 2-2,,true,,3410,481,15,30,58,2955,0
1537443590614,75,Del_ContactFrom,200,OK,DeleteContact 2-14,text,true,,3273,481,15,30,75,0,0
1537443587654,75,Del_ContactFrom,200,"Number of samples in transaction : 2, number of failing samples : 0",DeleteContact 2-14,,true,,3273,481,15,30,75,2960,0
1537443590576,118,Add_ContactAction,200,OK,AddContact 1-9,text,true,,2477,1235,15,30,118,0,0
1537443587635,118,Add_ContactAction,200,"Number of samples in transaction : 2, number of failing samples : 0",AddContact 1-9,,true,,2477,1235,15,30,118,2941,0
1537443590596,116,Add_ContactAction,200,OK,AddContact 1-8,text,true,,2477,1451,15,30,115,0,0
1537443587639,116,Add_ContactAction,200,"Number of samples in transaction : 2, number of failing samples : 0",AddContact 1-8,,true,,2477,1451,15,30,115,2957,0
1537443590595,124,Add_ContactAction,200,OK,AddContact 1-7,text,true,,2477,1295,15,30,124,0,0
1537443587637,124,Add_ContactAction,200,"Number of samples in transaction : 2, number of failing samples : 0",AddContact 1-7,,true,,2477,1295,15,30,124,2958,0
1537443590745,38,Del_MainPage,200,OK,DeleteContact 2-5,text,true,,21429,446,15,30,37,0,1
1537443589760,38,Del_MainPage,200,"Number of samples in transaction : 2, number of failing samples : 0",DeleteContact 2-5,,true,,21429,446,15,30,37,988,1
1537443591372,37,Add_ContactForm,200,OK,AddContact 1-10,text,true,,3239,474,15,30,36,0,0
1537443589891,37,Add_ContactForm,200,"Number of samples in transaction : 2, number of failing samples : 0",AddContact 1-10,,true,,3239,474,15,30,36,977,0
1537443591392,18,Add_ContactForm,200,OK,AddContact 1-11,text,true,,3239,474,15,30,18,0,0
1537443589903,18,Add_ContactForm,200,"Number of samples in transaction : 2, number of failing samples : 0",AddContact 1-11,,true,,3239,474,15,30,18,986,0
1537443591557,84,Add_MainPage,200,OK,AddContact 1-14,text,true,,21429,446,15,30,83,0,0
1537443590068,84,Add_MainPage,200,"Number of samples in transaction : 2, number of failing samples : 0",AddContact 1-14,,true,,21429,446,15,30,83,985,0
1537443591572,73,Del_MainPage,200,OK,DeleteContact 2-7,text,true,,21429,446,15,30,72,0,1
1537443590083,73,Del_MainPage,200,"Number of samples in transaction : 2, number of failing samples : 0",DeleteContact 2-7,,true,,21429,446,15,30,72,988,1
1537443591573,79,Del_MainPage,200,OK,DeleteContact 2-6,text,true,,21429,446,15,30,77,0,0
1537443590083,79,Del_MainPage,200,"Number of samples in transaction : 2, number of failing samples : 0",DeleteContact 2-6,,true,,21429,446,15,30,77,988,0
1537443592249,67,Add_MainPage,200,OK,AddContact 1-13,text,true,,21429,446,15,30,66,0,1
1537443590761,67,Add_MainPage,200,"Number of samples in transaction : 2, number of failing samples : 0",AddContact 1-13,,true,,21429,446,15,30,66,984,1
1537443592265,55,Add_MainPage,200,OK,AddContact 1-12,text,true,,21429,446,15,30,53,0,1
1537443591284,55,Add_MainPage,200,"Number of samples in transaction : 2, number of failing samples : 0",AddContact 1-12,,true,,21429,446,15,30,53,981,1
1537443592619,22,Add_ContactForm,200,OK,AddContact 1-14,text,true,,3239,474,15,30,22,0,0
1537443591641,22,Add_ContactForm,200,"Number of samples in transaction : 2, number of failing samples : 0",AddContact 1-14,,true,,3239,474,15,30,22,978,0
1537443592896,42,Add_MainPage,200,OK,AddContact 1-1,text,true,,21429,446,15,30,41,0,1
1537443591911,42,Add_MainPage,200,"Number of samples in transaction : 2, number of failing samples : 0",AddContact 1-1,,true,,21429,446,15,30,41,985,1
1537443593296,45,Add_ContactForm,200,OK,AddContact 1-13,text,true,,3239,474,15,30,45,0,0
1537443592316,45,Add_ContactForm,200,"Number of samples in transaction : 2, number of failing samples : 0",AddContact 1-13,,true,,3239,474,15,30,45,980,0
1537443593296,47,Add_ContactForm,200,OK,AddContact 1-12,text,true,,3239,474,15,30,46,0,0
1537443592320,47,Add_ContactForm,200,"Number of samples in transaction : 2, number of failing samples : 0",AddContact 1-12,,true,,3239,474,15,30,46,976,0
1537443593296,50,Del_ContactFrom,200,OK,DeleteContact 2-1,text,true,,3391,481,15,30,49,0,1
1537443589850,50,Del_ContactFrom,200,"Number of samples in transaction : 2, number of failing samples : 0",DeleteContact 2-1,,true,,3391,481,15,30,49,2942,1
1537443593373,38,Del_MainPage,200,OK,DeleteContact 2-8,text,true,,21429,446,15,30,37,0,1
1537443592388,38,Del_MainPage,200,"Number of samples in transaction : 2, number of failing samples : 0",DeleteContact 2-8,,true,,21429,446,15,30,37,988,1
1537443593526,25,Del_ContactFrom,200,OK,DeleteContact 2-3,text,true,,3354,481,15,30,25,0,1
1537443590069,25,Del_ContactFrom,200,"Number of samples in transaction : 2, number of failing samples : 0",DeleteContact 2-3,,true,,3354,481,15,30,25,2954,1
1537443593634,43,Del_ContactFrom,200,OK,DeleteContact 2-15,text,true,,3290,481,15,30,43,0,1
1537443590190,43,Del_ContactFrom,200,"Number of samples in transaction : 2, number of failing samples : 0",DeleteContact 2-15,,true,,3290,481,15,30,43,2941,1
1537443593654,26,Del_ContactFrom,200,OK,DeleteContact 2-4,text,true,,3273,481,15,30,26,0,1
1537443590196,26,Del_ContactFrom,200,"Number of samples in transaction : 2, number of failing samples : 0",DeleteContact 2-4,,true,,3273,481,15,30,26,2954,1
1537443593912,28,Add_ContactForm,200,OK,AddContact 1-1,text,true,,3239,474,15,30,28,0,0
1537443592938,28,Add_ContactForm,200,"Number of samples in transaction : 2, number of failing samples : 0",AddContact 1-1,,true,,3239,474,15,30,28,974,0
1537443593896,56,Del_MainPage,200,OK,DeleteContact 2-9,text,true,,21429,446,15,30,55,0,1
1537443592915,56,Del_MainPage,200,"Number of samples in transaction : 2, number of failing samples : 0",DeleteContact 2-9,,true,,21429,446,15,30,55,984,1
1537443594097,77,Del_MainPage,200,OK,DeleteContact 2-10,text,true,,21429,446,15,30,75,0,0
1537443593111,77,Del_MainPage,200,"Number of samples in transaction : 2, number of failing samples : 0",DeleteContact 2-10,,true,,21429,446,15,30,75,989,0
1537443594137,48,Del_Contact,200,OK,DeleteContact 2-2,text,true,,2484,510,15,30,48,0,1
1537443590687,48,Del_Contact,200,"Number of samples in transaction : 2, number of failing samples : 0",DeleteContact 2-2,,true,,2484,510,15,30,48,2946,1
1537443594138,50,Del_Contact,200,OK,DeleteContact 2-14,text,true,,2484,510,15,30,50,0,1
1537443590690,50,Del_Contact,200,"Number of samples in transaction : 2, number of failing samples : 0",DeleteContact 2-14,,true,,2484,510,15,30,50,2944,1
1537443594220,33,Del_ContactFrom,200,OK,DeleteContact 2-5,text,true,,3426,481,15,30,33,0,0
1537443591290,33,Del_ContactFrom,200,"Number of samples in transaction : 2, number of failing samples : 0",DeleteContact 2-5,,true,,3426,481,15,30,33,2930,0
1537443594220,50,Del_MainPage,200,OK,DeleteContact 2-11,text,true,,21102,446,15,30,49,0,1
1537443593234,50,Del_MainPage,200,"Number of samples in transaction : 2, number of failing samples : 0",DeleteContact 2-11,,true,,21102,446,15,30,49,989,1
1537443594347,70,Del_MainPage,200,OK,DeleteContact 2-12,text,true,,21102,446,15,30,69,0,1
1537443593357,70,Del_MainPage,200,"Number of samples in transaction : 2, number of failing samples : 0",DeleteContact 2-12,,true,,21102,446,15,30,69,992,1
1537443594343,79,Add_ContactAction,200,OK,AddContact 1-10,text,true,,2477,1674,15,30,79,0,0
1537443591409,79,Add_ContactAction,200,"Number of samples in transaction : 2, number of failing samples : 0",AddContact 1-10,,true,,2477,1674,15,30,79,2934,0
1537443594344,141,Add_ContactAction,200,OK,AddContact 1-11,text,true,,2477,1577,15,30,141,0,0
1537443591411,141,Add_ContactAction,200,"Number of samples in transaction : 2, number of failing samples : 0",AddContact 1-11,,true,,2477,1577,15,30,141,2933,0
1537443594466,40,Add_MainPage,200,OK,AddContact 1-3,text,true,,21539,446,15,30,39,0,0
1537443593481,40,Add_MainPage,200,"Number of samples in transaction : 2, number of failing samples : 0",AddContact 1-3,,true,,21539,446,15,30,39,985,0
1537443594574,45,Del_ContactFrom,200,OK,DeleteContact 2-7,text,true,,3308,481,15,30,45,0,1
1537443591648,45,Del_ContactFrom,200,"Number of samples in transaction : 2, number of failing samples : 0",DeleteContact 2-7,,true,,3308,481,15,30,45,2927,1
1537443594593,29,Del_ContactFrom,200,OK,DeleteContact 2-6,text,true,,3354,481,15,30,29,0,0
1537443591654,29,Del_ContactFrom,200,"Number of samples in transaction : 2, number of failing samples : 0",DeleteContact 2-6,,true,,3354,481,15,30,29,2939,0
1537443595358,37,Add_MainPage,200,OK,AddContact 1-15,text,true,,21539,446,15,30,35,0,1
1537443594373,37,Add_MainPage,200,"Number of samples in transaction : 2, number of failing samples : 0",AddContact 1-15,,true,,21539,446,15,30,35,985,1
1537443595482,22,Add_ContactForm,200,OK,AddContact 1-3,text,true,,3239,474,15,30,22,0,0
1537443594506,22,Add_ContactForm,200,"Number of samples in transaction : 2, number of failing samples : 0",AddContact 1-3,,true,,3239,474,15,30,22,977,0
1537443595542,66,Add_MainPage,200,OK,AddContact 1-2,text,true,,21539,446,15,30,65,0,0
1537443594558,66,Add_MainPage,200,"Number of samples in transaction : 2, number of failing samples : 0",AddContact 1-2,,true,,21539,446,15,30,65,985,0
1537443595543,99,Add_MainPage,200,OK,AddContact 1-4,text,true,,21539,446,15,30,98,0,0
1537443594558,99,Add_MainPage,200,"Number of samples in transaction : 2, number of failing samples : 0",AddContact 1-4,,true,,21539,446,15,30,98,985,0
1537443595543,103,Add_MainPage,200,OK,AddContact 1-5,text,true,,21539,446,15,30,102,0,1
1537443594558,103,Add_MainPage,200,"Number of samples in transaction : 2, number of failing samples : 0",AddContact 1-5,,true,,21539,446,15,30,102,985,1
1537443595574,78,Add_ContactAction,200,OK,AddContact 1-14,text,true,,2477,1577,15,30,77,0,0
1537443592641,78,Add_ContactAction,200,"Number of samples in transaction : 2, number of failing samples : 0",AddContact 1-14,,true,,2477,1577,15,30,77,2933,0
1537443595897,36,Del_MainPage,200,OK,DeleteContact 2-13,text,true,,21750,446,15,30,34,0,0
1537443594912,36,Del_MainPage,200,"Number of samples in transaction : 2, number of failing samples : 0",DeleteContact 2-13,,true,,21750,446,15,30,34,988,0
1537443597316,53,Add_ContactAction,200,OK,AddContact 1-13,text,true,,2477,1085,15,30,53,0,0
1537443593341,53,Add_ContactAction,200,"Number of samples in transaction : 2, number of failing samples : 0",AddContact 1-13,,true,,2477,1085,15,30,53,2926,0
1537443597334,44,Add_ContactAction,200,OK,AddContact 1-12,text,true,,2477,1409,15,30,44,0,1
1537443593343,44,Add_ContactAction,200,"Number of samples in transaction : 2, number of failing samples : 0",AddContact 1-12,,true,,2477,1409,15,30,44,2942,1
1537443597335,46,Del_Contact,200,OK,DeleteContact 2-1,text,true,,2484,510,15,30,46,0,1
1537443593346,46,Del_Contact,200,"Number of samples in transaction : 2, number of failing samples : 0",DeleteContact 2-1,,true,,2484,510,15,30,46,2940,1
1537443597392,13,Del_ContactFrom,200,OK,DeleteContact 2-8,text,true,,3344,481,15,30,13,0,0
1537443593414,13,Del_ContactFrom,200,"Number of samples in transaction : 2, number of failing samples : 0",DeleteContact 2-8,,true,,3344,481,15,30,13,2929,0
1537443597422,14,Add_ContactForm,200,OK,AddContact 1-15,text,true,,3239,474,15,30,14,0,0
1537443595395,14,Add_ContactForm,200,"Number of samples in transaction : 2, number of failing samples : 0",AddContact 1-15,,true,,3239,474,15,30,14,979,0
1537443597530,26,Del_Contact,200,OK,DeleteContact 2-3,text,true,,2484,510,15,30,26,0,1
1537443593552,26,Del_Contact,200,"Number of samples in transaction : 2, number of failing samples : 0",DeleteContact 2-3,,true,,2484,510,15,30,26,2929,1
1537443597638,73,Add_ContactForm,200,OK,AddContact 1-2,text,true,,3239,474,15,30,72,0,0
1537443595609,73,Add_ContactForm,200,"Number of samples in transaction : 2, number of failing samples : 0",AddContact 1-2,,true,,3239,474,15,30,72,980,0
1537443597674,39,Add_ContactForm,200,OK,AddContact 1-5,text,true,,3239,474,15,30,39,0,0
1537443595646,39,Add_ContactForm,200,"Number of samples in transaction : 2, number of failing samples : 0",AddContact 1-5,,true,,3239,474,15,30,39,979,0
1537443597675,40,Add_ContactForm,200,OK,AddContact 1-4,text,true,,3239,474,15,30,39,0,0
1537443595642,40,Add_ContactForm,200,"Number of samples in transaction : 2, number of failing samples : 0",AddContact 1-4,,true,,3239,474,15,30,39,984,0
1537443597656,62,Del_Contact,200,OK,DeleteContact 2-15,text,true,,2484,510,15,30,62,0,0
1537443593678,62,Del_Contact,200,"Number of samples in transaction : 2, number of failing samples : 0",DeleteContact 2-15,,true,,2484,510,15,30,62,2929,0
1537443597657,68,Del_Contact,200,OK,DeleteContact 2-4,text,true,,2484,510,15,30,68,0,0
1537443593680,68,Del_Contact,200,"Number of samples in transaction : 2, number of failing samples : 0",DeleteContact 2-4,,true,,2484,510,15,30,68,2928,0
1537443597953,24,Del_ContactFrom,200,OK,DeleteContact 2-9,text,true,,3373,481,15,30,23,0,1
1537443593955,24,Del_ContactFrom,200,"Number of samples in transaction : 2, number of failing samples : 0",DeleteContact 2-9,,true,,3373,481,15,30,23,2953,1
1537443597934,53,Add_ContactAction,200,OK,AddContact 1-1,text,true,,2477,1650,15,30,53,0,1
1537443593940,53,Add_ContactAction,200,"Number of samples in transaction : 2, number of failing samples : 0",AddContact 1-1,,true,,2477,1650,15,30,53,2945,1
1537443598177,24,Del_ContactFrom,200,OK,DeleteContact 2-10,text,true,,3393,481,15,30,23,0,1
1537443594177,24,Del_ContactFrom,200,"Number of samples in transaction : 2, number of failing samples : 0",DeleteContact 2-10,,true,,3393,481,15,30,23,2951,1
1537443598254,29,Del_Contact,200,OK,DeleteContact 2-5,text,true,,2484,510,15,30,29,0,1
1537443594253,29,Del_Contact,200,"Number of samples in transaction : 2, number of failing samples : 0",DeleteContact 2-5,,true,,2484,510,15,30,29,2952,1
1537443598270,15,Del_ContactFrom,200,OK,DeleteContact 2-11,text,true,,3265,481,15,30,15,0,0
1537443594273,15,Del_ContactFrom,200,"Number of samples in transaction : 2, number of failing samples : 0",DeleteContact 2-11,,true,,3265,481,15,30,15,2949,0
1537443598423,32,Del_ContactFrom,200,OK,DeleteContact 2-12,text,true,,3175,481,15,30,31,0,1
1537443594419,32,Del_ContactFrom,200,"Number of samples in transaction : 2, number of failing samples : 0",DeleteContact 2-12,,true,,3175,481,15,30,31,2955,1
1537443598624,35,Del_Contact,200,OK,DeleteContact 2-6,text,true,,2490,510,15,30,35,0,0
1537443594622,35,Del_Contact,200,"Number of samples in transaction : 2, number of failing samples : 0",DeleteContact 2-6,,true,,2490,510,15,30,35,2953,0
1537443598623,41,Del_Contact,200,OK,DeleteContact 2-7,text,true,,2484,510,15,30,41,0,0
1537443594620,41,Del_Contact,200,"Number of samples in transaction : 2, number of failing samples : 0",DeleteContact 2-7,,true,,2484,510,15,30,41,2954,0
1537443598901,26,Add_MainPage,200,OK,AddContact 1-6,text,true,,21398,446,15,30,25,0,0
1537443597909,26,Add_MainPage,200,"Number of samples in transaction : 2, number of failing samples : 0",AddContact 1-6,,true,,21398,446,15,30,25,992,0
1537443599501,28,Add_ContactAction,200,OK,AddContact 1-3,text,true,,2477,1517,15,30,28,0,1
1537443595505,28,Add_ContactAction,200,"Number of samples in transaction : 2, number of failing samples : 0",AddContact 1-3,,true,,2477,1517,15,30,28,2947,1
1537443599902,23,Add_ContactForm,200,OK,AddContact 1-6,text,true,,3239,474,15,30,23,0,0
1537443598927,23,Add_ContactForm,200,"Number of samples in transaction : 2, number of failing samples : 0",AddContact 1-6,,true,,3239,474,15,30,23,975,0
1537443599931,17,Del_ContactFrom,200,OK,DeleteContact 2-13,text,true,,3374,481,15,30,17,0,1
1537443595936,17,Del_ContactFrom,200,"Number of samples in transaction : 2, number of failing samples : 0",DeleteContact 2-13,,true,,3374,481,15,30,17,2946,1
1537443600070,75,Add_MainPage,200,OK,AddContact 1-9,text,true,,21599,446,15,30,74,0,1
1537443599100,75,Add_MainPage,200,"Number of samples in transaction : 2, number of failing samples : 0",AddContact 1-9,,true,,21599,446,15,30,74,970,1
1537443600088,61,Add_MainPage,200,OK,AddContact 1-8,text,true,,21599,446,15,30,60,0,1
1537443599115,61,Add_MainPage,200,"Number of samples in transaction : 2, number of failing samples : 0",AddContact 1-8,,true,,21599,446,15,30,60,973,1
1537443600102,51,Add_MainPage,200,OK,AddContact 1-7,text,true,,21599,446,15,30,50,0,0
1537443599131,51,Add_MainPage,200,"Number of samples in transaction : 2, number of failing samples : 0",AddContact 1-7,,true,,21599,446,15,30,50,971,0
1537443600331,46,Del_Contact,200,OK,DeleteContact 2-8,text,true,,2484,510,15,30,46,0,1
1537443597405,46,Del_Contact,200,"Number of samples in transaction : 2, number of failing samples : 0",DeleteContact 2-8,,true,,2484,510,15,30,46,2927,1
1537443600362,22,Add_ContactAction,200,OK,AddContact 1-15,text,true,,2477,1367,15,30,22,0,1
1537443597437,22,Add_ContactAction,200,"Number of samples in transaction : 2, number of failing samples : 0",AddContact 1-15,,true,,2477,1367,15,30,22,2925,1
1537443600639,55,Add_ContactAction,200,OK,AddContact 1-2,text,true,,2477,1415,15,30,55,0,1
1537443597711,55,Add_ContactAction,200,"Number of samples in transaction : 2, number of failing samples : 0",AddContact 1-2,,true,,2477,1415,15,30,55,2928,1
1537443600668,38,Add_ContactAction,200,OK,AddContact 1-4,text,true,,2477,1091,15,30,38,0,1
1537443597715,38,Add_ContactAction,200,"Number of samples in transaction : 2, number of failing samples : 0",AddContact 1-4,,true,,2477,1091,15,30,38,2953,1
1537443600640,70,Add_ContactAction,200,OK,AddContact 1-5,text,true,,2477,1451,15,30,69,0,1
1537443597713,70,Add_ContactAction,200,"Number of samples in transaction : 2, number of failing samples : 0",AddContact 1-5,,true,,2477,1451,15,30,69,2927,1
1537443600916,129,Del_Contact,200,OK,DeleteContact 2-9,text,true,,2484,510,15,30,129,0,1
1537443597981,129,Del_Contact,200,"Number of samples in transaction : 2, number of failing samples : 0",DeleteContact 2-9,,true,,2484,510,15,30,129,2936,1
1537443601116,74,Add_ContactForm,200,OK,AddContact 1-9,text,true,,3239,474,15,30,74,0,0
1537443600145,74,Add_ContactForm,200,"Number of samples in transaction : 2, number of failing samples : 0",AddContact 1-9,,true,,3239,474,15,30,74,971,0
1537443601135,57,Add_ContactForm,200,OK,AddContact 1-7,text,true,,3239,474,15,30,57,0,0
1537443600153,57,Add_ContactForm,200,"Number of samples in transaction : 2, number of failing samples : 0",AddContact 1-7,,true,,3239,474,15,30,57,982,0
1537443601136,57,Add_ContactForm,200,OK,AddContact 1-8,text,true,,3239,474,15,30,57,0,0
1537443600149,57,Add_ContactForm,200,"Number of samples in transaction : 2, number of failing samples : 0",AddContact 1-8,,true,,3239,474,15,30,57,988,0
1537443601101,119,Del_MainPage,200,OK,DeleteContact 2-2,text,true,,21868,446,15,30,118,0,1
1537443600116,119,Del_MainPage,200,"Number of samples in transaction : 2, number of failing samples : 0",DeleteContact 2-2,,true,,21868,446,15,30,118,988,1
1537443601116,111,Del_MainPage,200,OK,DeleteContact 2-14,text,true,,21868,446,15,30,111,0,1
1537443600134,111,Del_MainPage,200,"Number of samples in transaction : 2, number of failing samples : 0",DeleteContact 2-14,,true,,21868,446,15,30,111,985,1
1537443601136,106,Del_Contact,200,OK,DeleteContact 2-10,text,true,,2484,510,15,30,106,0,0
1537443598201,106,Del_Contact,200,"Number of samples in transaction : 2, number of failing samples : 0",DeleteContact 2-10,,true,,2484,510,15,30,106,2935,0
1537443601226,44,Del_Contact,200,OK,DeleteContact 2-11,text,true,,2484,510,15,30,44,0,0
1537443598286,44,Del_Contact,200,"Number of samples in transaction : 2, number of failing samples : 0",DeleteContact 2-11,,true,,2484,510,15,30,44,2941,0
1537443601392,26,Del_Contact,200,OK,DeleteContact 2-12,text,true,,2490,510,15,30,26,0,1
1537443598455,26,Del_Contact,200,"Number of samples in transaction : 2, number of failing samples : 0",DeleteContact 2-12,,true,,2490,510,15,30,26,2938,1
1537443603927,107,Add_ContactAction,200,OK,AddContact 1-6,text,true,,2477,1463,15,30,107,0,1
1537443599925,107,Add_ContactAction,200,"Number of samples in transaction : 2, number of failing samples : 0",AddContact 1-6,,true,,2477,1463,15,30,107,2930,1
1537443603958,80,Del_Contact,200,OK,DeleteContact 2-13,text,true,,2483,510,15,30,80,0,1
1537443599948,80,Del_Contact,200,"Number of samples in transaction : 2, number of failing samples : 0",DeleteContact 2-13,,true,,2483,510,15,30,80,2938,1
1537443604328,44,Del_MainPage,200,OK,DeleteContact 2-1,text,true,,21533,446,15,30,41,0,0
1537443603342,44,Del_MainPage,200,"Number of samples in transaction : 2, number of failing samples : 0",DeleteContact 2-1,,true,,21533,446,15,30,41,991,0
1537443604373,33,Add_MainPage,200,OK,AddContact 1-10,text,true,,21533,446,15,30,31,0,0
1537443603388,33,Add_MainPage,200,"Number of samples in transaction : 2, number of failing samples : 0",AddContact 1-10,,true,,21533,446,15,30,31,985,0
1537443604435,23,Add_MainPage,200,OK,AddContact 1-11,text,true,,21533,446,15,30,22,0,0
1537443603450,23,Add_MainPage,200,"Number of samples in transaction : 2, number of failing samples : 0",AddContact 1-11,,true,,21533,446,15,30,22,986,0
1537443604497,24,Del_MainPage,200,OK,DeleteContact 2-3,text,true,,21533,446,15,30,22,0,0
1537443603512,24,Del_MainPage,200,"Number of samples in transaction : 2, number of failing samples : 0",DeleteContact 2-3,,true,,21533,446,15,30,22,987,0
1537443604665,60,Del_MainPage,200,OK,DeleteContact 2-15,text,true,,21533,446,15,30,59,0,1
1537443603680,60,Del_MainPage,200,"Number of samples in transaction : 2, number of failing samples : 0",DeleteContact 2-15,,true,,21533,446,15,30,59,988,1
1537443604666,76,Del_MainPage,200,OK,DeleteContact 2-4,text,true,,21533,446,15,30,75,0,1
1537443603681,76,Del_MainPage,200,"Number of samples in transaction : 2, number of failing samples : 0",DeleteContact 2-4,,true,,21533,446,15,30,75,988,1
1537443605189,71,Add_ContactAction,200,OK,AddContact 1-9,text,true,,2477,1505,15,30,71,0,0
1537443601190,71,Add_ContactAction,200,"Number of samples in transaction : 2, number of failing samples : 0",AddContact 1-9,,true,,2477,1505,15,30,71,2927,0
1537443605189,74,Add_ContactAction,200,OK,AddContact 1-7,text,true,,2477,1295,15,30,74,0,1
1537443601192,74,Add_ContactAction,200,"Number of samples in transaction : 2, number of failing samples : 0",AddContact 1-7,,true,,2477,1295,15,30,74,2925,1
1537443605207,58,Add_ContactAction,200,OK,AddContact 1-8,text,true,,2477,1397,15,30,58,0,1
1537443601194,58,Add_ContactAction,200,"Number of samples in transaction : 2, number of failing samples : 0",AddContact 1-8,,true,,2477,1397,15,30,58,2941,1
1537443605220,52,Del_ContactFrom,200,OK,DeleteContact 2-2,text,true,,3278,481,15,30,52,0,0
1537443601223,52,Del_ContactFrom,200,"Number of samples in transaction : 2, number of failing samples : 0",DeleteContact 2-2,,true,,3278,481,15,30,52,2925,0
1537443605242,40,Del_ContactFrom,200,OK,DeleteContact 2-14,text,true,,3323,481,15,30,40,0,1
1537443601230,40,Del_ContactFrom,200,"Number of samples in transaction : 2, number of failing samples : 0",DeleteContact 2-14,,true,,3323,481,15,30,40,2940,1
1537443605220,66,Del_MainPage,200,OK,DeleteContact 2-5,text,true,,21955,446,15,30,65,0,0
1537443604234,66,Del_MainPage,200,"Number of samples in transaction : 2, number of failing samples : 0",DeleteContact 2-5,,true,,21955,446,15,30,65,989,0
1537443605389,24,Add_ContactForm,200,OK,AddContact 1-10,text,true,,3239,474,15,30,24,0,0
1537443604406,24,Add_ContactForm,200,"Number of samples in transaction : 2, number of failing samples : 0",AddContact 1-10,,true,,3239,474,15,30,24,983,0
1537443605435,22,Add_ContactForm,200,OK,AddContact 1-11,text,true,,3239,474,15,30,22,0,0
1537443604459,22,Add_ContactForm,200,"Number of samples in transaction : 2, number of failing samples : 0",AddContact 1-11,,true,,3239,474,15,30,22,977,0
1537443605604,62,Add_MainPage,200,OK,AddContact 1-14,text,true,,21955,446,15,30,61,0,1
1537443604619,62,Add_MainPage,200,"Number of samples in transaction : 2, number of failing samples : 0",AddContact 1-14,,true,,21955,446,15,30,61,985,1
1537443605605,86,Del_MainPage,200,OK,DeleteContact 2-6,text,true,,21955,446,15,30,85,0,3
1537443604619,86,Del_MainPage,200,"Number of samples in transaction : 2, number of failing samples : 0",DeleteContact 2-6,,true,,21955,446,15,30,85,989,3
1537443605608,90,Del_MainPage,200,OK,DeleteContact 2-7,text,true,,21955,446,15,30,89,0,0
1537443604619,90,Del_MainPage,200,"Number of samples in transaction : 2, number of failing samples : 0",DeleteContact 2-7,,true,,21955,446,15,30,89,992,0
1537443606280,63,Add_MainPage,200,OK,AddContact 1-13,text,true,,21955,446,15,30,62,0,1
1537443605297,63,Add_MainPage,200,"Number of samples in transaction : 2, number of failing samples : 0",AddContact 1-13,,true,,21955,446,15,30,62,983,1
1537443606296,51,Add_MainPage,200,OK,AddContact 1-12,text,true,,21955,446,15,30,50,0,1
1537443605312,51,Add_MainPage,200,"Number of samples in transaction : 2, number of failing samples : 0",AddContact 1-12,,true,,21955,446,15,30,50,985,1
1537443606651,24,Add_ContactForm,200,OK,AddContact 1-14,text,true,,3239,474,15,30,24,0,0
1537443605666,24,Add_ContactForm,200,"Number of samples in transaction : 2, number of failing samples : 0",AddContact 1-14,,true,,3239,474,15,30,24,986,0
1537443606897,68,Add_MainPage,200,OK,AddContact 1-1,text,true,,21955,446,15,30,67,0,0
1537443605912,68,Add_MainPage,200,"Number of samples in transaction : 2, number of failing samples : 0",AddContact 1-1,,true,,21955,446,15,30,67,986,0
1537443607313,14,Del_ContactFrom,200,OK,DeleteContact 2-1,text,true,,3418,481,15,30,14,0,1
1537443604377,14,Del_ContactFrom,200,"Number of samples in transaction : 2, number of failing samples : 0",DeleteContact 2-1,,true,,3418,481,15,30,14,2937,1
1537443607328,47,Add_ContactForm,200,OK,AddContact 1-13,text,true,,3239,474,15,30,47,0,0
1537443606343,47,Add_ContactForm,200,"Number of samples in transaction : 2, number of failing samples : 0",AddContact 1-13,,true,,3239,474,15,30,47,985,0
1537443607328,49,Add_ContactForm,200,OK,AddContact 1-12,text,true,,3239,474,15,30,49,0,0
1537443606348,49,Add_ContactForm,200,"Number of samples in transaction : 2, number of failing samples : 0",AddContact 1-12,,true,,3239,474,15,30,49,980,0
1537443607360,40,Del_MainPage,200,OK,DeleteContact 2-8,text,true,,21955,446,15,30,39,0,1
1537443606359,40,Del_MainPage,200,"Number of samples in transaction : 2, number of failing samples : 0",DeleteContact 2-8,,true,,21955,446,15,30,39,1004,1
1537443607451,25,Del_ContactFrom,200,OK,DeleteContact 2-3,text,true,,3355,481,15,30,25,0,1
1537443604523,25,Del_ContactFrom,200,"Number of samples in transaction : 2, number of failing samples : 0",DeleteContact 2-3,,true,,3355,481,15,30,25,2929,1
1537443607667,43,Del_ContactFrom,200,OK,DeleteContact 2-15,text,true,,3354,481,15,30,42,0,1
1537443604728,43,Del_ContactFrom,200,"Number of samples in transaction : 2, number of failing samples : 0",DeleteContact 2-15,,true,,3354,481,15,30,42,2939,1
1537443607687,25,Del_ContactFrom,200,OK,DeleteContact 2-4,text,true,,3419,481,15,30,25,0,0
1537443604745,25,Del_ContactFrom,200,"Number of samples in transaction : 2, number of failing samples : 0",DeleteContact 2-4,,true,,3419,481,15,30,25,2942,0
1537443607943,13,Add_ContactForm,200,OK,AddContact 1-1,text,true,,3239,474,15,30,13,0,0
1537443606966,13,Add_ContactForm,200,"Number of samples in transaction : 2, number of failing samples : 0",AddContact 1-1,,true,,3239,474,15,30,13,977,0
1537443607989,40,Del_MainPage,200,OK,DeleteContact 2-9,text,true,,21955,446,15,30,39,0,0
1537443607004,40,Del_MainPage,200,"Number of samples in transaction : 2, number of failing samples : 0",DeleteContact 2-9,,true,,21955,446,15,30,39,988,0
1537443608669,84,Del_MainPage,200,OK,DeleteContact 2-10,text,true,,21955,446,15,30,84,0,1
1537443607205,84,Del_MainPage,200,"Number of samples in transaction : 2, number of failing samples : 0",DeleteContact 2-10,,true,,21955,446,15,30,84,988,1
1537443608684,76,Del_Contact,200,OK,DeleteContact 2-2,text,true,,2485,510,15,30,75,0,0
1537443605272,76,Del_Contact,200,"Number of samples in transaction : 2, number of failing samples : 0",DeleteContact 2-2,,true,,2485,510,15,30,75,2933,0
1537443608705,62,Del_ContactFrom,200,OK,DeleteContact 2-5,text,true,,3175,481,15,30,62,0,0
1537443605289,62,Del_ContactFrom,200,"Number of samples in transaction : 2, number of failing samples : 0",DeleteContact 2-5,,true,,3175,481,15,30,62,2964,0
1537443608705,101,Del_MainPage,200,OK,DeleteContact 2-11,text,true,,21853,446,15,30,101,0,1
1537443607235,101,Del_MainPage,200,"Number of samples in transaction : 2, number of failing samples : 0",DeleteContact 2-11,,true,,21853,446,15,30,101,999,1
1537443608704,111,Del_Contact,200,OK,DeleteContact 2-14,text,true,,2484,510,15,30,111,0,0
1537443605282,111,Del_Contact,200,"Number of samples in transaction : 2, number of failing samples : 0",DeleteContact 2-14,,true,,2484,510,15,30,111,2944,0
1537443608838,27,Del_MainPage,200,OK,DeleteContact 2-12,text,true,,21933,446,15,30,27,0,0
1537443607375,27,Del_MainPage,200,"Number of samples in transaction : 2, number of failing samples : 0",DeleteContact 2-12,,true,,21933,446,15,30,27,987,0
1537443608823,56,Add_ContactAction,200,OK,AddContact 1-10,text,true,,2477,1644,15,30,56,0,1
1537443605413,56,Add_ContactAction,200,"Number of samples in transaction : 2, number of failing samples : 0",AddContact 1-10,,true,,2477,1644,15,30,56,2931,1
1537443608868,17,Add_ContactAction,200,OK,AddContact 1-11,text,true,,2477,1680,15,30,17,0,1
1537443605458,17,Add_ContactAction,200,"Number of samples in transaction : 2, number of failing samples : 0",AddContact 1-11,,true,,2477,1680,15,30,17,2931,1
1537443608900,23,Add_MainPage,200,OK,AddContact 1-3,text,true,,22175,446,15,30,22,0,0
1537443607435,23,Add_MainPage,200,"Number of samples in transaction : 2, number of failing samples : 0",AddContact 1-3,,true,,22175,446,15,30,22,986,0
1537443609099,74,Del_ContactFrom,200,OK,DeleteContact 2-6,text,true,,3402,481,15,30,74,0,1
1537443605694,74,Del_ContactFrom,200,"Number of samples in transaction : 2, number of failing samples : 0",DeleteContact 2-6,,true,,3402,481,15,30,74,2926,1
1537443609142,33,Del_ContactFrom,200,OK,DeleteContact 2-7,text,true,,3361,481,15,30,33,0,1
1537443605701,33,Del_ContactFrom,200,"Number of samples in transaction : 2, number of failing samples : 0",DeleteContact 2-7,,true,,3361,481,15,30,33,2962,1
1537443609777,37,Add_MainPage,200,OK,AddContact 1-15,text,true,,22175,446,15,30,36,0,0
1537443608794,37,Add_MainPage,200,"Number of samples in transaction : 2, number of failing samples : 0",AddContact 1-15,,true,,22175,446,15,30,36,983,0
1537443609900,24,Add_ContactForm,200,OK,AddContact 1-3,text,true,,3239,474,15,30,24,0,0
1537443608924,24,Add_ContactForm,200,"Number of samples in transaction : 2, number of failing samples : 0",AddContact 1-3,,true,,3239,474,15,30,24,976,0
1537443610085,76,Add_MainPage,200,OK,AddContact 1-2,text,true,,22175,446,15,30,74,0,1
1537443609099,76,Add_MainPage,200,"Number of samples in transaction : 2, number of failing samples : 0",AddContact 1-2,,true,,22175,446,15,30,74,986,1
1537443610084,83,Add_ContactAction,200,OK,AddContact 1-14,text,true,,2477,1133,15,30,83,0,1
1537443606676,83,Add_ContactAction,200,"Number of samples in transaction : 2, number of failing samples : 0",AddContact 1-14,,true,,2477,1133,15,30,83,2929,1
1537443610115,75,Add_MainPage,200,OK,AddContact 1-4,text,true,,22285,446,15,30,74,0,1
1537443609143,75,Add_MainPage,200,"Number of samples in transaction : 2, number of failing samples : 0",AddContact 1-4,,true,,22285,446,15,30,74,972,1
1537443610116,78,Add_MainPage,200,OK,AddContact 1-5,text,true,,22285,446,15,30,77,0,0
1537443609143,78,Add_MainPage,200,"Number of samples in transaction : 2, number of failing samples : 0",AddContact 1-5,,true,,22285,446,15,30,77,973,0
1537443610407,41,Del_MainPage,200,OK,DeleteContact 2-13,text,true,,22285,446,15,30,39,0,1
1537443609423,41,Del_MainPage,200,"Number of samples in transaction : 2, number of failing samples : 0",DeleteContact 2-13,,true,,22285,446,15,30,39,989,1
1537443610762,75,Del_Contact,200,OK,DeleteContact 2-1,text,true,,2483,510,15,30,75,0,0
1537443607328,75,Del_Contact,200,"Number of samples in transaction : 2, number of failing samples : 0",DeleteContact 2-1,,true,,2483,510,15,30,75,2955,0
1537443610792,49,Add_ContactForm,200,OK,AddContact 1-15,text,true,,3239,474,15,30,49,0,0
1537443609814,49,Add_ContactForm,200,"Number of samples in transaction : 2, number of failing samples : 0",AddContact 1-15,,true,,3239,474,15,30,49,979,0
1537443610808,40,Add_ContactAction,200,OK,AddContact 1-13,text,true,,2477,1475,15,30,40,0,1
1537443607375,40,Add_ContactAction,200,"Number of samples in transaction : 2, number of failing samples : 0",AddContact 1-13,,true,,2477,1475,15,30,40,2954,1
1537443610827,26,Del_ContactFrom,200,OK,DeleteContact 2-8,text,true,,3355,481,15,30,26,0,0
1537443607403,26,Del_ContactFrom,200,"Number of samples in transaction : 2, number of failing samples : 0",DeleteContact 2-8,,true,,3355,481,15,30,26,2945,0
1537443610809,48,Add_ContactAction,200,OK,AddContact 1-12,text,true,,2477,1223,15,30,48,0,0
1537443607377,48,Add_ContactAction,200,"Number of samples in transaction : 2, number of failing samples : 0",AddContact 1-12,,true,,2477,1223,15,30,48,2953,0
1537443610900,27,Del_Contact,200,OK,DeleteContact 2-3,text,true,,2484,510,15,30,27,0,1
1537443607477,27,Del_Contact,200,"Number of samples in transaction : 2, number of failing samples : 0",DeleteContact 2-3,,true,,2484,510,15,30,27,2944,1
1537443611131,73,Add_ContactForm,200,OK,AddContact 1-2,text,true,,3239,474,15,30,73,0,0
1537443610161,73,Add_ContactForm,200,"Number of samples in transaction : 2, number of failing samples : 0",AddContact 1-2,,true,,3239,474,15,30,73,970,0
1537443611165,41,Add_ContactForm,200,OK,AddContact 1-4,text,true,,3239,474,15,30,41,0,0
1537443610190,41,Add_ContactForm,200,"Number of samples in transaction : 2, number of failing samples : 0",AddContact 1-4,,true,,3239,474,15,30,41,975,0
1537443611177,35,Add_ContactForm,200,OK,AddContact 1-5,text,true,,3239,474,15,30,35,0,0
1537443610194,35,Add_ContactForm,200,"Number of samples in transaction : 2, number of failing samples : 0",AddContact 1-5,,true,,3239,474,15,30,35,983,0
1537443611132,89,Del_Contact,200,OK,DeleteContact 2-4,text,true,,2484,510,15,30,89,0,1
1537443607712,89,Del_Contact,200,"Number of samples in transaction : 2, number of failing samples : 0",DeleteContact 2-4,,true,,2484,510,15,30,89,2942,1
1537443611131,92,Del_Contact,200,OK,DeleteContact 2-15,text,true,,2484,510,15,30,92,0,1
1537443607710,92,Del_Contact,200,"Number of samples in transaction : 2, number of failing samples : 0",DeleteContact 2-15,,true,,2484,510,15,30,92,2942,1
1537443611377,27,Add_ContactAction,200,OK,AddContact 1-1,text,true,,2477,1559,15,30,27,0,1
1537443607956,27,Add_ContactAction,200,"Number of samples in transaction : 2, number of failing samples : 0",AddContact 1-1,,true,,2477,1559,15,30,27,2942,1
1537443611470,26,Del_ContactFrom,200,OK,DeleteContact 2-9,text,true,,3282,481,15,30,26,0,1
1537443608032,26,Del_ContactFrom,200,"Number of samples in transaction : 2, number of failing samples : 0",DeleteContact 2-9,,true,,3282,481,15,30,26,2960,1
1537443611685,37,Del_ContactFrom,200,OK,DeleteContact 2-10,text,true,,3369,481,15,30,37,0,4
1537443608756,37,Del_ContactFrom,200,"Number of samples in transaction : 2, number of failing samples : 0",DeleteContact 2-10,,true,,3369,481,15,30,37,2929,4
1537443611731,13,Del_Contact,200,OK,DeleteContact 2-5,text,true,,2490,510,15,30,13,0,0
1537443608794,13,Del_Contact,200,"Number of samples in transaction : 2, number of failing samples : 0",DeleteContact 2-5,,true,,2490,510,15,30,13,2938,0
1537443611747,14,Del_ContactFrom,200,OK,DeleteContact 2-11,text,true,,3352,481,15,30,14,0,0
1537443608814,14,Del_ContactFrom,200,"Number of samples in transaction : 2, number of failing samples : 0",DeleteContact 2-11,,true,,3352,481,15,30,14,2933,0
1537443611808,16,Del_ContactFrom,200,OK,DeleteContact 2-12,text,true,,3353,481,15,30,16,0,0
1537443608868,16,Del_ContactFrom,200,"Number of samples in transaction : 2, number of failing samples : 0",DeleteContact 2-12,,true,,3353,481,15,30,16,2941,0
1537443612101,44,Del_Contact,200,OK,DeleteContact 2-6,text,true,,2484,510,15,30,43,0,1
1537443609173,44,Del_Contact,200,"Number of samples in transaction : 2, number of failing samples : 0",DeleteContact 2-6,,true,,2484,510,15,30,43,2928,1
1537443612102,46,Del_Contact,200,OK,DeleteContact 2-7,text,true,,2484,510,15,30,46,0,1
1537443609175,46,Del_Contact,200,"Number of samples in transaction : 2, number of failing samples : 0",DeleteContact 2-7,,true,,2484,510,15,30,46,2927,1
1537443612378,36,Add_MainPage,200,OK,AddContact 1-6,text,true,,21744,446,15,30,35,0,1
1537443611392,36,Add_MainPage,200,"Number of samples in transaction : 2, number of failing samples : 0",AddContact 1-6,,true,,21744,446,15,30,35,986,1
1537443612855,26,Add_ContactAction,200,OK,AddContact 1-3,text,true,,2477,1163,15,30,26,0,0
1537443609924,26,Add_ContactAction,200,"Number of samples in transaction : 2, number of failing samples : 0",AddContact 1-3,,true,,2477,1163,15,30,26,2932,0
1537443613393,23,Add_ContactForm,200,OK,AddContact 1-6,text,true,,3239,474,15,30,23,0,0
1537443612414,23,Add_ContactForm,200,"Number of samples in transaction : 2, number of failing samples : 0",AddContact 1-6,,true,,3239,474,15,30,23,979,0
1537443613378,40,Del_ContactFrom,200,OK,DeleteContact 2-13,text,true,,3273,481,15,30,40,0,0
1537443610453,40,Del_ContactFrom,200,"Number of samples in transaction : 2, number of failing samples : 0",DeleteContact 2-13,,true,,3273,481,15,30,40,2926,0
1537443614027,80,Add_MainPage,200,OK,AddContact 1-9,text,true,,21845,446,15,30,79,0,0
1537443612577,80,Add_MainPage,200,"Number of samples in transaction : 2, number of failing samples : 0",AddContact 1-9,,true,,21845,446,15,30,79,971,0
1537443614028,83,Add_MainPage,200,OK,AddContact 1-7,text,true,,21845,446,15,30,82,0,0
1537443612577,83,Add_MainPage,200,"Number of samples in transaction : 2, number of failing samples : 0",AddContact 1-7,,true,,21845,446,15,30,82,972,0
1537443614062,53,Add_MainPage,200,OK,AddContact 1-8,text,true,,21845,446,15,30,51,0,1
1537443612593,53,Add_MainPage,200,"Number of samples in transaction : 2, number of failing samples : 0",AddContact 1-8,,true,,21845,446,15,30,51,990,1
1537443614241,41,Add_ContactAction,200,OK,AddContact 1-15,text,true,,2477,1391,15,30,41,0,1
1537443610842,41,Add_ContactAction,200,"Number of samples in transaction : 2, number of failing samples : 0",AddContact 1-15,,true,,2477,1391,15,30,41,2920,1
1537443614243,42,Del_Contact,200,OK,DeleteContact 2-8,text,true,,2484,510,15,30,42,0,0
1537443610853,42,Del_Contact,200,"Number of samples in transaction : 2, number of failing samples : 0",DeleteContact 2-8,,true,,2484,510,15,30,42,2911,0
1537443614595,72,Add_ContactAction,200,OK,AddContact 1-2,text,true,,2477,1373,15,30,72,0,1
1537443611204,72,Add_ContactAction,200,"Number of samples in transaction : 2, number of failing samples : 0",AddContact 1-2,,true,,2477,1373,15,30,72,2912,1
1537443614596,75,Add_ContactAction,200,OK,AddContact 1-4,text,true,,2477,1421,15,30,75,0,1
1537443611206,75,Add_ContactAction,200,"Number of samples in transaction : 2, number of failing samples : 0",AddContact 1-4,,true,,2477,1421,15,30,75,2912,1
1537443614631,44,Add_ContactAction,200,OK,AddContact 1-5,text,true,,2477,1169,15,30,44,0,1
1537443611212,44,Add_ContactAction,200,"Number of samples in transaction : 2, number of failing samples : 0",AddContact 1-5,,true,,2477,1169,15,30,44,2940,1
1537443614888,27,Del_Contact,200,OK,DeleteContact 2-9,text,true,,2484,510,15,30,27,0,0
1537443611497,27,Del_Contact,200,"Number of samples in transaction : 2, number of failing samples : 0",DeleteContact 2-9,,true,,2484,510,15,30,27,2912,0
1537443615088,107,Add_ContactForm,200,OK,AddContact 1-9,text,true,,3239,474,15,30,107,0,0
1537443614107,107,Add_ContactForm,200,"Number of samples in transaction : 2, number of failing samples : 0",AddContact 1-9,,true,,3239,474,15,30,107,982,0
1537443615089,108,Add_ContactForm,200,OK,AddContact 1-7,text,true,,3239,474,15,30,108,0,0
1537443614111,108,Add_ContactForm,200,"Number of samples in transaction : 2, number of failing samples : 0",AddContact 1-7,,true,,3239,474,15,30,108,979,0
1537443615089,110,Add_ContactForm,200,OK,AddContact 1-8,text,true,,3239,474,15,30,110,0,0
1537443614115,110,Add_ContactForm,200,"Number of samples in transaction : 2, number of failing samples : 0",AddContact 1-8,,true,,3239,474,15,30,110,974,0
1537443615159,76,Del_MainPage,200,OK,DeleteContact 2-14,text,true,,22097,446,15,30,76,0,0
1537443614164,76,Del_MainPage,200,"Number of samples in transaction : 2, number of failing samples : 0",DeleteContact 2-14,,true,,22097,446,15,30,76,998,0
1537443615088,155,Del_MainPage,200,OK,DeleteContact 2-2,text,true,,22097,446,15,30,154,0,1
1537443614103,155,Del_MainPage,200,"Number of samples in transaction : 2, number of failing samples : 0",DeleteContact 2-2,,true,,22097,446,15,30,154,987,1
1537443615158,102,Del_Contact,200,OK,DeleteContact 2-11,text,true,,2484,510,15,30,102,0,1
1537443611761,102,Del_Contact,200,"Number of samples in transaction : 2, number of failing samples : 0",DeleteContact 2-11,,true,,2484,510,15,30,102,2918,1
1537443615136,128,Del_Contact,200,OK,DeleteContact 2-10,text,true,,2484,510,15,30,128,0,0
1537443611722,128,Del_Contact,200,"Number of samples in transaction : 2, number of failing samples : 0",DeleteContact 2-10,,true,,2484,510,15,30,128,2935,0
1537443615231,37,Del_Contact,200,OK,DeleteContact 2-12,text,true,,2485,510,15,30,37,0,0
1537443611825,37,Del_Contact,200,"Number of samples in transaction : 2, number of failing samples : 0",DeleteContact 2-12,,true,,2485,510,15,30,37,2927,0
1537443616811,49,Add_ContactAction,200,OK,AddContact 1-6,text,true,,2477,1307,15,30,48,0,1
1537443613416,49,Add_ContactAction,200,"Number of samples in transaction : 2, number of failing samples : 0",AddContact 1-6,,true,,2477,1307,15,30,48,2916,1
1537443616812,60,Del_Contact,200,OK,DeleteContact 2-13,text,true,,2484,510,15,30,60,0,1
1537443613419,60,Del_Contact,200,"Number of samples in transaction : 2, number of failing samples : 0",DeleteContact 2-13,,true,,2484,510,15,30,60,2914,1
1537443617150,106,Add_MainPage,200,OK,AddContact 1-10,text,true,,21616,446,15,30,105,0,1
1537443616180,106,Add_MainPage,200,"Number of samples in transaction : 2, number of failing samples : 0",AddContact 1-10,,true,,21616,446,15,30,105,970,1
1537443617151,109,Del_MainPage,200,OK,DeleteContact 2-1,text,true,,21616,446,15,30,108,0,1
1537443616180,109,Del_MainPage,200,"Number of samples in transaction : 2, number of failing samples : 0",DeleteContact 2-1,,true,,21616,446,15,30,108,974,1
1537443617164,114,Add_MainPage,200,OK,AddContact 1-11,text,true,,21616,446,15,30,113,0,1
1537443616196,114,Add_MainPage,200,"Number of samples in transaction : 2, number of failing samples : 0",AddContact 1-11,,true,,21616,446,15,30,113,968,1
1537443617246,55,Del_MainPage,200,OK,DeleteContact 2-3,text,true,,21616,446,15,30,54,0,1
1537443616272,55,Del_MainPage,200,"Number of samples in transaction : 2, number of failing samples : 0",DeleteContact 2-3,,true,,21616,446,15,30,54,977,1
1537443617534,65,Del_MainPage,200,OK,DeleteContact 2-4,text,true,,21616,446,15,30,64,0,1
1537443616565,65,Del_MainPage,200,"Number of samples in transaction : 2, number of failing samples : 0",DeleteContact 2-4,,true,,21616,446,15,30,64,972,1
1537443617553,53,Del_MainPage,200,OK,DeleteContact 2-15,text,true,,21616,446,15,30,51,0,1
1537443616580,53,Del_MainPage,200,"Number of samples in transaction : 2, number of failing samples : 0",DeleteContact 2-15,,true,,21616,446,15,30,51,975,1
1537443618073,42,Del_MainPage,200,OK,DeleteContact 2-5,text,true,,21616,446,15,30,41,0,1
1537443617088,42,Del_MainPage,200,"Number of samples in transaction : 2, number of failing samples : 0",DeleteContact 2-5,,true,,21616,446,15,30,41,988,1
1537443618135,62,Add_ContactAction,200,OK,AddContact 1-9,text,true,,2477,1632,15,30,61,0,0
1537443615196,62,Add_ContactAction,200,"Number of samples in transaction : 2, number of failing samples : 0",AddContact 1-9,,true,,2477,1632,15,30,61,2939,0
1537443618166,33,Del_ContactFrom,200,OK,DeleteContact 2-14,text,true,,3347,481,15,30,33,0,1
1537443615238,33,Del_ContactFrom,200,"Number of samples in transaction : 2, number of failing samples : 0",DeleteContact 2-14,,true,,3347,481,15,30,33,2928,1
1537443618135,69,Add_ContactAction,200,OK,AddContact 1-7,text,true,,2477,1169,15,30,69,0,1
1537443615198,69,Add_ContactAction,200,"Number of samples in transaction : 2, number of failing samples : 0",AddContact 1-7,,true,,2477,1169,15,30,69,2937,1
1537443618136,70,Add_ContactAction,200,OK,AddContact 1-8,text,true,,2477,1650,15,30,70,0,0
1537443615199,70,Add_ContactAction,200,"Number of samples in transaction : 2, number of failing samples : 0",AddContact 1-8,,true,,2477,1650,15,30,70,2937,0
1537443618181,27,Del_ContactFrom,200,OK,DeleteContact 2-2,text,true,,3337,481,15,30,27,0,0
1537443615245,27,Del_ContactFrom,200,"Number of samples in transaction : 2, number of failing samples : 0",DeleteContact 2-2,,true,,3337,481,15,30,27,2937,0
1537443618228,12,Add_ContactForm,200,OK,AddContact 1-10,text,true,,3239,474,15,30,12,0,0
1537443617256,12,Add_ContactForm,200,"Number of samples in transaction : 2, number of failing samples : 0",AddContact 1-10,,true,,3239,474,15,30,12,972,0
1537443618259,13,Add_ContactForm,200,OK,AddContact 1-11,text,true,,3239,474,15,30,13,0,0
1537443617278,13,Add_ContactForm,200,"Number of samples in transaction : 2, number of failing samples : 0",AddContact 1-11,,true,,3239,474,15,30,13,981,0
1537443618443,45,Add_MainPage,200,OK,AddContact 1-14,text,true,,22189,446,15,30,43,0,0
1537443617458,45,Add_MainPage,200,"Number of samples in transaction : 2, number of failing samples : 0",AddContact 1-14,,true,,22189,446,15,30,43,985,0
1537443618474,48,Del_MainPage,200,OK,DeleteContact 2-6,text,true,,22189,446,15,30,48,0,1
1537443617489,48,Del_MainPage,200,"Number of samples in transaction : 2, number of failing samples : 0",DeleteContact 2-6,,true,,22189,446,15,30,48,988,1
1537443618488,41,Del_MainPage,200,OK,DeleteContact 2-7,text,true,,22189,446,15,30,40,0,1
1537443617504,41,Del_MainPage,200,"Number of samples in transaction : 2, number of failing samples : 0",DeleteContact 2-7,,true,,22189,446,15,30,40,992,1
1537443619086,61,Add_MainPage,200,OK,AddContact 1-13,text,true,,22189,446,15,30,60,0,0
1537443618135,61,Add_MainPage,200,"Number of samples in transaction : 2, number of failing samples : 0",AddContact 1-13,,true,,22189,446,15,30,60,985,0
1537443619112,39,Add_MainPage,200,OK,AddContact 1-12,text,true,,22189,446,15,30,38,0,0
1537443618158,39,Add_MainPage,200,"Number of samples in transaction : 2, number of failing samples : 0",AddContact 1-12,,true,,22189,446,15,30,38,988,0
1537443619424,23,Add_ContactForm,200,OK,AddContact 1-14,text,true,,3239,474,15,30,23,0,0
1537443618488,23,Add_ContactForm,200,"Number of samples in transaction : 2, number of failing samples : 0",AddContact 1-14,,true,,3239,474,15,30,23,971,0
1537443619639,42,Add_MainPage,200,OK,AddContact 1-1,text,true,,22189,446,15,30,40,0,1
1537443618689,42,Add_MainPage,200,"Number of samples in transaction : 2, number of failing samples : 0",AddContact 1-1,,true,,22189,446,15,30,40,984,1
1537443620119,38,Add_ContactForm,200,OK,AddContact 1-13,text,true,,3239,474,15,30,38,0,0
1537443619147,38,Add_ContactForm,200,"Number of samples in transaction : 2, number of failing samples : 0",AddContact 1-13,,true,,3239,474,15,30,38,972,0
1537443620132,28,Add_ContactForm,200,OK,AddContact 1-12,text,true,,3239,474,15,30,27,0,0
1537443619151,28,Add_ContactForm,200,"Number of samples in transaction : 2, number of failing samples : 0",AddContact 1-12,,true,,3239,474,15,30,27,981,0
1537443620101,76,Del_MainPage,200,OK,DeleteContact 2-8,text,true,,22189,446,15,30,75,0,1
1537443619122,76,Del_MainPage,200,"Number of samples in transaction : 2, number of failing samples : 0",DeleteContact 2-8,,true,,22189,446,15,30,75,982,1
1537443620171,23,Del_ContactFrom,200,OK,DeleteContact 2-1,text,true,,3278,481,15,30,23,0,1
1537443617263,23,Del_ContactFrom,200,"Number of samples in transaction : 2, number of failing samples : 0",DeleteContact 2-1,,true,,3278,481,15,30,23,2942,1
1537443620209,13,Del_ContactFrom,200,OK,DeleteContact 2-3,text,true,,3385,481,15,30,13,0,1
1537443617304,13,Del_ContactFrom,200,"Number of samples in transaction : 2, number of failing samples : 0",DeleteContact 2-3,,true,,3385,481,15,30,13,2940,1
1537443620502,39,Del_ContactFrom,200,OK,DeleteContact 2-4,text,true,,3354,481,15,30,39,0,0
1537443617602,39,Del_ContactFrom,200,"Number of samples in transaction : 2, number of failing samples : 0",DeleteContact 2-4,,true,,3354,481,15,30,39,2934,0
1537443620503,40,Del_ContactFrom,200,OK,DeleteContact 2-15,text,true,,3395,481,15,30,40,0,0
1537443617608,40,Del_ContactFrom,200,"Number of samples in transaction : 2, number of failing samples : 0",DeleteContact 2-15,,true,,3395,481,15,30,40,2930,0
1537443620655,35,Add_ContactForm,200,OK,AddContact 1-1,text,true,,3239,474,15,30,35,0,0
1537443619681,35,Add_ContactForm,200,"Number of samples in transaction : 2, number of failing samples : 0",AddContact 1-1,,true,,3239,474,15,30,35,974,0
1537443620747,35,Del_MainPage,200,OK,DeleteContact 2-9,text,true,,22189,446,15,30,34,0,0
1537443619763,35,Del_MainPage,200,"Number of samples in transaction : 2, number of failing samples : 0",DeleteContact 2-9,,true,,22189,446,15,30,34,987,0
1537443621009,25,Del_ContactFrom,200,OK,DeleteContact 2-5,text,true,,3410,481,15,30,25,0,1
1537443618118,25,Del_ContactFrom,200,"Number of samples in transaction : 2, number of failing samples : 0",DeleteContact 2-5,,true,,3410,481,15,30,25,2925,1
1537443621104,147,Del_MainPage,200,OK,DeleteContact 2-10,text,true,,22189,446,15,30,146,0,0
1537443620119,147,Del_MainPage,200,"Number of samples in transaction : 2, number of failing samples : 0",DeleteContact 2-10,,true,,22189,446,15,30,146,988,0
1537443621104,154,Del_MainPage,200,OK,DeleteContact 2-12,text,true,,22189,446,15,30,153,0,1
1537443620119,154,Del_MainPage,200,"Number of samples in transaction : 2, number of failing samples : 0",DeleteContact 2-12,,true,,22189,446,15,30,153,1061,1
1537443621103,237,Del_MainPage,200,OK,DeleteContact 2-11,text,true,,22189,446,15,30,236,0,1
1537443620119,237,Del_MainPage,200,"Number of samples in transaction : 2, number of failing samples : 0",DeleteContact 2-11,,true,,22189,446,15,30,236,987,1
1537443621133,214,Add_MainPage,200,OK,AddContact 1-3,text,true,,22189,446,15,30,213,0,0
1537443620147,214,Add_MainPage,200,"Number of samples in transaction : 2, number of failing samples : 0",AddContact 1-3,,true,,22189,446,15,30,213,986,0
1537443621102,271,Del_Contact,200,OK,DeleteContact 2-2,text,true,,2484,510,15,30,271,0,1
1537443618209,271,Del_Contact,200,"Number of samples in transaction : 2, number of failing samples : 0",DeleteContact 2-2,,true,,2484,510,15,30,271,2927,1
1537443621132,250,Add_ContactAction,200,OK,AddContact 1-10,text,true,,2477,1331,15,30,250,0,1
1537443618241,250,Add_ContactAction,200,"Number of samples in transaction : 2, number of failing samples : 0",AddContact 1-10,,true,,2477,1331,15,30,250,2925,1
1537443621101,285,Del_Contact,200,OK,DeleteContact 2-14,text,true,,2484,510,15,30,285,0,1
1537443618199,285,Del_Contact,200,"Number of samples in transaction : 2, number of failing samples : 0",DeleteContact 2-14,,true,,2484,510,15,30,285,2936,1
1537443621179,210,Add_ContactAction,200,OK,AddContact 1-11,text,true,,2477,1505,15,30,210,0,0
1537443618272,210,Add_ContactAction,200,"Number of samples in transaction : 2, number of failing samples : 0",AddContact 1-11,,true,,2477,1505,15,30,210,2941,0
1537443621425,35,Del_ContactFrom,200,OK,DeleteContact 2-6,text,true,,3365,481,15,30,35,0,1
1537443618525,35,Del_ContactFrom,200,"Number of samples in transaction : 2, number of failing samples : 0",DeleteContact 2-6,,true,,3365,481,15,30,35,2934,1
1537443621443,19,Del_ContactFrom,200,OK,DeleteContact 2-7,text,true,,3369,481,15,30,19,0,0
1537443618537,19,Del_ContactFrom,200,"Number of samples in transaction : 2, number of failing samples : 0",DeleteContact 2-7,,true,,3369,481,15,30,19,2940,0
1537443622071,36,Add_MainPage,200,OK,AddContact 1-15,text,true,,22247,446,15,30,35,0,1
1537443621086,36,Add_MainPage,200,"Number of samples in transaction : 2, number of failing samples : 0",AddContact 1-15,,true,,22247,446,15,30,35,985,1
1537443622318,37,Add_ContactForm,200,OK,AddContact 1-3,text,true,,3239,474,15,30,37,0,0
1537443621347,37,Add_ContactForm,200,"Number of samples in transaction : 2, number of failing samples : 0",AddContact 1-3,,true,,3239,474,15,30,37,972,0
1537443622379,19,Add_ContactAction,200,OK,AddContact 1-14,text,true,,2477,1583,15,30,19,0,0
1537443619448,19,Add_ContactAction,200,"Number of samples in transaction : 2, number of failing samples : 0",AddContact 1-14,,true,,2477,1583,15,30,19,2931,0
1537443622503,492,Add_MainPage,200,OK,AddContact 1-4,text,true,,22421,446,15,30,491,0,1
1537443621471,492,Add_MainPage,200,"Number of samples in transaction : 2, number of failing samples : 0",AddContact 1-4,,true,,22421,446,15,30,491,1032,1
1537443622504,721,Add_MainPage,200,OK,AddContact 1-5,text,true,,22421,446,15,30,701,0,0
1537443621486,721,Add_MainPage,200,"Number of samples in transaction : 2, number of failing samples : 0",AddContact 1-5,,true,,22421,446,15,30,701,1018,0
1537443622503,771,Add_MainPage,200,OK,AddContact 1-2,text,true,,22421,446,15,30,277,0,0
1537443621471,771,Add_MainPage,200,"Number of samples in transaction : 2, number of failing samples : 0",AddContact 1-2,,true,,22421,446,15,30,277,1032,0
1537443623087,249,Add_ContactForm,200,OK,AddContact 1-15,text,true,,3239,474,15,30,249,0,0
1537443622107,249,Add_ContactForm,200,"Number of samples in transaction : 2, number of failing samples : 0",AddContact 1-15,,true,,3239,474,15,30,249,981,0
1537443623199,154,Del_ContactFrom,200,OK,DeleteContact 2-8,text,true,,3365,481,15,30,154,0,0
1537443620180,154,Del_ContactFrom,200,"Number of samples in transaction : 2, number of failing samples : 0",DeleteContact 2-8,,true,,3365,481,15,30,154,3019,0
1537443622779,579,Del_MainPage,200,OK,DeleteContact 2-13,text,true,,22421,446,15,30,578,0,0
1537443621733,579,Del_MainPage,200,"Number of samples in transaction : 2, number of failing samples : 0",DeleteContact 2-13,,true,,22421,446,15,30,578,1049,0
1537443623114,249,Add_ContactAction,200,OK,AddContact 1-13,text,true,,2477,1571,15,30,249,0,0
1537443620157,249,Add_ContactAction,200,"Number of samples in transaction : 2, number of failing samples : 0",AddContact 1-13,,true,,2477,1571,15,30,249,2957,0
1537443623114,251,Add_ContactAction,200,OK,AddContact 1-12,text,true,,2477,1638,15,30,251,0,1
1537443620160,251,Add_ContactAction,200,"Number of samples in transaction : 2, number of failing samples : 0",AddContact 1-12,,true,,2477,1638,15,30,251,2954,1
1537443623199,190,Del_Contact,200,OK,DeleteContact 2-1,text,true,,2483,510,15,30,190,0,0
1537443620194,190,Del_Contact,200,"Number of samples in transaction : 2, number of failing samples : 0",DeleteContact 2-1,,true,,2483,510,15,30,190,3005,0
1537443623200,192,Del_Contact,200,OK,DeleteContact 2-3,text,true,,2484,510,15,30,192,0,0
1537443620223,192,Del_Contact,200,"Number of samples in transaction : 2, number of failing samples : 0",DeleteContact 2-3,,true,,2484,510,15,30,192,2977,0
1537443623472,47,Del_Contact,200,OK,DeleteContact 2-4,text,true,,2482,510,15,30,47,0,0
1537443620541,47,Del_Contact,200,"Number of samples in transaction : 2, number of failing samples : 0",DeleteContact 2-4,,true,,2482,510,15,30,47,2931,0
1537443623473,49,Del_Contact,200,OK,DeleteContact 2-15,text,true,,2483,510,15,30,49,0,0
1537443620544,49,Del_Contact,200,"Number of samples in transaction : 2, number of failing samples : 0",DeleteContact 2-15,,true,,2483,510,15,30,49,2929,0
1537443623626,80,Add_ContactAction,200,OK,AddContact 1-1,text,true,,2477,1271,15,30,80,0,5
1537443620690,80,Add_ContactAction,200,"Number of samples in transaction : 2, number of failing samples : 0",AddContact 1-1,,true,,2477,1271,15,30,80,2936,5
1537443623718,25,Del_ContactFrom,200,OK,DeleteContact 2-9,text,true,,3380,481,15,30,25,0,0
1537443620785,25,Del_ContactFrom,200,"Number of samples in transaction : 2, number of failing samples : 0",DeleteContact 2-9,,true,,3380,481,15,30,25,2933,0
1537443623905,42,Add_ContactForm,200,OK,AddContact 1-4,text,true,,3239,474,15,30,42,0,0
1537443622995,42,Add_ContactForm,200,"Number of samples in transaction : 2, number of failing samples : 0",AddContact 1-4,,true,,3239,474,15,30,42,985,0
1537443623906,59,Del_Contact,200,OK,DeleteContact 2-5,text,true,,2484,510,15,30,59,0,0
1537443621034,59,Del_Contact,200,"Number of samples in transaction : 2, number of failing samples : 0",DeleteContact 2-5,,true,,2484,510,15,30,59,2946,0
1537443624123,27,Add_ContactForm,200,OK,AddContact 1-5,text,true,,3239,474,15,30,27,0,0
1537443623225,27,Add_ContactForm,200,"Number of samples in transaction : 2, number of failing samples : 0",AddContact 1-5,,true,,3239,474,15,30,27,972,0
1537443624106,47,Del_ContactFrom,200,OK,DeleteContact 2-10,text,true,,3305,481,15,30,47,0,0
1537443621254,47,Del_ContactFrom,200,"Number of samples in transaction : 2, number of failing samples : 0",DeleteContact 2-10,,true,,3305,481,15,30,47,2928,0
1537443624167,13,Add_ContactForm,200,OK,AddContact 1-2,text,true,,3239,474,15,30,13,0,0
1537443623274,13,Add_ContactForm,200,"Number of samples in transaction : 2, number of failing samples : 0",AddContact 1-2,,true,,3239,474,15,30,13,968,0
1537443624198,23,Del_ContactFrom,200,OK,DeleteContact 2-12,text,true,,3380,481,15,30,23,0,0
1537443621334,23,Del_ContactFrom,200,"Number of samples in transaction : 2, number of failing samples : 0",DeleteContact 2-12,,true,,3380,481,15,30,23,2938,0
1537443624198,25,Del_ContactFrom,200,OK,DeleteContact 2-11,text,true,,3417,481,15,30,25,0,1
1537443621343,25,Del_ContactFrom,200,"Number of samples in transaction : 2, number of failing samples : 0",DeleteContact 2-11,,true,,3417,481,15,30,25,2929,1
1537443624321,46,Del_Contact,200,OK,DeleteContact 2-6,text,true,,2484,510,15,30,46,0,1
1537443621460,46,Del_Contact,200,"Number of samples in transaction : 2, number of failing samples : 0",DeleteContact 2-6,,true,,2484,510,15,30,46,2935,1
1537443624322,48,Del_Contact,200,OK,DeleteContact 2-7,text,true,,2484,510,15,30,48,0,1
1537443621462,48,Del_Contact,200,"Number of samples in transaction : 2, number of failing samples : 0",DeleteContact 2-7,,true,,2484,510,15,30,48,2934,1
1537443624568,45,Add_MainPage,200,OK,AddContact 1-6,text,true,,21691,446,15,30,43,0,0
1537443623671,45,Add_MainPage,200,"Number of samples in transaction : 2, number of failing samples : 0",AddContact 1-6,,true,,21691,446,15,30,43,971,0
1537443625213,39,Add_ContactAction,200,OK,AddContact 1-3,text,true,,2477,1535,15,30,39,0,1
1537443622356,39,Add_ContactAction,200,"Number of samples in transaction : 2, number of failing samples : 0",AddContact 1-3,,true,,2477,1535,15,30,39,2931,1
1537443625598,29,Add_ContactForm,200,OK,AddContact 1-6,text,true,,3239,474,15,30,29,0,0
1537443624613,29,Add_ContactForm,200,"Number of samples in transaction : 2, number of failing samples : 0",AddContact 1-6,,true,,3239,474,15,30,29,985,0
1537443625922,81,Add_MainPage,200,OK,AddContact 1-9,text,true,,21914,446,15,30,80,0,1
1537443624937,81,Add_MainPage,200,"Number of samples in transaction : 2, number of failing samples : 0",AddContact 1-9,,true,,21914,446,15,30,80,985,1
1537443625923,84,Add_MainPage,200,OK,AddContact 1-8,text,true,,21914,446,15,30,84,0,0
1537443624937,84,Add_MainPage,200,"Number of samples in transaction : 2, number of failing samples : 0",AddContact 1-8,,true,,21914,446,15,30,84,986,0
1537443625924,88,Add_MainPage,200,OK,AddContact 1-7,text,true,,21914,446,15,30,86,0,0
1537443624937,88,Add_MainPage,200,"Number of samples in transaction : 2, number of failing samples : 0",AddContact 1-7,,true,,21914,446,15,30,86,987,0
1537443626213,39,Del_ContactFrom,200,OK,DeleteContact 2-13,text,true,,3302,481,15,30,39,0,1
1537443623361,39,Del_ContactFrom,200,"Number of samples in transaction : 2, number of failing samples : 0",DeleteContact 2-13,,true,,3302,481,15,30,39,2926,1
1537443626198,56,Add_ContactAction,200,OK,AddContact 1-15,text,true,,2477,1397,15,30,56,0,1
1537443623337,56,Add_ContactAction,200,"Number of samples in transaction : 2, number of failing samples : 0",AddContact 1-15,,true,,2477,1397,15,30,56,2935,1
1537443626219,38,Del_Contact,200,OK,DeleteContact 2-8,text,true,,2484,510,15,30,38,0,5
1537443623353,38,Del_Contact,200,"Number of samples in transaction : 2, number of failing samples : 0",DeleteContact 2-8,,true,,2484,510,15,30,38,2940,5
1537443626599,26,Del_Contact,200,OK,DeleteContact 2-9,text,true,,2484,510,15,30,26,0,0
1537443623669,26,Del_Contact,200,"Number of samples in transaction : 2, number of failing samples : 0",DeleteContact 2-9,,true,,2484,510,15,30,26,2930,0
1537443626894,39,Add_ContactAction,200,OK,AddContact 1-4,text,true,,2477,1553,15,30,39,0,1
1537443623948,39,Add_ContactAction,200,"Number of samples in transaction : 2, number of failing samples : 0",AddContact 1-4,,true,,2477,1553,15,30,39,2946,1
1537443626983,49,Add_ContactForm,200,OK,AddContact 1-9,text,true,,3239,474,15,30,49,0,0
1537443626003,49,Add_ContactForm,200,"Number of samples in transaction : 2, number of failing samples : 0",AddContact 1-9,,true,,3239,474,15,30,49,980,0
1537443626983,51,Add_ContactForm,200,OK,AddContact 1-8,text,true,,3239,474,15,30,51,0,0
1537443626007,51,Add_ContactForm,200,"Number of samples in transaction : 2, number of failing samples : 0",AddContact 1-8,,true,,3239,474,15,30,51,976,0
1537443626983,53,Add_ContactForm,200,OK,AddContact 1-7,text,true,,3239,474,15,30,53,0,0
1537443626012,53,Add_ContactForm,200,"Number of samples in transaction : 2, number of failing samples : 0",AddContact 1-7,,true,,3239,474,15,30,53,971,0
1537443627091,118,Add_ContactAction,200,OK,AddContact 1-5,text,true,,2477,1181,15,30,118,0,1
1537443624150,118,Add_ContactAction,200,"Number of samples in transaction : 2, number of failing samples : 0",AddContact 1-5,,true,,2477,1181,15,30,118,2941,1
1537443627109,124,Del_Contact,200,OK,DeleteContact 2-10,text,true,,2484,510,15,30,124,0,1
1537443624155,124,Del_Contact,200,"Number of samples in transaction : 2, number of failing samples : 0",DeleteContact 2-10,,true,,2484,510,15,30,124,2954,1
1537443627168,68,Del_Contact,200,OK,DeleteContact 2-11,text,true,,2484,510,15,30,68,0,1
1537443624223,68,Del_Contact,200,"Number of samples in transaction : 2, number of failing samples : 0",DeleteContact 2-11,,true,,2484,510,15,30,68,2945,1
1537443627168,70,Del_Contact,200,OK,DeleteContact 2-12,text,true,,2484,510,15,30,70,0,0
1537443624221,70,Del_Contact,200,"Number of samples in transaction : 2, number of failing samples : 0",DeleteContact 2-12,,true,,2484,510,15,30,70,2947,0
1537443627127,130,Add_ContactAction,200,OK,AddContact 1-2,text,true,,2477,1626,15,30,130,0,1
1537443624181,130,Add_ContactAction,200,"Number of samples in transaction : 2, number of failing samples : 0",AddContact 1-2,,true,,2477,1626,15,30,130,2946,1
1537443627167,94,Del_MainPage,200,OK,DeleteContact 2-2,text,true,,21915,446,15,30,94,0,1
1537443626182,94,Del_MainPage,200,"Number of samples in transaction : 2, number of failing samples : 0",DeleteContact 2-2,,true,,21915,446,15,30,94,988,1
1537443627186,82,Del_MainPage,200,OK,DeleteContact 2-14,text,true,,21915,446,15,30,81,0,1
1537443626199,82,Del_MainPage,200,"Number of samples in transaction : 2, number of failing samples : 0",DeleteContact 2-14,,true,,21915,446,15,30,81,990,1
1537443628027,47,Add_ContactAction,200,OK,AddContact 1-6,text,true,,2477,1289,15,30,47,0,1
1537443625627,47,Add_ContactAction,200,"Number of samples in transaction : 2, number of failing samples : 0",AddContact 1-6,,true,,2477,1289,15,30,47,2926,1
1537443628612,87,Add_MainPage,200,OK,AddContact 1-10,text,true,,21793,446,15,30,86,0,0
1537443628152,87,Add_MainPage,200,"Number of samples in transaction : 2, number of failing samples : 0",AddContact 1-10,,true,,21793,446,15,30,86,986,0
1537443628612,91,Add_MainPage,200,OK,AddContact 1-11,text,true,,21793,446,15,30,91,0,1
1537443628153,91,Add_MainPage,200,"Number of samples in transaction : 2, number of failing samples : 0",AddContact 1-11,,true,,21793,446,15,30,91,986,1
1537443628661,71,Del_MainPage,200,OK,DeleteContact 2-1,text,true,,21793,446,15,30,70,0,0
1537443628199,71,Del_MainPage,200,"Number of samples in transaction : 2, number of failing samples : 0",DeleteContact 2-1,,true,,21793,446,15,30,70,991,0
1537443628657,79,Del_Contact,200,OK,DeleteContact 2-13,text,true,,2484,510,15,30,79,0,1
1537443626252,79,Del_Contact,200,"Number of samples in transaction : 2, number of failing samples : 0",DeleteContact 2-13,,true,,2484,510,15,30,79,2931,1
1537443628661,79,Del_MainPage,200,OK,DeleteContact 2-3,text,true,,21793,446,15,30,78,0,1
1537443628199,79,Del_MainPage,200,"Number of samples in transaction : 2, number of failing samples : 0",DeleteContact 2-3,,true,,21793,446,15,30,78,996,1
1537443628797,64,Del_MainPage,200,OK,DeleteContact 2-4,text,true,,21682,446,15,30,63,0,0
1537443628337,64,Del_MainPage,200,"Number of samples in transaction : 2, number of failing samples : 0",DeleteContact 2-4,,true,,21682,446,15,30,63,988,0
1537443628798,69,Del_MainPage,200,OK,DeleteContact 2-15,text,true,,21682,446,15,30,68,0,0
1537443628337,69,Del_MainPage,200,"Number of samples in transaction : 2, number of failing samples : 0",DeleteContact 2-15,,true,,21682,446,15,30,68,990,0
1537443629319,46,Del_MainPage,200,OK,DeleteContact 2-5,text,true,,21682,446,15,30,45,0,1
1537443628334,46,Del_MainPage,200,"Number of samples in transaction : 2, number of failing samples : 0",DeleteContact 2-5,,true,,21682,446,15,30,45,988,1
1537443629442,54,Add_ContactAction,200,OK,AddContact 1-9,text,true,,2477,1391,15,30,54,0,3
1537443627032,54,Add_ContactAction,200,"Number of samples in transaction : 2, number of failing samples : 0",AddContact 1-9,,true,,2477,1391,15,30,54,2936,3
1537443629444,55,Add_ContactAction,200,OK,AddContact 1-7,text,true,,2477,1608,15,30,54,0,2
1537443627036,55,Add_ContactAction,200,"Number of samples in transaction : 2, number of failing samples : 0",AddContact 1-7,,true,,2477,1608,15,30,54,2934,2
1537443629443,58,Add_ContactAction,200,OK,AddContact 1-8,text,true,,2477,1265,15,30,58,0,4
1537443627034,58,Add_ContactAction,200,"Number of samples in transaction : 2, number of failing samples : 0",AddContact 1-8,,true,,2477,1265,15,30,58,2936,4
1537443629642,80,Add_MainPage,200,OK,AddContact 1-14,text,true,,22181,446,15,30,79,0,1
1537443628658,80,Add_MainPage,200,"Number of samples in transaction : 2, number of failing samples : 0",AddContact 1-14,,true,,22181,446,15,30,79,984,1
1537443629673,57,Add_ContactForm,200,OK,AddContact 1-10,text,true,,3239,474,15,30,57,0,0
1537443628699,57,Add_ContactForm,200,"Number of samples in transaction : 2, number of failing samples : 0",AddContact 1-10,,true,,3239,474,15,30,57,974,0
1537443629701,33,Add_ContactForm,200,OK,AddContact 1-11,text,true,,3239,474,15,30,33,0,0
1537443628704,33,Add_ContactForm,200,"Number of samples in transaction : 2, number of failing samples : 0",AddContact 1-11,,true,,3239,474,15,30,33,997,0
1537443629681,56,Del_ContactFrom,200,OK,DeleteContact 2-2,text,true,,3353,481,15,30,56,0,1
1537443627264,56,Del_ContactFrom,200,"Number of samples in transaction : 2, number of failing samples : 0",DeleteContact 2-2,,true,,3353,481,15,30,56,2943,1
1537443629682,74,Del_ContactFrom,200,OK,DeleteContact 2-14,text,true,,3385,481,15,30,74,0,0
1537443627271,74,Del_ContactFrom,200,"Number of samples in transaction : 2, number of failing samples : 0",DeleteContact 2-14,,true,,3385,481,15,30,74,2937,0
1537443629736,45,Del_MainPage,200,OK,DeleteContact 2-7,text,true,,22181,446,15,30,45,0,0
1537443628750,45,Del_MainPage,200,"Number of samples in transaction : 2, number of failing samples : 0",DeleteContact 2-7,,true,,22181,446,15,30,45,989,0
1537443629736,52,Del_MainPage,200,OK,DeleteContact 2-6,text,true,,22181,446,15,30,51,0,1
1537443628750,52,Del_MainPage,200,"Number of samples in transaction : 2, number of failing samples : 0",DeleteContact 2-6,,true,,22181,446,15,30,51,989,1
1537443630582,65,Add_MainPage,200,OK,AddContact 1-13,text,true,,22181,446,15,30,65,0,0
1537443629596,65,Add_MainPage,200,"Number of samples in transaction : 2, number of failing samples : 0",AddContact 1-13,,true,,22181,446,15,30,65,986,0
1537443630600,51,Add_MainPage,200,OK,AddContact 1-12,text,true,,22181,446,15,30,50,0,0
1537443629612,51,Add_MainPage,200,"Number of samples in transaction : 2, number of failing samples : 0",AddContact 1-12,,true,,22181,446,15,30,50,988,0
1537443630704,24,Add_ContactForm,200,OK,AddContact 1-14,text,true,,3239,474,15,30,24,0,0
1537443629722,24,Add_ContactForm,200,"Number of samples in transaction : 2, number of failing samples : 0",AddContact 1-14,,true,,3239,474,15,30,24,983,0
1537443630936,47,Add_MainPage,200,OK,AddContact 1-1,text,true,,22181,446,15,30,46,0,0
1537443629950,47,Add_MainPage,200,"Number of samples in transaction : 2, number of failing samples : 0",AddContact 1-1,,true,,22181,446,15,30,46,986,0
1537443631597,57,Del_MainPage,200,OK,DeleteContact 2-8,text,true,,22181,446,15,30,56,0,0
1537443630617,57,Del_MainPage,200,"Number of samples in transaction : 2, number of failing samples : 0",DeleteContact 2-8,,true,,22181,446,15,30,56,983,0
1537443631633,30,Add_ContactForm,200,OK,AddContact 1-13,text,true,,3239,474,15,30,30,0,0
1537443630647,30,Add_ContactForm,200,"Number of samples in transaction : 2, number of failing samples : 0",AddContact 1-13,,true,,3239,474,15,30,30,986,0
1537443631634,31,Add_ContactForm,200,OK,AddContact 1-12,text,true,,3239,474,15,30,31,0,0
1537443630651,31,Add_ContactForm,200,"Number of samples in transaction : 2, number of failing samples : 0",AddContact 1-12,,true,,3239,474,15,30,31,983,0
1537443631674,25,Del_ContactFrom,200,OK,DeleteContact 2-1,text,true,,3404,481,15,30,25,0,1
1537443628735,25,Del_ContactFrom,200,"Number of samples in transaction : 2, number of failing samples : 0",DeleteContact 2-1,,true,,3404,481,15,30,25,2939,1
1537443631675,26,Del_ContactFrom,200,OK,DeleteContact 2-3,text,true,,3349,481,15,30,26,0,0
1537443628748,26,Del_ContactFrom,200,"Number of samples in transaction : 2, number of failing samples : 0",DeleteContact 2-3,,true,,3349,481,15,30,26,2927,0
1537443631797,32,Del_ContactFrom,200,OK,DeleteContact 2-4,text,true,,3412,481,15,30,32,0,0
1537443628863,32,Del_ContactFrom,200,"Number of samples in transaction : 2, number of failing samples : 0",DeleteContact 2-4,,true,,3412,481,15,30,32,2934,0
1537443631798,33,Del_ContactFrom,200,OK,DeleteContact 2-15,text,true,,3318,481,15,30,33,0,0
1537443628870,33,Del_ContactFrom,200,"Number of samples in transaction : 2, number of failing samples : 0",DeleteContact 2-15,,true,,3318,481,15,30,33,2929,0
1537443631968,33,Add_ContactForm,200,OK,AddContact 1-1,text,true,,3239,474,15,30,33,0,0
1537443630983,33,Add_ContactForm,200,"Number of samples in transaction : 2, number of failing samples : 0",AddContact 1-1,,true,,3239,474,15,30,33,986,0
1537443631967,49,Del_MainPage,200,OK,DeleteContact 2-9,text,true,,22181,446,15,30,48,0,0
1537443630981,49,Del_MainPage,200,"Number of samples in transaction : 2, number of failing samples : 0",DeleteContact 2-9,,true,,22181,446,15,30,48,989,0
1537443632302,26,Del_ContactFrom,200,OK,DeleteContact 2-5,text,true,,3378,481,15,30,26,0,1
1537443629368,26,Del_ContactFrom,200,"Number of samples in transaction : 2, number of failing samples : 0",DeleteContact 2-5,,true,,3378,481,15,30,26,2934,1
1537443632566,141,Add_MainPage,200,OK,AddContact 1-3,text,true,,22181,446,15,30,139,0,1
1537443631580,141,Add_MainPage,200,"Number of samples in transaction : 2, number of failing samples : 0",AddContact 1-3,,true,,22181,446,15,30,139,986,1
1537443632584,127,Del_MainPage,200,OK,DeleteContact 2-10,text,true,,22181,446,15,30,126,0,1
1537443631597,127,Del_MainPage,200,"Number of samples in transaction : 2, number of failing samples : 0",DeleteContact 2-10,,true,,22181,446,15,30,126,990,1
1537443632585,133,Del_MainPage,200,OK,DeleteContact 2-11,text,true,,22181,446,15,30,132,0,1
1537443631597,133,Del_MainPage,200,"Number of samples in transaction : 2, number of failing samples : 0",DeleteContact 2-11,,true,,22181,446,15,30,132,991,1
1537443632586,140,Del_MainPage,200,OK,DeleteContact 2-12,text,true,,22181,446,15,30,139,0,0
1537443631597,140,Del_MainPage,200,"Number of samples in transaction : 2, number of failing samples : 0",DeleteContact 2-12,,true,,22181,446,15,30,139,992,0
1537443632659,103,Add_ContactAction,200,OK,AddContact 1-10,text,true,,2477,1181,15,30,103,0,0
1537443629730,103,Add_ContactAction,200,"Number of samples in transaction : 2, number of failing samples : 0",AddContact 1-10,,true,,2477,1181,15,30,103,2929,0
1537443632666,98,Add_ContactAction,200,OK,AddContact 1-11,text,true,,2477,1307,15,30,98,0,0
1537443629734,98,Add_ContactAction,200,"Number of samples in transaction : 2, number of failing samples : 0",AddContact 1-11,,true,,2477,1307,15,30,98,2933,0
1537443632675,91,Del_Contact,200,OK,DeleteContact 2-2,text,true,,2483,510,15,30,91,0,1
1537443629737,91,Del_Contact,200,"Number of samples in transaction : 2, number of failing samples : 0",DeleteContact 2-2,,true,,2483,510,15,30,91,2938,1
1537443632694,74,Del_Contact,200,OK,DeleteContact 2-14,text,true,,2484,510,15,30,74,0,0
1537443629756,74,Del_Contact,200,"Number of samples in transaction : 2, number of failing samples : 0",DeleteContact 2-14,,true,,2484,510,15,30,74,2938,0
1537443632721,52,Del_ContactFrom,200,OK,DeleteContact 2-7,text,true,,3296,481,15,30,52,0,0
1537443629784,52,Del_ContactFrom,200,"Number of samples in transaction : 2, number of failing samples : 0",DeleteContact 2-7,,true,,3296,481,15,30,52,2937,0
1537443632721,54,Del_ContactFrom,200,OK,DeleteContact 2-6,text,true,,3394,481,15,30,54,0,1
1537443629791,54,Del_ContactFrom,200,"Number of samples in transaction : 2, number of failing samples : 0",DeleteContact 2-6,,true,,3394,481,15,30,54,2930,1
1537443633013,45,Add_MainPage,200,OK,AddContact 1-15,text,true,,22051,446,15,30,44,0,1
1537443632581,45,Add_MainPage,200,"Number of samples in transaction : 2, number of failing samples : 0",AddContact 1-15,,true,,22051,446,15,30,44,986,1
1537443633135,22,Add_ContactForm,200,OK,AddContact 1-3,text,true,,3239,474,15,30,22,0,0
1537443632707,22,Add_ContactForm,200,"Number of samples in transaction : 2, number of failing samples : 0",AddContact 1-3,,true,,3239,474,15,30,22,982,0
1537443633120,48,Add_ContactAction,200,OK,AddContact 1-14,text,true,,2477,1277,15,30,48,0,1
1537443630729,48,Add_ContactAction,200,"Number of samples in transaction : 2, number of failing samples : 0",AddContact 1-14,,true,,2477,1277,15,30,48,2945,1
1537443633690,52,Add_MainPage,200,OK,AddContact 1-4,text,true,,22198,446,15,30,51,0,0
1537443632705,52,Add_MainPage,200,"Number of samples in transaction : 2, number of failing samples : 0",AddContact 1-4,,true,,22198,446,15,30,51,985,0
1537443633967,41,Add_MainPage,200,OK,AddContact 1-5,text,true,,22198,446,15,30,40,0,0
1537443632982,41,Add_MainPage,200,"Number of samples in transaction : 2, number of failing samples : 0",AddContact 1-5,,true,,22198,446,15,30,40,985,0
1537443634013,51,Add_MainPage,200,OK,AddContact 1-2,text,true,,22198,446,15,30,51,0,0
1537443633031,51,Add_MainPage,200,"Number of samples in transaction : 2, number of failing samples : 0",AddContact 1-2,,true,,22198,446,15,30,51,982,0
1537443634028,91,Add_ContactForm,200,OK,AddContact 1-15,text,true,,3239,474,15,30,91,0,0
1537443633058,91,Add_ContactForm,200,"Number of samples in transaction : 2, number of failing samples : 0",AddContact 1-15,,true,,3239,474,15,30,91,970,0
1537443634046,79,Del_ContactFrom,200,OK,DeleteContact 2-8,text,true,,3349,481,15,30,79,0,0
1537443631657,79,Del_ContactFrom,200,"Number of samples in transaction : 2, number of failing samples : 0",DeleteContact 2-8,,true,,3349,481,15,30,79,2943,0
1537443634059,80,Del_MainPage,200,OK,DeleteContact 2-13,text,true,,22198,446,15,30,78,0,0
1537443633075,80,Del_MainPage,200,"Number of samples in transaction : 2, number of failing samples : 0",DeleteContact 2-13,,true,,22198,446,15,30,78,987,0
1537443634062,83,Add_ContactAction,200,OK,AddContact 1-13,text,true,,2477,1193,15,30,83,0,1
1537443631663,83,Add_ContactAction,200,"Number of samples in transaction : 2, number of failing samples : 0",AddContact 1-13,,true,,2477,1193,15,30,83,2953,1
1537443634063,84,Add_ContactAction,200,OK,AddContact 1-12,text,true,,2477,1277,15,30,84,0,0
1537443631665,84,Add_ContactAction,200,"Number of samples in transaction : 2, number of failing samples : 0",AddContact 1-12,,true,,2477,1277,15,30,84,2952,0
1537443634090,81,Del_Contact,200,OK,DeleteContact 2-1,text,true,,2484,510,15,30,81,0,1
1537443631699,81,Del_Contact,200,"Number of samples in transaction : 2, number of failing samples : 0",DeleteContact 2-1,,true,,2484,510,15,30,81,2946,1
1537443634091,84,Del_Contact,200,OK,DeleteContact 2-3,text,true,,2484,510,15,30,84,0,0
1537443631701,84,Del_Contact,200,"Number of samples in transaction : 2, number of failing samples : 0",DeleteContact 2-3,,true,,2484,510,15,30,84,2944,0
1537443634228,47,Del_Contact,200,OK,DeleteContact 2-4,text,true,,2485,510,15,30,47,0,1
1537443631829,47,Del_Contact,200,"Number of samples in transaction : 2, number of failing samples : 0",DeleteContact 2-4,,true,,2485,510,15,30,47,2953,1
1537443634229,49,Del_Contact,200,OK,DeleteContact 2-15,text,true,,2484,510,15,30,49,0,0
1537443631832,49,Del_Contact,200,"Number of samples in transaction : 2, number of failing samples : 0",DeleteContact 2-15,,true,,2484,510,15,30,49,2952,0
1537443634418,28,Del_ContactFrom,200,OK,DeleteContact 2-9,text,true,,3298,481,15,30,28,0,0
1537443632019,28,Del_ContactFrom,200,"Number of samples in transaction : 2, number of failing samples : 0",DeleteContact 2-9,,true,,3298,481,15,30,28,2954,0
1537443634397,54,Add_ContactAction,200,OK,AddContact 1-1,text,true,,2477,1523,15,30,54,0,1
1537443632002,54,Add_ContactAction,200,"Number of samples in transaction : 2, number of failing samples : 0",AddContact 1-1,,true,,2477,1523,15,30,54,2949,1
1537443634717,36,Add_ContactForm,200,OK,AddContact 1-4,text,true,,3239,474,15,30,35,0,0
1537443633742,36,Add_ContactForm,200,"Number of samples in transaction : 2, number of failing samples : 0",AddContact 1-4,,true,,3239,474,15,30,35,975,0
1537443634716,47,Del_Contact,200,OK,DeleteContact 2-5,text,true,,2484,510,15,30,47,0,1
1537443632328,47,Del_Contact,200,"Number of samples in transaction : 2, number of failing samples : 0",DeleteContact 2-5,,true,,2484,510,15,30,47,2943,1
1537443634983,24,Add_ContactForm,200,OK,AddContact 1-5,text,true,,3239,474,15,30,24,0,0
1537443634008,24,Add_ContactForm,200,"Number of samples in transaction : 2, number of failing samples : 0",AddContact 1-5,,true,,3239,474,15,30,24,975,0
1537443635044,24,Add_ContactForm,200,OK,AddContact 1-2,text,true,,3239,474,15,30,24,0,0
1537443634064,24,Add_ContactForm,200,"Number of samples in transaction : 2, number of failing samples : 0",AddContact 1-2,,true,,3239,474,15,30,24,980,0
1537443635090,52,Del_ContactFrom,200,OK,DeleteContact 2-10,text,true,,3403,481,15,30,52,0,1
1537443632714,52,Del_ContactFrom,200,"Number of samples in transaction : 2, number of failing samples : 0",DeleteContact 2-10,,true,,3403,481,15,30,52,2930,1
1537443635108,36,Del_ContactFrom,200,OK,DeleteContact 2-11,text,true,,3279,481,15,30,36,0,1
1537443632721,36,Del_ContactFrom,200,"Number of samples in transaction : 2, number of failing samples : 0",DeleteContact 2-11,,true,,3279,481,15,30,36,2941,1
1537443635109,37,Del_ContactFrom,200,OK,DeleteContact 2-12,text,true,,3341,481,15,30,37,0,1
1537443632729,37,Del_ContactFrom,200,"Number of samples in transaction : 2, number of failing samples : 0",DeleteContact 2-12,,true,,3341,481,15,30,37,2934,1
1537443635153,28,Del_Contact,200,OK,DeleteContact 2-6,text,true,,2483,510,15,30,28,0,0
1537443632775,28,Del_Contact,200,"Number of samples in transaction : 2, number of failing samples : 0",DeleteContact 2-6,,true,,2483,510,15,30,28,2933,0
1537443635152,32,Del_Contact,200,OK,DeleteContact 2-7,text,true,,2484,510,15,30,32,0,0
1537443632773,32,Del_Contact,200,"Number of samples in transaction : 2, number of failing samples : 0",DeleteContact 2-7,,true,,2484,510,15,30,32,2934,0
1537443635367,35,Add_MainPage,200,OK,AddContact 1-6,text,true,,21516,446,15,30,34,0,0
1537443634383,35,Add_MainPage,200,"Number of samples in transaction : 2, number of failing samples : 0",AddContact 1-6,,true,,21516,446,15,30,34,984,0
1537443636089,33,Add_ContactAction,200,OK,AddContact 1-3,text,true,,2477,1283,15,30,33,0,1
1537443633157,33,Add_ContactAction,200,"Number of samples in transaction : 2, number of failing samples : 0",AddContact 1-3,,true,,2477,1283,15,30,33,2932,1
1537443636382,24,Add_ContactForm,200,OK,AddContact 1-6,text,true,,3239,474,15,30,24,0,0
1537443635402,24,Add_ContactForm,200,"Number of samples in transaction : 2, number of failing samples : 0",AddContact 1-6,,true,,3239,474,15,30,24,980,0
1537443636783,75,Add_MainPage,200,OK,AddContact 1-9,text,true,,21661,446,15,30,73,0,1
1537443635799,75,Add_MainPage,200,"Number of samples in transaction : 2, number of failing samples : 0",AddContact 1-9,,true,,21661,446,15,30,73,999,1
1537443636784,93,Add_MainPage,200,OK,AddContact 1-7,text,true,,21661,446,15,30,93,0,0
1537443635799,93,Add_MainPage,200,"Number of samples in transaction : 2, number of failing samples : 0",AddContact 1-7,,true,,21661,446,15,30,93,985,0
1537443636785,96,Add_MainPage,200,OK,AddContact 1-8,text,true,,21661,446,15,30,95,0,0
1537443635799,96,Add_MainPage,200,"Number of samples in transaction : 2, number of failing samples : 0",AddContact 1-8,,true,,21661,446,15,30,95,986,0
1537443637065,29,Del_Contact,200,OK,DeleteContact 2-8,text,true,,2490,510,15,30,29,0,1
1537443634125,29,Del_Contact,200,"Number of samples in transaction : 2, number of failing samples : 0",DeleteContact 2-8,,true,,2490,510,15,30,29,2941,1
1537443637075,28,Del_ContactFrom,200,OK,DeleteContact 2-13,text,true,,3358,481,15,30,23,0,0
1537443634142,28,Del_ContactFrom,200,"Number of samples in transaction : 2, number of failing samples : 0",DeleteContact 2-13,,true,,3358,481,15,30,23,2933,0
1537443637044,63,Add_ContactAction,200,OK,AddContact 1-15,text,true,,2477,1241,15,30,63,0,1
1537443634119,63,Add_ContactAction,200,"Number of samples in transaction : 2, number of failing samples : 0",AddContact 1-15,,true,,2477,1241,15,30,63,2925,1
1537443637469,27,Del_Contact,200,OK,DeleteContact 2-9,text,true,,2484,510,15,30,27,0,1
1537443634447,27,Del_Contact,200,"Number of samples in transaction : 2, number of failing samples : 0",DeleteContact 2-9,,true,,2484,510,15,30,27,2936,1
1537443637777,28,Add_ContactAction,200,OK,AddContact 1-4,text,true,,2477,1517,15,30,28,0,1
1537443634753,28,Add_ContactAction,200,"Number of samples in transaction : 2, number of failing samples : 0",AddContact 1-4,,true,,2477,1517,15,30,28,2938,1
1537443637931,51,Add_ContactForm,200,OK,AddContact 1-9,text,true,,3239,474,15,30,51,0,0
1537443636873,51,Add_ContactForm,200,"Number of samples in transaction : 2, number of failing samples : 0",AddContact 1-9,,true,,3239,474,15,30,51,972,0
1537443637949,35,Add_ContactForm,200,OK,AddContact 1-7,text,true,,3239,474,15,30,35,0,0
1537443636877,35,Add_ContactForm,200,"Number of samples in transaction : 2, number of failing samples : 0",AddContact 1-7,,true,,3239,474,15,30,35,986,0
1537443637949,37,Add_ContactForm,200,OK,AddContact 1-8,text,true,,3239,474,15,30,37,0,0
1537443636881,37,Add_ContactForm,200,"Number of samples in transaction : 2, number of failing samples : 0",AddContact 1-8,,true,,3239,474,15,30,37,982,0
1537443638115,42,Add_ContactAction,200,OK,AddContact 1-5,text,true,,2477,1650,15,30,42,0,1
1537443635007,42,Add_ContactAction,200,"Number of samples in transaction : 2, number of failing samples : 0",AddContact 1-5,,true,,2477,1650,15,30,42,3023,1
1537443638117,44,Add_ContactAction,200,OK,AddContact 1-2,text,true,,2477,1181,15,30,44,0,1
1537443635068,44,Add_ContactAction,200,"Number of samples in transaction : 2, number of failing samples : 0",AddContact 1-2,,true,,2477,1181,15,30,44,2963,1
1537443638186,259,Del_Contact,200,OK,DeleteContact 2-10,text,true,,2484,510,15,30,259,0,43
1537443635142,259,Del_Contact,200,"Number of samples in transaction : 2, number of failing samples : 0",DeleteContact 2-10,,true,,2484,510,15,30,259,2958,43
1537443638285,189,Del_MainPage,200,OK,DeleteContact 2-2,text,true,,21966,446,15,30,189,0,1
1537443637121,189,Del_MainPage,200,"Number of samples in transaction : 2, number of failing samples : 0",DeleteContact 2-2,,true,,21966,446,15,30,189,1081,1
1537443638284,195,Del_Contact,200,OK,DeleteContact 2-11,text,true,,2484,510,15,30,195,0,1
1537443635144,195,Del_Contact,200,"Number of samples in transaction : 2, number of failing samples : 0",DeleteContact 2-11,,true,,2484,510,15,30,195,3054,1
1537443638286,198,Del_MainPage,200,OK,DeleteContact 2-14,text,true,,21966,446,15,30,197,0,0
1537443637121,198,Del_MainPage,200,"Number of samples in transaction : 2, number of failing samples : 0",DeleteContact 2-14,,true,,21966,446,15,30,197,1082,0
1537443638285,203,Del_Contact,200,OK,DeleteContact 2-12,text,true,,2484,510,15,30,203,0,0
1537443635146,203,Del_Contact,200,"Number of samples in transaction : 2, number of failing samples : 0",DeleteContact 2-12,,true,,2484,510,15,30,203,3053,0
1537443639439,27,Add_ContactAction,200,OK,AddContact 1-6,text,true,,2477,1638,15,30,27,0,1
1537443636406,27,Add_ContactAction,200,"Number of samples in transaction : 2, number of failing samples : 0",AddContact 1-6,,true,,2477,1638,15,30,27,2948,1
1537443640131,116,Add_MainPage,200,OK,AddContact 1-10,text,true,,21917,446,15,30,115,0,1
1537443639147,116,Add_MainPage,200,"Number of samples in transaction : 2, number of failing samples : 0",AddContact 1-10,,true,,21917,446,15,30,115,984,1
1537443640134,120,Add_MainPage,200,OK,AddContact 1-11,text,true,,21917,446,15,30,119,0,1
1537443639147,120,Add_MainPage,200,"Number of samples in transaction : 2, number of failing samples : 0",AddContact 1-11,,true,,21917,446,15,30,119,987,1
1537443640133,124,Del_Contact,200,OK,DeleteContact 2-13,text,true,,2484,510,15,30,123,0,1
1537443637103,124,Del_Contact,200,"Number of samples in transaction : 2, number of failing samples : 0",DeleteContact 2-13,,true,,2484,510,15,30,123,2944,1
1537443640174,87,Del_MainPage,200,OK,DeleteContact 2-3,text,true,,21917,446,15,30,87,0,0
1537443639162,87,Del_MainPage,200,"Number of samples in transaction : 2, number of failing samples : 0",DeleteContact 2-3,,true,,21917,446,15,30,87,1015,0
1537443640175,104,Del_MainPage,200,OK,DeleteContact 2-1,text,true,,21736,446,15,30,103,0,0
1537443639162,104,Del_MainPage,200,"Number of samples in transaction : 2, number of failing samples : 0",DeleteContact 2-1,,true,,21736,446,15,30,103,1017,0
1537443640254,63,Del_MainPage,200,OK,DeleteContact 2-4,text,true,,21736,446,15,30,63,0,1
1537443639270,63,Del_MainPage,200,"Number of samples in transaction : 2, number of failing samples : 0",DeleteContact 2-4,,true,,21736,446,15,30,63,987,1
1537443640255,83,Del_MainPage,200,OK,DeleteContact 2-15,text,true,,21736,446,15,30,81,0,0
1537443639270,83,Del_MainPage,200,"Number of samples in transaction : 2, number of failing samples : 0",DeleteContact 2-15,,true,,21736,446,15,30,81,987,0
1537443640731,46,Del_MainPage,200,OK,DeleteContact 2-5,text,true,,21736,446,15,30,45,0,1
1537443639746,46,Del_MainPage,200,"Number of samples in transaction : 2, number of failing samples : 0",DeleteContact 2-5,,true,,21736,446,15,30,45,988,1
1537443640932,84,Add_ContactAction,200,OK,AddContact 1-9,text,true,,2477,1529,15,30,84,0,1
1537443637982,84,Add_ContactAction,200,"Number of samples in transaction : 2, number of failing samples : 0",AddContact 1-9,,true,,2477,1529,15,30,84,2950,1
1537443640933,89,Add_ContactAction,200,OK,AddContact 1-7,text,true,,2477,1313,15,30,89,0,1
1537443637984,89,Add_ContactAction,200,"Number of samples in transaction : 2, number of failing samples : 0",AddContact 1-7,,true,,2477,1313,15,30,89,2949,1
1537443640934,91,Add_ContactAction,200,OK,AddContact 1-8,text,true,,2477,1583,15,30,91,0,1
1537443637986,91,Add_ContactAction,200,"Number of samples in transaction : 2, number of failing samples : 0",AddContact 1-8,,true,,2477,1583,15,30,91,2948,1
1537443641101,39,Add_MainPage,200,OK,AddContact 1-14,text,true,,22294,446,15,30,38,0,1
1537443640116,39,Add_MainPage,200,"Number of samples in transaction : 2, number of failing samples : 0",AddContact 1-14,,true,,22294,446,15,30,38,985,1
1537443641163,193,Del_MainPage,200,OK,DeleteContact 2-7,text,true,,22294,446,15,30,192,0,0
1537443640185,193,Del_MainPage,200,"Number of samples in transaction : 2, number of failing samples : 0",DeleteContact 2-7,,true,,22294,446,15,30,192,988,0
1537443641164,217,Del_MainPage,200,OK,DeleteContact 2-6,text,true,,22294,446,15,30,216,0,0
1537443640184,217,Del_MainPage,200,"Number of samples in transaction : 2, number of failing samples : 0",DeleteContact 2-6,,true,,22294,446,15,30,216,999,0
1537443641224,198,Add_ContactForm,200,OK,AddContact 1-10,text,true,,3239,474,15,30,198,0,0
1537443640247,198,Add_ContactForm,200,"Number of samples in transaction : 2, number of failing samples : 0",AddContact 1-10,,true,,3239,474,15,30,198,977,0
1537443641225,203,Add_ContactForm,200,OK,AddContact 1-11,text,true,,3239,474,15,30,203,0,0
1537443640254,203,Add_ContactForm,200,"Number of samples in transaction : 2, number of failing samples : 0",AddContact 1-11,,true,,3239,474,15,30,203,972,0
1537443641424,59,Del_ContactFrom,200,OK,DeleteContact 2-2,text,true,,3292,481,15,30,59,0,1
1537443638477,59,Del_ContactFrom,200,"Number of samples in transaction : 2, number of failing samples : 0",DeleteContact 2-2,,true,,3292,481,15,30,59,2948,1
1537443641454,32,Del_ContactFrom,200,OK,DeleteContact 2-14,text,true,,3334,481,15,30,32,0,1
1537443638487,32,Del_ContactFrom,200,"Number of samples in transaction : 2, number of failing samples : 0",DeleteContact 2-14,,true,,3334,481,15,30,32,2967,1
1537443642086,44,Add_MainPage,200,OK,AddContact 1-12,text,true,,22294,446,15,30,44,0,0
1537443641102,44,Add_MainPage,200,"Number of samples in transaction : 2, number of failing samples : 0",AddContact 1-12,,true,,22294,446,15,30,44,984,0
1537443642117,20,Add_ContactForm,200,OK,AddContact 1-14,text,true,,3239,474,15,30,20,0,0
1537443641140,20,Add_ContactForm,200,"Number of samples in transaction : 2, number of failing samples : 0",AddContact 1-14,,true,,3239,474,15,30,20,977,0
1537443642087,63,Add_MainPage,200,OK,AddContact 1-13,text,true,,22294,446,15,30,61,0,0
1537443641102,63,Add_MainPage,200,"Number of samples in transaction : 2, number of failing samples : 0",AddContact 1-13,,true,,22294,446,15,30,61,985,0
1537443642485,42,Add_MainPage,200,OK,AddContact 1-1,text,true,,22294,446,15,30,41,0,1
1537443641408,42,Add_MainPage,200,"Number of samples in transaction : 2, number of failing samples : 0",AddContact 1-1,,true,,22294,446,15,30,41,987,1
1537443643162,24,Del_MainPage,200,OK,DeleteContact 2-8,text,true,,22294,446,15,30,23,0,0
1537443642086,24,Del_MainPage,200,"Number of samples in transaction : 2, number of failing samples : 0",DeleteContact 2-8,,true,,22294,446,15,30,23,988,0
1537443643192,13,Add_ContactForm,200,OK,AddContact 1-12,text,true,,3239,474,15,30,13,0,0
1537443642130,13,Add_ContactForm,200,"Number of samples in transaction : 2, number of failing samples : 0",AddContact 1-12,,true,,3239,474,15,30,13,971,0
1537443643223,20,Add_ContactForm,200,OK,AddContact 1-13,text,true,,3239,474,15,30,20,0,0
1537443642150,20,Add_ContactForm,200,"Number of samples in transaction : 2, number of failing samples : 0",AddContact 1-13,,true,,3239,474,15,30,20,982,0
1537443643300,50,Del_ContactFrom,200,OK,DeleteContact 2-3,text,true,,3264,481,15,30,50,0,1
1537443640264,50,Del_ContactFrom,200,"Number of samples in transaction : 2, number of failing samples : 0",DeleteContact 2-3,,true,,3264,481,15,30,50,2945,1
1537443643325,27,Del_ContactFrom,200,OK,DeleteContact 2-1,text,true,,3277,481,15,30,27,0,1
1537443640283,27,Del_ContactFrom,200,"Number of samples in transaction : 2, number of failing samples : 0",DeleteContact 2-1,,true,,3277,481,15,30,27,2952,1
1537443643362,16,Del_ContactFrom,200,OK,DeleteContact 2-4,text,true,,3384,481,15,30,16,0,1
1537443640320,16,Del_ContactFrom,200,"Number of samples in transaction : 2, number of failing samples : 0",DeleteContact 2-4,,true,,3384,481,15,30,16,2952,1
1537443643377,16,Del_ContactFrom,200,OK,DeleteContact 2-15,text,true,,3385,481,15,30,16,0,0
1537443640340,16,Del_ContactFrom,200,"Number of samples in transaction : 2, number of failing samples : 0",DeleteContact 2-15,,true,,3385,481,15,30,16,2946,0
1537443643470,28,Del_MainPage,200,OK,DeleteContact 2-9,text,true,,22294,446,15,30,27,0,0
1537443642485,28,Del_MainPage,200,"Number of samples in transaction : 2, number of failing samples : 0",DeleteContact 2-9,,true,,22294,446,15,30,27,988,0
1537443643501,69,Add_ContactForm,200,OK,AddContact 1-1,text,true,,3239,474,15,30,69,0,0
1537443642528,69,Add_ContactForm,200,"Number of samples in transaction : 2, number of failing samples : 0",AddContact 1-1,,true,,3239,474,15,30,69,973,0
1537443643839,28,Del_ContactFrom,200,OK,DeleteContact 2-5,text,true,,3421,481,15,30,28,0,0
1537443640780,28,Del_ContactFrom,200,"Number of samples in transaction : 2, number of failing samples : 0",DeleteContact 2-5,,true,,3421,481,15,30,28,2969,0
1537443644177,29,Add_MainPage,200,OK,AddContact 1-3,text,true,,22294,446,15,30,28,0,1
1537443643177,29,Add_MainPage,200,"Number of samples in transaction : 2, number of failing samples : 0",AddContact 1-3,,true,,22294,446,15,30,28,1000,1
1537443644424,121,Del_ContactFrom,200,OK,DeleteContact 2-7,text,true,,3411,481,15,30,121,0,0
1537443641366,121,Del_ContactFrom,200,"Number of samples in transaction : 2, number of failing samples : 0",DeleteContact 2-7,,true,,3411,481,15,30,121,2967,0
1537443644455,110,Del_ContactFrom,200,OK,DeleteContact 2-6,text,true,,3350,481,15,30,109,0,0
1537443641400,110,Del_ContactFrom,200,"Number of samples in transaction : 2, number of failing samples : 0",DeleteContact 2-6,,true,,3350,481,15,30,109,2964,0
1537443644440,129,Del_MainPage,200,OK,DeleteContact 2-10,text,true,,22294,446,15,30,128,0,0
1537443643439,129,Del_MainPage,200,"Number of samples in transaction : 2, number of failing samples : 0",DeleteContact 2-10,,true,,22294,446,15,30,128,1004,0
1537443644469,141,Add_ContactAction,200,OK,AddContact 1-10,text,true,,2477,1205,15,30,141,0,0
1537443641422,141,Add_ContactAction,200,"Number of samples in transaction : 2, number of failing samples : 0",AddContact 1-10,,true,,2477,1205,15,30,141,2956,0
1537443644470,145,Del_MainPage,200,OK,DeleteContact 2-11,text,true,,22294,446,15,30,144,0,0
1537443643470,145,Del_MainPage,200,"Number of samples in transaction : 2, number of failing samples : 0",DeleteContact 2-11,,true,,22294,446,15,30,144,1003,0
1537443644489,133,Del_MainPage,200,OK,DeleteContact 2-12,text,true,,22294,446,15,30,132,0,0
1537443643484,133,Del_MainPage,200,"Number of samples in transaction : 2, number of failing samples : 0",DeleteContact 2-12,,true,,22294,446,15,30,132,1013,0
1537443644489,143,Add_ContactAction,200,OK,AddContact 1-11,text,true,,2477,1571,15,30,143,0,1
1537443641429,143,Add_ContactAction,200,"Number of samples in transaction : 2, number of failing samples : 0",AddContact 1-11,,true,,2477,1571,15,30,143,2969,1
1537443644531,117,Del_Contact,200,OK,DeleteContact 2-2,text,true,,2484,510,15,30,117,0,1
1537443641484,117,Del_Contact,200,"Number of samples in transaction : 2, number of failing samples : 0",DeleteContact 2-2,,true,,2484,510,15,30,117,2956,1
1537443644553,100,Del_Contact,200,OK,DeleteContact 2-14,text,true,,2484,510,15,30,100,0,0
1537443641486,100,Del_Contact,200,"Number of samples in transaction : 2, number of failing samples : 0",DeleteContact 2-14,,true,,2484,510,15,30,100,2976,0
1537443645177,39,Add_ContactForm,200,OK,AddContact 1-3,text,true,,3239,474,15,30,39,0,0
1537443644206,39,Add_ContactForm,200,"Number of samples in transaction : 2, number of failing samples : 0",AddContact 1-3,,true,,3239,474,15,30,39,971,0
1537443645163,66,Add_MainPage,200,OK,AddContact 1-15,text,true,,22371,446,15,30,65,0,0
1537443644179,66,Add_MainPage,200,"Number of samples in transaction : 2, number of failing samples : 0",AddContact 1-15,,true,,22371,446,15,30,65,984,0
1537443645193,43,Add_ContactAction,200,OK,AddContact 1-14,text,true,,2477,1710,15,30,43,0,1
1537443642137,43,Add_ContactAction,200,"Number of samples in transaction : 2, number of failing samples : 0",AddContact 1-14,,true,,2477,1710,15,30,43,2965,1
1537443645763,42,Add_MainPage,200,OK,AddContact 1-4,text,true,,22621,446,15,30,41,0,0
1537443644777,42,Add_MainPage,200,"Number of samples in transaction : 2, number of failing samples : 0",AddContact 1-4,,true,,22621,446,15,30,41,986,0
1537443646132,103,Add_MainPage,200,OK,AddContact 1-5,text,true,,22621,446,15,30,103,0,0
1537443645131,103,Add_MainPage,200,"Number of samples in transaction : 2, number of failing samples : 0",AddContact 1-5,,true,,22621,446,15,30,103,1002,0
1537443646133,107,Add_MainPage,200,OK,AddContact 1-2,text,true,,22621,446,15,30,106,0,0
1537443645131,107,Add_MainPage,200,"Number of samples in transaction : 2, number of failing samples : 0",AddContact 1-2,,true,,22621,446,15,30,106,1002,0
1537443646223,26,Add_ContactForm,200,OK,AddContact 1-15,text,true,,3239,474,15,30,26,0,0
1537443645229,26,Add_ContactForm,200,"Number of samples in transaction : 2, number of failing samples : 0",AddContact 1-15,,true,,3239,474,15,30,26,995,0
1537443646147,105,Del_ContactFrom,200,OK,DeleteContact 2-8,text,true,,3291,481,15,30,104,0,1
1537443643189,105,Del_ContactFrom,200,"Number of samples in transaction : 2, number of failing samples : 0",DeleteContact 2-8,,true,,3291,481,15,30,104,2958,1
1537443646172,84,Add_ContactAction,200,OK,AddContact 1-12,text,true,,2477,1235,15,30,84,0,1
1537443643205,84,Add_ContactAction,200,"Number of samples in transaction : 2, number of failing samples : 0",AddContact 1-12,,true,,2477,1235,15,30,84,2967,1
1537443646213,46,Add_ContactAction,200,OK,AddContact 1-13,text,true,,2477,1505,15,30,46,0,1
1537443643243,46,Add_ContactAction,200,"Number of samples in transaction : 2, number of failing samples : 0",AddContact 1-13,,true,,2477,1505,15,30,46,2970,1
1537443646270,29,Del_MainPage,200,OK,DeleteContact 2-13,text,true,,22844,446,15,30,28,0,0
1537443645269,29,Del_MainPage,200,"Number of samples in transaction : 2, number of failing samples : 0",DeleteContact 2-13,,true,,22844,446,15,30,28,1004,0
1537443646316,25,Del_Contact,200,OK,DeleteContact 2-3,text,true,,2483,510,15,30,25,0,1
1537443643350,25,Del_Contact,200,"Number of samples in transaction : 2, number of failing samples : 0",DeleteContact 2-3,,true,,2483,510,15,30,25,2966,1
1537443646317,42,Del_Contact,200,OK,DeleteContact 2-1,text,true,,2484,510,15,30,42,0,0
1537443643353,42,Del_Contact,200,"Number of samples in transaction : 2, number of failing samples : 0",DeleteContact 2-1,,true,,2484,510,15,30,42,2964,0
1537443646347,26,Del_Contact,200,OK,DeleteContact 2-4,text,true,,2484,510,15,30,26,0,0
1537443643379,26,Del_Contact,200,"Number of samples in transaction : 2, number of failing samples : 0",DeleteContact 2-4,,true,,2484,510,15,30,26,2968,0
1537443646362,17,Del_Contact,200,OK,DeleteContact 2-15,text,true,,2484,510,15,30,17,0,0
1537443643393,17,Del_Contact,200,"Number of samples in transaction : 2, number of failing samples : 0",DeleteContact 2-15,,true,,2484,510,15,30,17,2969,0
1537443646470,18,Del_ContactFrom,200,OK,DeleteContact 2-9,text,true,,3332,481,15,30,17,0,1
1537443643501,18,Del_ContactFrom,200,"Number of samples in transaction : 2, number of failing samples : 0",DeleteContact 2-9,,true,,3332,481,15,30,17,2969,1
1537443646517,15,Add_ContactAction,200,OK,AddContact 1-1,text,true,,2477,1451,15,30,15,0,0
1537443643570,15,Add_ContactAction,200,"Number of samples in transaction : 2, number of failing samples : 0",AddContact 1-1,,true,,2477,1451,15,30,15,2947,0
1537443646778,34,Add_ContactForm,200,OK,AddContact 1-4,text,true,,3239,474,15,30,34,0,0
1537443645805,34,Add_ContactForm,200,"Number of samples in transaction : 2, number of failing samples : 0",AddContact 1-4,,true,,3239,474,15,30,34,973,0
1537443646809,45,Del_Contact,200,OK,DeleteContact 2-5,text,true,,2484,510,15,30,45,0,1
1537443643868,45,Del_Contact,200,"Number of samples in transaction : 2, number of failing samples : 0",DeleteContact 2-5,,true,,2484,510,15,30,45,2941,1
1537443647209,38,Add_ContactForm,200,OK,AddContact 1-5,text,true,,3239,474,15,30,38,0,0
1537443646236,38,Add_ContactForm,200,"Number of samples in transaction : 2, number of failing samples : 0",AddContact 1-5,,true,,3239,474,15,30,38,973,0
1537443647227,22,Add_ContactForm,200,OK,AddContact 1-2,text,true,,3239,474,15,30,22,0,0
1537443646240,22,Add_ContactForm,200,"Number of samples in transaction : 2, number of failing samples : 0",AddContact 1-2,,true,,3239,474,15,30,22,987,0
1537443647500,31,Add_MainPage,200,OK,AddContact 1-6,text,true,,22190,446,15,30,29,0,0
1537443646439,31,Add_MainPage,200,"Number of samples in transaction : 2, number of failing samples : 0",AddContact 1-6,,true,,22190,446,15,30,29,985,0
1537443647562,15,Del_Contact,200,OK,DeleteContact 2-7,text,true,,2484,510,15,30,15,0,0
1537443644545,15,Del_Contact,200,"Number of samples in transaction : 2, number of failing samples : 0",DeleteContact 2-7,,true,,2484,510,15,30,15,2941,0
1537443647593,26,Del_ContactFrom,200,OK,DeleteContact 2-10,text,true,,3378,481,15,30,26,0,0
1537443644572,26,Del_ContactFrom,200,"Number of samples in transaction : 2, number of failing samples : 0",DeleteContact 2-10,,true,,3378,481,15,30,26,2946,0
1537443647592,31,Del_Contact,200,OK,DeleteContact 2-6,text,true,,2484,510,15,30,31,0,1
1537443644565,31,Del_Contact,200,"Number of samples in transaction : 2, number of failing samples : 0",DeleteContact 2-6,,true,,2484,510,15,30,31,2952,1
1537443647639,14,Del_ContactFrom,200,OK,DeleteContact 2-11,text,true,,3417,481,15,30,14,0,0
1537443644618,14,Del_ContactFrom,200,"Number of samples in transaction : 2, number of failing samples : 0",DeleteContact 2-11,,true,,3417,481,15,30,14,2946,0
1537443647654,13,Del_ContactFrom,200,OK,DeleteContact 2-12,text,true,,3248,481,15,30,13,0,0
1537443644630,13,Del_ContactFrom,200,"Number of samples in transaction : 2, number of failing samples : 0",DeleteContact 2-12,,true,,3248,481,15,30,13,2954,0
1537443648239,30,Add_ContactAction,200,OK,AddContact 1-3,text,true,,2477,1583,15,30,30,0,1
1537443645216,30,Add_ContactAction,200,"Number of samples in transaction : 2, number of failing samples : 0",AddContact 1-3,,true,,2477,1583,15,30,30,2947,1
1537443648516,27,Add_ContactForm,200,OK,AddContact 1-6,text,true,,3239,474,15,30,27,0,0
1537443647531,27,Add_ContactForm,200,"Number of samples in transaction : 2, number of failing samples : 0",AddContact 1-6,,true,,3239,474,15,30,27,985,0
1537443649054,73,Add_MainPage,200,OK,AddContact 1-9,text,true,,21996,446,15,30,72,0,1
1537443648070,73,Add_MainPage,200,"Number of samples in transaction : 2, number of failing samples : 0",AddContact 1-9,,true,,21996,446,15,30,72,984,1
1537443649055,76,Add_MainPage,200,OK,AddContact 1-7,text,true,,21996,446,15,30,76,0,1
1537443648070,76,Add_MainPage,200,"Number of samples in transaction : 2, number of failing samples : 0",AddContact 1-7,,true,,21996,446,15,30,76,985,1
1537443649089,57,Add_MainPage,200,OK,AddContact 1-8,text,true,,21996,446,15,30,56,0,0
1537443648085,57,Add_MainPage,200,"Number of samples in transaction : 2, number of failing samples : 0",AddContact 1-8,,true,,21996,446,15,30,56,1004,0
1537443649271,44,Add_ContactAction,200,OK,AddContact 1-15,text,true,,2477,1319,15,30,43,0,0
1537443646250,44,Add_ContactAction,200,"Number of samples in transaction : 2, number of failing samples : 0",AddContact 1-15,,true,,2477,1319,15,30,43,2945,0
1537443649272,46,Del_Contact,200,OK,DeleteContact 2-8,text,true,,2484,510,15,30,46,0,0
1537443646252,46,Del_Contact,200,"Number of samples in transaction : 2, number of failing samples : 0",DeleteContact 2-8,,true,,2484,510,15,30,46,2944,0
1537443649331,13,Del_ContactFrom,200,OK,DeleteContact 2-13,text,true,,3289,481,15,30,13,0,1
1537443646302,13,Del_ContactFrom,200,"Number of samples in transaction : 2, number of failing samples : 0",DeleteContact 2-13,,true,,3289,481,15,30,13,2953,1
1537443649518,15,Del_Contact,200,OK,DeleteContact 2-9,text,true,,2484,510,15,30,15,0,0
1537443646488,15,Del_Contact,200,"Number of samples in transaction : 2, number of failing samples : 0",DeleteContact 2-9,,true,,2484,510,15,30,15,2954,0
1537443649839,29,Add_ContactAction,200,OK,AddContact 1-4,text,true,,2477,1199,15,30,29,0,1
1537443646812,29,Add_ContactAction,200,"Number of samples in transaction : 2, number of failing samples : 0",AddContact 1-4,,true,,2477,1199,15,30,29,2951,1
1537443650100,43,Add_ContactForm,200,OK,AddContact 1-9,text,true,,3239,474,15,30,43,0,0
1537443649127,43,Add_ContactForm,200,"Number of samples in transaction : 2, number of failing samples : 0",AddContact 1-9,,true,,3239,474,15,30,43,974,0
1537443650117,28,Add_ContactForm,200,OK,AddContact 1-7,text,true,,3239,474,15,30,28,0,0
1537443649131,28,Add_ContactForm,200,"Number of samples in transaction : 2, number of failing samples : 0",AddContact 1-7,,true,,3239,474,15,30,28,987,0
1537443650132,18,Add_ContactForm,200,OK,AddContact 1-8,text,true,,3239,474,15,30,18,0,0
1537443649146,18,Add_ContactForm,200,"Number of samples in transaction : 2, number of failing samples : 0",AddContact 1-8,,true,,3239,474,15,30,18,986,0
1537443650270,47,Add_ContactAction,200,OK,AddContact 1-5,text,true,,2477,1313,15,30,47,0,1
1537443647247,47,Add_ContactAction,200,"Number of samples in transaction : 2, number of failing samples : 0",AddContact 1-5,,true,,2477,1313,15,30,47,2947,1
1537443650271,50,Add_ContactAction,200,OK,AddContact 1-2,text,true,,2477,1145,15,30,50,0,1
1537443647249,50,Add_ContactAction,200,"Number of samples in transaction : 2, number of failing samples : 0",AddContact 1-2,,true,,2477,1145,15,30,50,2946,1
1537443650563,31,Del_Contact,200,OK,DeleteContact 2-10,text,true,,2484,510,15,30,31,0,0
1537443647620,31,Del_Contact,200,"Number of samples in transaction : 2, number of failing samples : 0",DeleteContact 2-10,,true,,2484,510,15,30,31,2943,0
1537443650609,17,Del_Contact,200,OK,DeleteContact 2-11,text,true,,2484,510,15,30,17,0,1
1537443647654,17,Del_Contact,200,"Number of samples in transaction : 2, number of failing samples : 0",DeleteContact 2-11,,true,,2484,510,15,30,17,2955,1
1537443650623,63,Del_MainPage,200,OK,DeleteContact 2-2,text,true,,21830,446,15,30,63,0,1
1537443649639,63,Del_MainPage,200,"Number of samples in transaction : 2, number of failing samples : 0",DeleteContact 2-2,,true,,21830,446,15,30,63,987,1
1537443650646,49,Del_MainPage,200,OK,DeleteContact 2-14,text,true,,21830,446,15,30,48,0,0
1537443649655,49,Del_MainPage,200,"Number of samples in transaction : 2, number of failing samples : 0",DeleteContact 2-14,,true,,21830,446,15,30,48,994,0
1537443650624,75,Del_Contact,200,OK,DeleteContact 2-12,text,true,,2484,510,15,30,75,0,0
1537443647673,75,Del_Contact,200,"Number of samples in transaction : 2, number of failing samples : 0",DeleteContact 2-12,,true,,2484,510,15,30,75,2951,0
1537443651486,26,Add_ContactAction,200,OK,AddContact 1-6,text,true,,2477,1511,15,30,26,0,1
1537443648543,26,Add_ContactAction,200,"Number of samples in transaction : 2, number of failing samples : 0",AddContact 1-6,,true,,2477,1511,15,30,26,2943,1
1537443652271,32,Del_Contact,200,OK,DeleteContact 2-13,text,true,,2484,510,15,30,32,0,1
1537443649344,32,Del_Contact,200,"Number of samples in transaction : 2, number of failing samples : 0",DeleteContact 2-13,,true,,2484,510,15,30,32,2928,1
1537443652397,51,Del_MainPage,200,OK,DeleteContact 2-3,text,true,,21829,446,15,30,49,0,1
1537443651332,51,Del_MainPage,200,"Number of samples in transaction : 2, number of failing samples : 0",DeleteContact 2-3,,true,,21829,446,15,30,49,974,1
1537443652413,68,Del_MainPage,200,OK,DeleteContact 2-1,text,true,,21829,446,15,30,67,0,0
1537443651347,68,Del_MainPage,200,"Number of samples in transaction : 2, number of failing samples : 0",DeleteContact 2-1,,true,,21829,446,15,30,67,973,0
1537443652445,63,Del_MainPage,200,OK,DeleteContact 2-4,text,true,,21829,446,15,30,61,0,0
1537443651363,63,Del_MainPage,200,"Number of samples in transaction : 2, number of failing samples : 0",DeleteContact 2-4,,true,,21829,446,15,30,61,991,0
1537443652447,90,Del_MainPage,200,OK,DeleteContact 2-15,text,true,,21829,446,15,30,89,0,0
1537443651378,90,Del_MainPage,200,"Number of samples in transaction : 2, number of failing samples : 0",DeleteContact 2-15,,true,,21829,446,15,30,89,977,0
1537443652628,60,Add_MainPage,200,OK,AddContact 1-10,text,true,,21829,446,15,30,58,0,1
1537443651564,60,Add_MainPage,200,"Number of samples in transaction : 2, number of failing samples : 0",AddContact 1-10,,true,,21829,446,15,30,58,968,1
1537443652648,55,Add_MainPage,200,OK,AddContact 1-11,text,true,,21829,446,15,30,54,0,1
1537443651578,55,Add_MainPage,200,"Number of samples in transaction : 2, number of failing samples : 0",AddContact 1-11,,true,,21829,446,15,30,54,974,1
1537443652905,38,Del_MainPage,200,OK,DeleteContact 2-5,text,true,,21829,446,15,30,37,0,1
1537443651840,38,Del_MainPage,200,"Number of samples in transaction : 2, number of failing samples : 0",DeleteContact 2-5,,true,,21829,446,15,30,37,972,1
1537443653152,56,Add_ContactAction,200,OK,AddContact 1-9,text,true,,2477,1601,15,30,55,0,1
1537443650144,56,Add_ContactAction,200,"Number of samples in transaction : 2, number of failing samples : 0",AddContact 1-9,,true,,2477,1601,15,30,55,2912,1
1537443653153,65,Add_ContactAction,200,OK,AddContact 1-7,text,true,,2477,1157,15,30,65,0,0
1537443650146,65,Add_ContactAction,200,"Number of samples in transaction : 2, number of failing samples : 0",AddContact 1-7,,true,,2477,1157,15,30,65,2911,0
1537443653183,38,Add_ContactAction,200,OK,AddContact 1-8,text,true,,2477,1391,15,30,38,0,1
1537443650150,38,Add_ContactAction,200,"Number of samples in transaction : 2, number of failing samples : 0",AddContact 1-8,,true,,2477,1391,15,30,38,2937,1
1537443653244,24,Add_MainPage,200,OK,AddContact 1-14,text,true,,22317,446,15,30,23,0,0
1537443652179,24,Add_MainPage,200,"Number of samples in transaction : 2, number of failing samples : 0",AddContact 1-14,,true,,22317,446,15,30,23,970,0
1537443653552,40,Del_MainPage,200,OK,DeleteContact 2-7,text,true,,22317,446,15,30,39,0,1
1537443652581,40,Del_MainPage,200,"Number of samples in transaction : 2, number of failing samples : 0",DeleteContact 2-7,,true,,22317,446,15,30,39,974,1
1537443653599,24,Del_MainPage,200,OK,DeleteContact 2-6,text,true,,22317,446,15,30,22,0,0
1537443652629,24,Del_MainPage,200,"Number of samples in transaction : 2, number of failing samples : 0",DeleteContact 2-6,,true,,22317,446,15,30,22,972,0
1537443653644,26,Add_ContactForm,200,OK,AddContact 1-10,text,true,,3239,474,15,30,26,0,0
1537443652688,26,Add_ContactForm,200,"Number of samples in transaction : 2, number of failing samples : 0",AddContact 1-10,,true,,3239,474,15,30,26,956,0
1537443653659,15,Add_ContactForm,200,OK,AddContact 1-11,text,true,,3239,474,15,30,15,0,0
1537443652703,15,Add_ContactForm,200,"Number of samples in transaction : 2, number of failing samples : 0",AddContact 1-11,,true,,3239,474,15,30,15,957,0
1537443653705,39,Del_ContactFrom,200,OK,DeleteContact 2-2,text,true,,3405,481,15,30,39,0,2
1537443650689,39,Del_ContactFrom,200,"Number of samples in transaction : 2, number of failing samples : 0",DeleteContact 2-2,,true,,3405,481,15,30,39,2920,2
1537443653706,40,Del_ContactFrom,200,OK,DeleteContact 2-14,text,true,,3330,481,15,30,40,0,1
1537443650698,40,Del_ContactFrom,200,"Number of samples in transaction : 2, number of failing samples : 0",DeleteContact 2-14,,true,,3330,481,15,30,40,2912,1
1537443654244,23,Add_ContactForm,200,OK,AddContact 1-14,text,true,,3239,474,15,30,23,0,0
1537443653269,23,Add_ContactForm,200,"Number of samples in transaction : 2, number of failing samples : 0",AddContact 1-14,,true,,3239,474,15,30,23,975,0
1537443654275,45,Add_MainPage,200,OK,AddContact 1-12,text,true,,22317,446,15,30,44,0,1
1537443653291,45,Add_MainPage,200,"Number of samples in transaction : 2, number of failing samples : 0",AddContact 1-12,,true,,22317,446,15,30,44,984,1
1537443654276,66,Add_MainPage,200,OK,AddContact 1-13,text,true,,22317,446,15,30,64,0,0
1537443653291,66,Add_MainPage,200,"Number of samples in transaction : 2, number of failing samples : 0",AddContact 1-13,,true,,22317,446,15,30,64,985,0
1537443654552,48,Add_MainPage,200,OK,AddContact 1-1,text,true,,22317,446,15,30,42,0,0
1537443653570,48,Add_MainPage,200,"Number of samples in transaction : 2, number of failing samples : 0",AddContact 1-1,,true,,22317,446,15,30,42,982,0
1537443655291,57,Add_ContactForm,200,OK,AddContact 1-12,text,true,,3239,474,15,30,57,0,0
1537443654320,57,Add_ContactForm,200,"Number of samples in transaction : 2, number of failing samples : 0",AddContact 1-12,,true,,3239,474,15,30,57,971,0
1537443655326,25,Add_ContactForm,200,OK,AddContact 1-13,text,true,,3239,474,15,30,25,0,0
1537443654342,25,Add_ContactForm,200,"Number of samples in transaction : 2, number of failing samples : 0",AddContact 1-13,,true,,3239,474,15,30,25,984,0
1537443655290,73,Del_MainPage,200,OK,DeleteContact 2-8,text,true,,22317,446,15,30,72,0,1
1537443654306,73,Del_MainPage,200,"Number of samples in transaction : 2, number of failing samples : 0",DeleteContact 2-8,,true,,22317,446,15,30,72,987,1
1537443655382,13,Del_ContactFrom,200,OK,DeleteContact 2-3,text,true,,3289,481,15,30,13,0,1
1537443652453,13,Del_ContactFrom,200,"Number of samples in transaction : 2, number of failing samples : 0",DeleteContact 2-3,,true,,3289,481,15,30,13,2929,1
1537443655413,14,Del_ContactFrom,200,OK,DeleteContact 2-1,text,true,,3293,481,15,30,14,0,1
1537443652484,14,Del_ContactFrom,200,"Number of samples in transaction : 2, number of failing samples : 0",DeleteContact 2-1,,true,,3293,481,15,30,14,2930,1
1537443655444,13,Del_ContactFrom,200,OK,DeleteContact 2-4,text,true,,3397,481,15,30,13,0,1
1537443652513,13,Del_ContactFrom,200,"Number of samples in transaction : 2, number of failing samples : 0",DeleteContact 2-4,,true,,3397,481,15,30,13,2931,1
1537443655475,13,Del_ContactFrom,200,OK,DeleteContact 2-15,text,true,,3429,481,15,30,13,0,0
1537443652541,13,Del_ContactFrom,200,"Number of samples in transaction : 2, number of failing samples : 0",DeleteContact 2-15,,true,,3429,481,15,30,13,2934,0
1537443655507,28,Del_MainPage,200,OK,DeleteContact 2-9,text,true,,22317,446,15,30,27,0,1
1537443654521,28,Del_MainPage,200,"Number of samples in transaction : 2, number of failing samples : 0",DeleteContact 2-9,,true,,22317,446,15,30,27,989,1
1537443655584,20,Add_ContactForm,200,OK,AddContact 1-1,text,true,,3239,474,15,30,19,0,0
1537443654600,20,Add_ContactForm,200,"Number of samples in transaction : 2, number of failing samples : 0",AddContact 1-1,,true,,3239,474,15,30,19,984,0
1537443655875,25,Del_ContactFrom,200,OK,DeleteContact 2-5,text,true,,3341,481,15,30,25,0,1
1537443652946,25,Del_ContactFrom,200,"Number of samples in transaction : 2, number of failing samples : 0",DeleteContact 2-5,,true,,3341,481,15,30,25,2929,1
1537443656199,48,Add_MainPage,200,OK,AddContact 1-3,text,true,,22317,446,15,30,47,0,0
1537443655213,48,Add_MainPage,200,"Number of samples in transaction : 2, number of failing samples : 0",AddContact 1-3,,true,,22317,446,15,30,47,987,0
1537443656537,66,Del_ContactFrom,200,OK,DeleteContact 2-7,text,true,,3381,482,15,30,66,0,1
1537443653595,66,Del_ContactFrom,200,"Number of samples in transaction : 2, number of failing samples : 0",DeleteContact 2-7,,true,,3381,482,15,30,66,2942,1
1537443656556,59,Del_MainPage,200,OK,DeleteContact 2-10,text,true,,22317,446,15,30,58,0,1
1537443655568,59,Del_MainPage,200,"Number of samples in transaction : 2, number of failing samples : 0",DeleteContact 2-10,,true,,22317,446,15,30,58,991,1
1537443656574,77,Del_ContactFrom,200,OK,DeleteContact 2-6,text,true,,3262,481,15,30,76,0,0
1537443653625,77,Del_ContactFrom,200,"Number of samples in transaction : 2, number of failing samples : 0",DeleteContact 2-6,,true,,3262,481,15,30,76,2949,0
1537443656586,86,Del_MainPage,200,OK,DeleteContact 2-11,text,true,,22317,446,15,30,85,0,0
1537443655599,86,Del_MainPage,200,"Number of samples in transaction : 2, number of failing samples : 0",DeleteContact 2-11,,true,,22317,446,15,30,85,990,0
1537443656644,49,Del_MainPage,200,OK,DeleteContact 2-12,text,true,,22317,446,15,30,49,0,1
1537443655660,49,Del_MainPage,200,"Number of samples in transaction : 2, number of failing samples : 0",DeleteContact 2-12,,true,,22317,446,15,30,49,987,1
1537443656614,101,Add_ContactAction,200,OK,AddContact 1-10,text,true,,2477,1391,15,30,101,0,1
1537443653670,101,Add_ContactAction,200,"Number of samples in transaction : 2, number of failing samples : 0",AddContact 1-10,,true,,2477,1391,15,30,101,2944,1
1537443656629,88,Add_ContactAction,200,OK,AddContact 1-11,text,true,,2477,1259,15,30,88,0,0
1537443653675,88,Add_ContactAction,200,"Number of samples in transaction : 2, number of failing samples : 0",AddContact 1-11,,true,,2477,1259,15,30,88,2954,0
1537443656692,31,Del_Contact,200,OK,DeleteContact 2-2,text,true,,2484,510,15,30,31,0,0
1537443653744,31,Del_Contact,200,"Number of samples in transaction : 2, number of failing samples : 0",DeleteContact 2-2,,true,,2484,510,15,30,31,2948,0
1537443656693,35,Del_Contact,200,OK,DeleteContact 2-14,text,true,,2484,510,15,30,35,0,0
1537443653746,35,Del_Contact,200,"Number of samples in transaction : 2, number of failing samples : 0",DeleteContact 2-14,,true,,2484,510,15,30,35,2947,0
1537443657215,29,Add_ContactForm,200,OK,AddContact 1-3,text,true,,3239,474,15,30,29,0,0
1537443656248,29,Add_ContactForm,200,"Number of samples in transaction : 2, number of failing samples : 0",AddContact 1-3,,true,,3239,474,15,30,29,967,0
1537443657199,57,Add_ContactAction,200,OK,AddContact 1-14,text,true,,2477,1439,15,30,57,0,1
1537443654267,57,Add_ContactAction,200,"Number of samples in transaction : 2, number of failing samples : 0",AddContact 1-14,,true,,2477,1439,15,30,57,2933,1
1537443657214,48,Add_MainPage,200,OK,AddContact 1-15,text,true,,22279,446,15,30,45,0,1
1537443656244,48,Add_MainPage,200,"Number of samples in transaction : 2, number of failing samples : 0",AddContact 1-15,,true,,22279,446,15,30,45,970,1
1537443657403,47,Add_MainPage,200,OK,AddContact 1-4,text,true,,22463,446,15,30,45,0,0
1537443656799,47,Add_MainPage,200,"Number of samples in transaction : 2, number of failing samples : 0",AddContact 1-4,,true,,22463,446,15,30,45,970,0
1537443657879,69,Add_ContactForm,200,OK,AddContact 1-15,text,true,,3239,474,15,30,69,0,0
1537443656897,69,Add_ContactForm,200,"Number of samples in transaction : 2, number of failing samples : 0",AddContact 1-15,,true,,3239,474,15,30,69,982,0
1537443657864,109,Add_MainPage,200,OK,AddContact 1-5,text,true,,22463,446,15,30,108,0,0
1537443657245,109,Add_MainPage,200,"Number of samples in transaction : 2, number of failing samples : 0",AddContact 1-5,,true,,22463,446,15,30,108,985,0
1537443657865,112,Add_MainPage,200,OK,AddContact 1-2,text,true,,22463,446,15,30,112,0,0
1537443657245,112,Add_MainPage,200,"Number of samples in transaction : 2, number of failing samples : 0",AddContact 1-2,,true,,22463,446,15,30,112,986,0
1537443657910,125,Del_MainPage,200,OK,DeleteContact 2-13,text,true,,22463,446,15,30,124,0,0
1537443656925,125,Del_MainPage,200,"Number of samples in transaction : 2, number of failing samples : 0",DeleteContact 2-13,,true,,22463,446,15,30,124,988,0
1537443657918,123,Add_ContactAction,200,OK,AddContact 1-12,text,true,,2477,1433,15,30,123,0,0
1537443655348,123,Add_ContactAction,200,"Number of samples in transaction : 2, number of failing samples : 0",AddContact 1-12,,true,,2477,1433,15,30,123,2936,0
1537443657918,126,Add_ContactAction,200,OK,AddContact 1-13,text,true,,2477,1487,15,30,126,0,1
1537443655351,126,Add_ContactAction,200,"Number of samples in transaction : 2, number of failing samples : 0",AddContact 1-13,,true,,2477,1487,15,30,126,2933,1
1537443657928,135,Del_ContactFrom,200,OK,DeleteContact 2-8,text,true,,3289,481,15,30,135,0,0
1537443655366,135,Del_ContactFrom,200,"Number of samples in transaction : 2, number of failing samples : 0",DeleteContact 2-8,,true,,3289,481,15,30,135,2928,0
1537443657956,136,Del_Contact,200,OK,DeleteContact 2-3,text,true,,2484,510,15,30,136,0,1
1537443655395,136,Del_Contact,200,"Number of samples in transaction : 2, number of failing samples : 0",DeleteContact 2-3,,true,,2484,510,15,30,136,2927,1
1537443658049,46,Del_Contact,200,OK,DeleteContact 2-15,text,true,,2484,510,15,30,46,0,0
1537443655488,46,Del_Contact,200,"Number of samples in transaction : 2, number of failing samples : 0",DeleteContact 2-15,,true,,2484,510,15,30,46,2927,0
1537443657988,108,Del_Contact,200,OK,DeleteContact 2-1,text,true,,2484,510,15,30,108,0,0
1537443655428,108,Del_Contact,200,"Number of samples in transaction : 2, number of failing samples : 0",DeleteContact 2-1,,true,,2484,510,15,30,108,2926,0
1537443658019,79,Del_Contact,200,OK,DeleteContact 2-4,text,true,,2484,510,15,30,79,0,1
1537443655458,79,Del_Contact,200,"Number of samples in transaction : 2, number of failing samples : 0",DeleteContact 2-4,,true,,2484,510,15,30,79,2927,1
1537443658110,13,Del_ContactFrom,200,OK,DeleteContact 2-9,text,true,,3402,482,15,30,13,0,1
1537443655538,13,Del_ContactFrom,200,"Number of samples in transaction : 2, number of failing samples : 0",DeleteContact 2-9,,true,,3402,482,15,30,13,2938,1
1537443658171,28,Add_ContactAction,200,OK,AddContact 1-1,text,true,,2477,1295,15,30,28,0,1
1537443655604,28,Add_ContactAction,200,"Number of samples in transaction : 2, number of failing samples : 0",AddContact 1-1,,true,,2477,1295,15,30,28,2933,1
1537443658433,25,Add_ContactForm,200,OK,AddContact 1-4,text,true,,3239,474,15,30,25,0,0
1537443657450,25,Add_ContactForm,200,"Number of samples in transaction : 2, number of failing samples : 0",AddContact 1-4,,true,,3239,474,15,30,25,983,0
1537443658464,34,Del_Contact,200,OK,DeleteContact 2-5,text,true,,2484,510,15,30,34,0,1
1537443655900,34,Del_Contact,200,"Number of samples in transaction : 2, number of failing samples : 0",DeleteContact 2-5,,true,,2484,510,15,30,34,2930,1
1537443658956,40,Add_ContactForm,200,OK,AddContact 1-5,text,true,,3239,474,15,30,40,0,0
1537443657973,40,Add_ContactForm,200,"Number of samples in transaction : 2, number of failing samples : 0",AddContact 1-5,,true,,3239,474,15,30,40,983,0
1537443658956,42,Add_ContactForm,200,OK,AddContact 1-2,text,true,,3239,474,15,30,42,0,0
1537443657977,42,Add_ContactForm,200,"Number of samples in transaction : 2, number of failing samples : 0",AddContact 1-2,,true,,3239,474,15,30,42,979,0
1537443659049,34,Add_MainPage,200,OK,AddContact 1-6,text,true,,22143,446,15,30,33,0,1
1537443658063,34,Add_MainPage,200,"Number of samples in transaction : 2, number of failing samples : 0",AddContact 1-6,,true,,22143,446,15,30,33,987,1
1537443659175,21,Del_ContactFrom,200,OK,DeleteContact 2-10,text,true,,3325,482,15,30,21,0,0
1537443656618,21,Del_ContactFrom,200,"Number of samples in transaction : 2, number of failing samples : 0",DeleteContact 2-10,,true,,3325,482,15,30,21,2923,0
1537443659157,43,Del_Contact,200,OK,DeleteContact 2-7,text,true,,2485,511,15,30,43,0,1
1537443656603,43,Del_Contact,200,"Number of samples in transaction : 2, number of failing samples : 0",DeleteContact 2-7,,true,,2485,511,15,30,43,2920,1
1537443659217,15,Del_ContactFrom,200,OK,DeleteContact 2-11,text,true,,3353,481,15,30,15,0,1
1537443656675,15,Del_ContactFrom,200,"Number of samples in transaction : 2, number of failing samples : 0",DeleteContact 2-11,,true,,3353,481,15,30,15,2908,1
1537443659203,57,Del_Contact,200,OK,DeleteContact 2-6,text,true,,2484,510,15,30,57,0,0
1537443656651,57,Del_Contact,200,"Number of samples in transaction : 2, number of failing samples : 0",DeleteContact 2-6,,true,,2484,510,15,30,57,2918,0
1537443659248,16,Del_ContactFrom,200,OK,DeleteContact 2-12,text,true,,3367,482,15,30,16,0,1
1537443656696,16,Del_ContactFrom,200,"Number of samples in transaction : 2, number of failing samples : 0",DeleteContact 2-12,,true,,3367,482,15,30,16,2918,1
1537443659804,31,Add_ContactAction,200,OK,AddContact 1-3,text,true,,2477,1746,15,30,30,0,0
1537443657245,31,Add_ContactAction,200,"Number of samples in transaction : 2, number of failing samples : 0",AddContact 1-3,,true,,2477,1746,15,30,30,2925,0
1537443660064,24,Add_ContactForm,200,OK,AddContact 1-6,text,true,,3239,474,15,30,24,0,0
1537443659084,24,Add_ContactForm,200,"Number of samples in transaction : 2, number of failing samples : 0",AddContact 1-6,,true,,3239,474,15,30,24,980,0
1537443660664,91,Add_MainPage,200,OK,AddContact 1-9,text,true,,22085,446,15,30,90,0,1
1537443659679,91,Add_MainPage,200,"Number of samples in transaction : 2, number of failing samples : 0",AddContact 1-9,,true,,22085,446,15,30,90,985,1
1537443660682,77,Add_MainPage,200,OK,AddContact 1-8,text,true,,22085,446,15,30,77,0,1
1537443659696,77,Add_MainPage,200,"Number of samples in transaction : 2, number of failing samples : 0",AddContact 1-8,,true,,22085,446,15,30,77,987,1
1537443660683,81,Add_MainPage,200,OK,AddContact 1-7,text,true,,22085,446,15,30,79,0,0
1537443659696,81,Add_MainPage,200,"Number of samples in transaction : 2, number of failing samples : 0",AddContact 1-7,,true,,22085,446,15,30,79,987,0
1537443660880,26,Add_ContactAction,200,OK,AddContact 1-15,text,true,,2477,1361,15,30,26,0,0
1537443657948,26,Add_ContactAction,200,"Number of samples in transaction : 2, number of failing samples : 0",AddContact 1-15,,true,,2477,1361,15,30,26,2932,0
1537443660992,28,Del_Contact,200,OK,DeleteContact 2-8,text,true,,2490,510,15,30,28,0,0
1537443658063,28,Del_Contact,200,"Number of samples in transaction : 2, number of failing samples : 0",DeleteContact 2-8,,true,,2490,510,15,30,28,2929,0
1537443660973,49,Del_ContactFrom,200,OK,DeleteContact 2-13,text,true,,3264,481,15,30,49,0,1
1537443658038,49,Del_ContactFrom,200,"Number of samples in transaction : 2, number of failing samples : 0",DeleteContact 2-13,,true,,3264,481,15,30,49,2935,1
1537443661049,14,Del_Contact,200,OK,DeleteContact 2-9,text,true,,2485,511,15,30,14,0,1
1537443658123,14,Del_Contact,200,"Number of samples in transaction : 2, number of failing samples : 0",DeleteContact 2-9,,true,,2485,511,15,30,14,2927,1
1537443661388,31,Add_ContactAction,200,OK,AddContact 1-4,text,true,,2477,1211,15,30,31,0,1
1537443658458,31,Add_ContactAction,200,"Number of samples in transaction : 2, number of failing samples : 0",AddContact 1-4,,true,,2477,1211,15,30,31,2930,1
1537443661727,53,Add_ContactForm,200,OK,AddContact 1-9,text,true,,3239,474,15,30,52,0,0
1537443660755,53,Add_ContactForm,200,"Number of samples in transaction : 2, number of failing samples : 0",AddContact 1-9,,true,,3239,474,15,30,52,972,0
1537443661744,38,Add_ContactForm,200,OK,AddContact 1-8,text,true,,3239,474,15,30,38,0,0
1537443660760,38,Add_ContactForm,200,"Number of samples in transaction : 2, number of failing samples : 0",AddContact 1-8,,true,,3239,474,15,30,38,984,0
1537443661745,39,Add_ContactForm,200,OK,AddContact 1-7,text,true,,3239,474,15,30,39,0,0
1537443660764,39,Add_ContactForm,200,"Number of samples in transaction : 2, number of failing samples : 0",AddContact 1-7,,true,,3239,474,15,30,39,981,0
1537443661533,52,Add_ContactAction,200,OK,AddContact 1-5,text,true,,2477,1289,15,30,51,0,1
1537443658996,52,Add_ContactAction,200,"Number of samples in transaction : 2, number of failing samples : 0",AddContact 1-5,,true,,2477,1289,15,30,51,2931,1
1537443661534,54,Add_ContactAction,200,OK,AddContact 1-2,text,true,,2477,1253,15,30,54,0,0
1537443658998,54,Add_ContactAction,200,"Number of samples in transaction : 2, number of failing samples : 0",AddContact 1-2,,true,,2477,1253,15,30,54,2930,0
1537443661733,52,Del_Contact,200,OK,DeleteContact 2-10,text,true,,2484,511,15,30,52,0,0
1537443659196,52,Del_Contact,200,"Number of samples in transaction : 2, number of failing samples : 0",DeleteContact 2-10,,true,,2484,511,15,30,52,2932,0
1537443661763,49,Del_Contact,200,OK,DeleteContact 2-11,text,true,,2484,510,15,30,49,0,1
1537443659232,49,Del_Contact,200,"Number of samples in transaction : 2, number of failing samples : 0",DeleteContact 2-11,,true,,2484,510,15,30,49,2925,1
1537443661810,50,Del_Contact,200,OK,DeleteContact 2-12,text,true,,2484,511,15,30,50,0,0
1537443659264,50,Del_Contact,200,"Number of samples in transaction : 2, number of failing samples : 0",DeleteContact 2-12,,true,,2484,511,15,30,50,2940,0
1537443661830,41,Del_MainPage,200,OK,DeleteContact 2-2,text,true,,22061,446,15,30,41,0,1
1537443661234,41,Del_MainPage,200,"Number of samples in transaction : 2, number of failing samples : 0",DeleteContact 2-2,,true,,22061,446,15,30,41,993,1
1537443661831,58,Del_MainPage,200,OK,DeleteContact 2-14,text,true,,21945,446,15,30,57,0,0
1537443661234,58,Del_MainPage,200,"Number of samples in transaction : 2, number of failing samples : 0",DeleteContact 2-14,,true,,21945,446,15,30,57,994,0
1537443662641,28,Add_ContactAction,200,OK,AddContact 1-6,text,true,,2477,1331,15,30,28,0,1
1537443660088,28,Add_ContactAction,200,"Number of samples in transaction : 2, number of failing samples : 0",AddContact 1-6,,true,,2477,1331,15,30,28,2947,1
1537443663565,108,Del_MainPage,200,OK,DeleteContact 2-3,text,true,,22110,446,15,30,108,0,0
1537443662579,108,Del_MainPage,200,"Number of samples in transaction : 2, number of failing samples : 0",DeleteContact 2-3,,true,,22110,446,15,30,108,989,0
1537443663583,98,Del_MainPage,200,OK,DeleteContact 2-4,text,true,,22110,446,15,30,97,0,0
1537443662595,98,Del_MainPage,200,"Number of samples in transaction : 2, number of failing samples : 0",DeleteContact 2-4,,true,,22110,446,15,30,97,990,0
1537443663583,105,Del_MainPage,200,OK,DeleteContact 2-1,text,true,,22110,446,15,30,105,0,1
1537443662595,105,Del_MainPage,200,"Number of samples in transaction : 2, number of failing samples : 0",DeleteContact 2-1,,true,,22110,446,15,30,105,991,1
1537443663579,113,Del_Contact,200,OK,DeleteContact 2-13,text,true,,2484,510,15,30,113,0,0
1537443661022,113,Del_Contact,200,"Number of samples in transaction : 2, number of failing samples : 0",DeleteContact 2-13,,true,,2484,510,15,30,113,2952,0
1537443663584,113,Del_MainPage,200,OK,DeleteContact 2-15,text,true,,22110,446,15,30,112,0,0
1537443662594,113,Del_MainPage,200,"Number of samples in transaction : 2, number of failing samples : 0",DeleteContact 2-15,,true,,22110,446,15,30,112,997,0
1537443663779,47,Add_MainPage,200,OK,AddContact 1-10,text,true,,22008,446,15,30,46,0,0
1537443662795,47,Add_MainPage,200,"Number of samples in transaction : 2, number of failing samples : 0",AddContact 1-10,,true,,22008,446,15,30,46,984,0
1537443663780,50,Add_MainPage,200,OK,AddContact 1-11,text,true,,22008,446,15,30,49,0,0
1537443662795,50,Add_MainPage,200,"Number of samples in transaction : 2, number of failing samples : 0",AddContact 1-11,,true,,22008,446,15,30,49,985,0
1537443663979,45,Del_MainPage,200,OK,DeleteContact 2-5,text,true,,22008,446,15,30,43,0,1
1537443662995,45,Del_MainPage,200,"Number of samples in transaction : 2, number of failing samples : 0",DeleteContact 2-5,,true,,22008,446,15,30,43,990,1
1537443664333,79,Add_MainPage,200,OK,AddContact 1-14,text,true,,22008,446,15,30,78,0,1
1537443663349,79,Add_MainPage,200,"Number of samples in transaction : 2, number of failing samples : 0",AddContact 1-14,,true,,22008,446,15,30,78,984,1
1537443664334,83,Add_ContactAction,200,OK,AddContact 1-9,text,true,,2477,1229,15,30,83,0,1
1537443661780,83,Add_ContactAction,200,"Number of samples in transaction : 2, number of failing samples : 0",AddContact 1-9,,true,,2477,1229,15,30,83,2948,1
1537443664335,84,Add_ContactAction,200,OK,AddContact 1-8,text,true,,2477,1421,15,30,84,0,0
1537443661782,84,Add_ContactAction,200,"Number of samples in transaction : 2, number of failing samples : 0",AddContact 1-8,,true,,2477,1421,15,30,84,2947,0
1537443664336,85,Add_ContactAction,200,OK,AddContact 1-7,text,true,,2477,1379,15,30,85,0,0
1537443661784,85,Add_ContactAction,200,"Number of samples in transaction : 2, number of failing samples : 0",AddContact 1-7,,true,,2477,1379,15,30,85,2946,0
1537443664687,46,Del_MainPage,200,OK,DeleteContact 2-7,text,true,,22435,446,15,30,44,0,1
1537443663704,46,Del_MainPage,200,"Number of samples in transaction : 2, number of failing samples : 0",DeleteContact 2-7,,true,,22435,446,15,30,44,986,1
1537443664749,25,Del_MainPage,200,OK,DeleteContact 2-6,text,true,,22435,446,15,30,24,0,0
1537443663764,25,Del_MainPage,200,"Number of samples in transaction : 2, number of failing samples : 0",DeleteContact 2-6,,true,,22435,446,15,30,24,988,0
1537443664810,44,Add_ContactForm,200,OK,AddContact 1-10,text,true,,3239,474,15,30,44,0,0
1537443663826,44,Add_ContactForm,200,"Number of samples in transaction : 2, number of failing samples : 0",AddContact 1-10,,true,,3239,474,15,30,44,984,0
1537443664810,46,Add_ContactForm,200,OK,AddContact 1-11,text,true,,3239,474,15,30,46,0,0
1537443663830,46,Add_ContactForm,200,"Number of samples in transaction : 2, number of failing samples : 0",AddContact 1-11,,true,,3239,474,15,30,46,980,0
1537443664828,31,Del_ContactFrom,200,OK,DeleteContact 2-2,text,true,,3427,482,15,30,31,0,0
1537443661874,31,Del_ContactFrom,200,"Number of samples in transaction : 2, number of failing samples : 0",DeleteContact 2-2,,true,,3427,482,15,30,31,2954,0
1537443664841,24,Del_ContactFrom,200,OK,DeleteContact 2-14,text,true,,3320,481,15,30,24,0,1
1537443661892,24,Del_ContactFrom,200,"Number of samples in transaction : 2, number of failing samples : 0",DeleteContact 2-14,,true,,3320,481,15,30,24,2949,1
1537443665395,24,Add_ContactForm,200,OK,AddContact 1-14,text,true,,3239,474,15,30,24,0,0
1537443664412,24,Add_ContactForm,200,"Number of samples in transaction : 2, number of failing samples : 0",AddContact 1-14,,true,,3239,474,15,30,24,983,0
1537443665488,68,Add_MainPage,200,OK,AddContact 1-13,text,true,,22435,446,15,30,68,0,0
1537443664503,68,Add_MainPage,200,"Number of samples in transaction : 2, number of failing samples : 0",AddContact 1-13,,true,,22435,446,15,30,68,985,0
1537443665489,71,Add_MainPage,200,OK,AddContact 1-12,text,true,,22435,446,15,30,70,0,0
1537443664503,71,Add_MainPage,200,"Number of samples in transaction : 2, number of failing samples : 0",AddContact 1-12,,true,,22435,446,15,30,70,987,0
1537443665641,45,Add_MainPage,200,OK,AddContact 1-1,text,true,,22435,446,15,30,44,0,1
1537443664657,45,Add_MainPage,200,"Number of samples in transaction : 2, number of failing samples : 0",AddContact 1-1,,true,,22435,446,15,30,44,984,1
1537443666566,61,Add_ContactForm,200,OK,AddContact 1-13,text,true,,3239,474,15,30,61,0,0
1537443665556,61,Add_ContactForm,200,"Number of samples in transaction : 2, number of failing samples : 0",AddContact 1-13,,true,,3239,474,15,30,61,978,0
1537443666566,63,Add_ContactForm,200,OK,AddContact 1-12,text,true,,3239,474,15,30,63,0,0
1537443665561,63,Add_ContactForm,200,"Number of samples in transaction : 2, number of failing samples : 0",AddContact 1-12,,true,,3239,474,15,30,63,973,0
1537443666565,86,Del_MainPage,200,OK,DeleteContact 2-8,text,true,,22435,446,15,30,85,0,1
1537443665552,86,Del_MainPage,200,"Number of samples in transaction : 2, number of failing samples : 0",DeleteContact 2-8,,true,,22435,446,15,30,85,984,1
1537443666610,48,Del_MainPage,200,OK,DeleteContact 2-9,text,true,,22435,446,15,30,46,0,0
1537443665579,48,Del_MainPage,200,"Number of samples in transaction : 2, number of failing samples : 0",DeleteContact 2-9,,true,,22435,446,15,30,46,1002,0
1537443666689,29,Add_ContactForm,200,OK,AddContact 1-1,text,true,,3239,474,15,30,29,0,0
1537443665686,29,Add_ContactForm,200,"Number of samples in transaction : 2, number of failing samples : 0",AddContact 1-1,,true,,3239,474,15,30,29,971,0
1537443666661,60,Del_ContactFrom,200,OK,DeleteContact 2-3,text,true,,3274,482,15,30,60,0,0
1537443663676,60,Del_ContactFrom,200,"Number of samples in transaction : 2, number of failing samples : 0",DeleteContact 2-3,,true,,3274,482,15,30,60,2953,0
1537443666661,62,Del_ContactFrom,200,OK,DeleteContact 2-4,text,true,,3354,482,15,30,62,0,0
1537443663683,62,Del_ContactFrom,200,"Number of samples in transaction : 2, number of failing samples : 0",DeleteContact 2-4,,true,,3354,482,15,30,62,2946,0
1537443666679,46,Del_ContactFrom,200,OK,DeleteContact 2-1,text,true,,3341,481,15,30,46,0,1
1537443663691,46,Del_ContactFrom,200,"Number of samples in transaction : 2, number of failing samples : 0",DeleteContact 2-1,,true,,3341,481,15,30,46,2956,1
1537443666689,38,Del_ContactFrom,200,OK,DeleteContact 2-15,text,true,,3381,481,15,30,38,0,0
1537443663704,38,Del_ContactFrom,200,"Number of samples in transaction : 2, number of failing samples : 0",DeleteContact 2-15,,true,,3381,481,15,30,38,2953,0
1537443667012,31,Del_ContactFrom,200,OK,DeleteContact 2-5,text,true,,3393,481,15,30,31,0,0
1537443664030,31,Del_ContactFrom,200,"Number of samples in transaction : 2, number of failing samples : 0",DeleteContact 2-5,,true,,3393,481,15,30,31,2950,0
1537443667350,46,Add_MainPage,200,OK,AddContact 1-3,text,true,,22435,446,15,30,44,0,1
1537443666366,46,Add_MainPage,200,"Number of samples in transaction : 2, number of failing samples : 0",AddContact 1-3,,true,,22435,446,15,30,44,985,1
1537443667705,76,Del_ContactFrom,200,OK,DeleteContact 2-7,text,true,,3326,481,15,30,76,0,0
1537443664736,76,Del_ContactFrom,200,"Number of samples in transaction : 2, number of failing samples : 0",DeleteContact 2-7,,true,,3326,481,15,30,76,2937,0
1537443667744,47,Del_ContactFrom,200,OK,DeleteContact 2-6,text,true,,3307,482,15,30,47,0,1
1537443664777,47,Del_ContactFrom,200,"Number of samples in transaction : 2, number of failing samples : 0",DeleteContact 2-6,,true,,3307,482,15,30,47,2935,1
1537443667726,87,Del_MainPage,200,OK,DeleteContact 2-10,text,true,,22435,446,15,30,86,0,1
1537443666734,87,Del_MainPage,200,"Number of samples in transaction : 2, number of failing samples : 0",DeleteContact 2-10,,true,,22435,446,15,30,86,995,1
1537443667757,73,Del_MainPage,200,OK,DeleteContact 2-11,text,true,,22435,446,15,30,73,0,0
1537443666766,73,Del_MainPage,200,"Number of samples in transaction : 2, number of failing samples : 0",DeleteContact 2-11,,true,,22435,446,15,30,73,994,0
1537443667799,84,Del_MainPage,200,OK,DeleteContact 2-12,text,true,,22435,446,15,30,84,0,1
1537443666812,84,Del_MainPage,200,"Number of samples in transaction : 2, number of failing samples : 0",DeleteContact 2-12,,true,,22435,446,15,30,84,990,1
1537443667813,76,Add_ContactAction,200,OK,AddContact 1-10,text,true,,2477,1469,15,30,76,0,0
1537443664854,76,Add_ContactAction,200,"Number of samples in transaction : 2, number of failing samples : 0",AddContact 1-10,,true,,2477,1469,15,30,76,2927,0
1537443667829,62,Add_ContactAction,200,OK,AddContact 1-11,text,true,,2477,1656,15,30,62,0,1
1537443664856,62,Add_ContactAction,200,"Number of samples in transaction : 2, number of failing samples : 0",AddContact 1-11,,true,,2477,1656,15,30,62,2941,1
1537443667829,64,Del_Contact,200,OK,DeleteContact 2-2,text,true,,2484,511,15,30,64,0,0
1537443664859,64,Del_Contact,200,"Number of samples in transaction : 2, number of failing samples : 0",DeleteContact 2-2,,true,,2484,511,15,30,64,2938,0
1537443667828,66,Del_Contact,200,OK,DeleteContact 2-14,text,true,,2484,510,15,30,66,0,1
1537443664865,66,Del_Contact,200,"Number of samples in transaction : 2, number of failing samples : 0",DeleteContact 2-14,,true,,2484,510,15,30,66,2931,1
1537443668353,21,Add_ContactForm,200,OK,AddContact 1-3,text,true,,3239,474,15,30,21,0,0
1537443667397,21,Add_ContactForm,200,"Number of samples in transaction : 2, number of failing samples : 0",AddContact 1-3,,true,,3239,474,15,30,21,956,0
1537443668382,38,Add_MainPage,200,OK,AddContact 1-15,text,true,,22510,446,15,30,36,0,0
1537443667416,38,Add_MainPage,200,"Number of samples in transaction : 2, number of failing samples : 0",AddContact 1-15,,true,,22510,446,15,30,36,966,0
1537443668383,40,Add_ContactAction,200,OK,AddContact 1-14,text,true,,2477,1445,15,30,40,0,0
1537443665419,40,Add_ContactAction,200,"Number of samples in transaction : 2, number of failing samples : 0",AddContact 1-14,,true,,2477,1445,15,30,40,2932,0
1537443668920,44,Add_MainPage,200,OK,AddContact 1-4,text,true,,22635,446,15,30,43,0,1
1537443667936,44,Add_MainPage,200,"Number of samples in transaction : 2, number of failing samples : 0",AddContact 1-4,,true,,22635,446,15,30,43,984,1
1537443669398,23,Add_ContactForm,200,OK,AddContact 1-15,text,true,,3239,474,15,30,23,0,0
1537443668420,23,Add_ContactForm,200,"Number of samples in transaction : 2, number of failing samples : 0",AddContact 1-15,,true,,3239,474,15,30,23,978,0
1537443669459,64,Add_MainPage,200,OK,AddContact 1-5,text,true,,22635,446,15,30,64,0,1
1537443668474,64,Add_MainPage,200,"Number of samples in transaction : 2, number of failing samples : 0",AddContact 1-5,,true,,22635,446,15,30,64,986,1
1537443669460,68,Add_MainPage,200,OK,AddContact 1-2,text,true,,22635,446,15,30,67,0,0
1537443668475,68,Add_MainPage,200,"Number of samples in transaction : 2, number of failing samples : 0",AddContact 1-2,,true,,22635,446,15,30,67,985,0
1537443669585,42,Del_ContactFrom,200,OK,DeleteContact 2-8,text,true,,3319,482,15,30,42,0,0
1537443666654,42,Del_ContactFrom,200,"Number of samples in transaction : 2, number of failing samples : 0",DeleteContact 2-8,,true,,3319,482,15,30,42,2932,0
1537443669566,64,Add_ContactAction,200,OK,AddContact 1-12,text,true,,2477,1283,15,30,64,0,1
1537443666629,64,Add_ContactAction,200,"Number of samples in transaction : 2, number of failing samples : 0",AddContact 1-12,,true,,2477,1283,15,30,64,2937,1
1537443669598,34,Del_ContactFrom,200,OK,DeleteContact 2-9,text,true,,3341,481,15,30,34,0,9
1537443666661,34,Del_ContactFrom,200,"Number of samples in transaction : 2, number of failing samples : 0",DeleteContact 2-9,,true,,3341,481,15,30,34,2937,9
1537443669567,75,Add_ContactAction,200,OK,AddContact 1-13,text,true,,2477,1499,15,30,75,0,0
1537443666627,75,Add_ContactAction,200,"Number of samples in transaction : 2, number of failing samples : 0",AddContact 1-13,,true,,2477,1499,15,30,75,2940,0
1537443669597,50,Del_MainPage,200,OK,DeleteContact 2-13,text,true,,22779,446,15,30,48,0,0
1537443668612,50,Del_MainPage,200,"Number of samples in transaction : 2, number of failing samples : 0",DeleteContact 2-13,,true,,22779,446,15,30,48,988,0
1537443669645,58,Add_ContactAction,200,OK,AddContact 1-1,text,true,,2477,1151,15,30,58,0,1
1537443666718,58,Add_ContactAction,200,"Number of samples in transaction : 2, number of failing samples : 0",AddContact 1-1,,true,,2477,1151,15,30,58,2927,1
1537443669658,64,Del_Contact,200,OK,DeleteContact 2-3,text,true,,2485,511,15,30,64,0,1
1537443666721,64,Del_Contact,200,"Number of samples in transaction : 2, number of failing samples : 0",DeleteContact 2-3,,true,,2485,511,15,30,64,2937,1
1537443669659,66,Del_Contact,200,OK,DeleteContact 2-4,text,true,,2485,511,15,30,66,0,0
1537443666723,66,Del_Contact,200,"Number of samples in transaction : 2, number of failing samples : 0",DeleteContact 2-4,,true,,2485,511,15,30,66,2936,0
1537443669659,68,Del_Contact,200,OK,DeleteContact 2-1,text,true,,2484,510,15,30,68,0,1
1537443666725,68,Del_Contact,200,"Number of samples in transaction : 2, number of failing samples : 0",DeleteContact 2-1,,true,,2484,510,15,30,68,2934,1
1537443669660,68,Del_Contact,200,OK,DeleteContact 2-15,text,true,,2485,510,15,30,68,0,0
1537443666727,68,Del_Contact,200,"Number of samples in transaction : 2, number of failing samples : 0",DeleteContact 2-15,,true,,2485,510,15,30,68,2933,0
1537443669935,24,Add_ContactForm,200,OK,AddContact 1-4,text,true,,3239,474,15,30,24,0,0
1537443668964,24,Add_ContactForm,200,"Number of samples in transaction : 2, number of failing samples : 0",AddContact 1-4,,true,,3239,474,15,30,24,971,0
1537443669982,27,Del_Contact,200,OK,DeleteContact 2-5,text,true,,2484,510,15,30,27,0,0
1537443667043,27,Del_Contact,200,"Number of samples in transaction : 2, number of failing samples : 0",DeleteContact 2-5,,true,,2484,510,15,30,27,2939,0
1537443670505,46,Add_ContactForm,200,OK,AddContact 1-5,text,true,,3239,474,15,30,46,0,0
1537443669524,46,Add_ContactForm,200,"Number of samples in transaction : 2, number of failing samples : 0",AddContact 1-5,,true,,3239,474,15,30,46,981,0
1537443670506,47,Add_ContactForm,200,OK,AddContact 1-2,text,true,,3239,474,15,30,47,0,0
1537443669528,47,Add_ContactForm,200,"Number of samples in transaction : 2, number of failing samples : 0",AddContact 1-2,,true,,3239,474,15,30,47,978,0
1537443670536,33,Add_MainPage,200,OK,AddContact 1-6,text,true,,22243,446,15,30,32,0,1
1537443669552,33,Add_MainPage,200,"Number of samples in transaction : 2, number of failing samples : 0",AddContact 1-6,,true,,22243,446,15,30,32,984,1
1537443670705,43,Del_Contact,200,OK,DeleteContact 2-7,text,true,,2483,510,15,30,43,0,1
1537443667781,43,Del_Contact,200,"Number of samples in transaction : 2, number of failing samples : 0",DeleteContact 2-7,,true,,2483,510,15,30,43,2924,1
1537443670723,54,Del_Contact,200,OK,DeleteContact 2-6,text,true,,2485,511,15,30,54,0,0
1537443667791,54,Del_Contact,200,"Number of samples in transaction : 2, number of failing samples : 0",DeleteContact 2-6,,true,,2485,511,15,30,54,2933,0
1537443670752,29,Del_ContactFrom,200,OK,DeleteContact 2-10,text,true,,3175,481,15,30,29,0,0
1537443667816,29,Del_ContactFrom,200,"Number of samples in transaction : 2, number of failing samples : 0",DeleteContact 2-10,,true,,3175,481,15,30,29,2936,0
1537443670767,18,Del_ContactFrom,200,OK,DeleteContact 2-11,text,true,,3325,481,15,30,18,0,0
1537443667833,18,Del_ContactFrom,200,"Number of samples in transaction : 2, number of failing samples : 0",DeleteContact 2-11,,true,,3325,481,15,30,18,2934,0
1537443670813,15,Del_ContactFrom,200,OK,DeleteContact 2-12,text,true,,3285,481,15,30,15,0,0
1537443667886,15,Del_ContactFrom,200,"Number of samples in transaction : 2, number of failing samples : 0",DeleteContact 2-12,,true,,3285,481,15,30,15,2927,0
1537443671367,28,Add_ContactAction,200,OK,AddContact 1-3,text,true,,2477,1553,15,30,28,0,0
1537443668374,28,Add_ContactAction,200,"Number of samples in transaction : 2, number of failing samples : 0",AddContact 1-3,,true,,2477,1553,15,30,28,2932,0
1537443671597,25,Add_ContactForm,200,OK,AddContact 1-6,text,true,,3239,474,15,30,25,0,0
1537443670569,25,Add_ContactForm,200,"Number of samples in transaction : 2, number of failing samples : 0",AddContact 1-6,,true,,3239,474,15,30,25,967,0
1537443672337,85,Add_MainPage,200,OK,AddContact 1-9,text,true,,22252,446,15,30,83,0,1
1537443671367,85,Add_MainPage,200,"Number of samples in transaction : 2, number of failing samples : 0",AddContact 1-9,,true,,22252,446,15,30,83,970,1
1537443672338,88,Add_MainPage,200,OK,AddContact 1-8,text,true,,22252,446,15,30,87,0,0
1537443671368,88,Add_MainPage,200,"Number of samples in transaction : 2, number of failing samples : 0",AddContact 1-8,,true,,22252,446,15,30,87,970,0
1537443672339,91,Add_MainPage,200,OK,AddContact 1-7,text,true,,22252,446,15,30,91,0,0
1537443671368,91,Add_MainPage,200,"Number of samples in transaction : 2, number of failing samples : 0",AddContact 1-7,,true,,22252,446,15,30,91,972,0
1537443672406,31,Add_ContactAction,200,OK,AddContact 1-15,text,true,,2477,1704,15,30,31,0,0
1537443669421,31,Add_ContactAction,200,"Number of samples in transaction : 2, number of failing samples : 0",AddContact 1-15,,true,,2477,1704,15,30,31,2924,0
1537443672614,38,Del_Contact,200,OK,DeleteContact 2-9,text,true,,2491,510,15,30,38,0,1
1537443669632,38,Del_Contact,200,"Number of samples in transaction : 2, number of failing samples : 0",DeleteContact 2-9,,true,,2491,510,15,30,38,2921,1
1537443672628,27,Del_ContactFrom,200,OK,DeleteContact 2-13,text,true,,3370,481,15,30,27,0,1
1537443669650,27,Del_ContactFrom,200,"Number of samples in transaction : 2, number of failing samples : 0",DeleteContact 2-13,,true,,3370,481,15,30,27,2917,1
1537443672613,47,Del_Contact,200,OK,DeleteContact 2-8,text,true,,2485,511,15,30,47,0,1
1537443669628,47,Del_Contact,200,"Number of samples in transaction : 2, number of failing samples : 0",DeleteContact 2-8,,true,,2485,511,15,30,47,2925,1
1537443672937,27,Add_ContactAction,200,OK,AddContact 1-4,text,true,,2477,1397,15,30,27,0,0
1537443669959,27,Add_ContactAction,200,"Number of samples in transaction : 2, number of failing samples : 0",AddContact 1-4,,true,,2477,1397,15,30,27,2917,0
1537443673398,47,Add_ContactForm,200,OK,AddContact 1-9,text,true,,3239,474,15,30,47,0,0
1537443672422,47,Add_ContactForm,200,"Number of samples in transaction : 2, number of failing samples : 0",AddContact 1-9,,true,,3239,474,15,30,47,976,0
1537443673398,49,Add_ContactForm,200,OK,AddContact 1-8,text,true,,3239,474,15,30,49,0,0
1537443672426,49,Add_ContactForm,200,"Number of samples in transaction : 2, number of failing samples : 0",AddContact 1-8,,true,,3239,474,15,30,49,972,0
1537443673429,20,Add_ContactForm,200,OK,AddContact 1-7,text,true,,3239,474,15,30,20,0,0
1537443672431,20,Add_ContactForm,200,"Number of samples in transaction : 2, number of failing samples : 0",AddContact 1-7,,true,,3239,474,15,30,20,998,0
1537443673536,46,Add_ContactAction,200,OK,AddContact 1-5,text,true,,2477,1517,15,30,46,0,1
1537443670551,46,Add_ContactAction,200,"Number of samples in transaction : 2, number of failing samples : 0",AddContact 1-5,,true,,2477,1517,15,30,46,2924,1
1537443673537,49,Add_ContactAction,200,OK,AddContact 1-2,text,true,,2477,1241,15,30,49,0,1
1537443670553,49,Add_ContactAction,200,"Number of samples in transaction : 2, number of failing samples : 0",AddContact 1-2,,true,,2477,1241,15,30,49,2923,1
1537443673753,35,Del_Contact,200,OK,DeleteContact 2-10,text,true,,2490,510,15,30,35,0,0
1537443670781,35,Del_Contact,200,"Number of samples in transaction : 2, number of failing samples : 0",DeleteContact 2-10,,true,,2490,510,15,30,35,2911,0
1537443673770,22,Del_Contact,200,OK,DeleteContact 2-11,text,true,,2484,510,15,30,22,0,1
1537443670785,22,Del_Contact,200,"Number of samples in transaction : 2, number of failing samples : 0",DeleteContact 2-11,,true,,2484,510,15,30,22,2924,1
1537443673798,15,Del_Contact,200,OK,DeleteContact 2-12,text,true,,2484,510,15,30,15,0,0
1537443670828,15,Del_Contact,200,"Number of samples in transaction : 2, number of failing samples : 0",DeleteContact 2-12,,true,,2484,510,15,30,15,2909,0
1537443673813,34,Del_MainPage,200,OK,DeleteContact 2-14,text,true,,22506,446,15,30,33,0,0
1537443672829,34,Del_MainPage,200,"Number of samples in transaction : 2, number of failing samples : 0",DeleteContact 2-14,,true,,22506,446,15,30,33,991,0
1537443673814,59,Del_MainPage,200,OK,DeleteContact 2-2,text,true,,22506,446,15,30,57,0,0
1537443672829,59,Del_MainPage,200,"Number of samples in transaction : 2, number of failing samples : 0",DeleteContact 2-2,,true,,22506,446,15,30,57,988,0
1537443674552,28,Add_ContactAction,200,OK,AddContact 1-6,text,true,,2477,1517,15,30,28,0,1
1537443671622,28,Add_ContactAction,200,"Number of samples in transaction : 2, number of failing samples : 0",AddContact 1-6,,true,,2477,1517,15,30,28,2930,1
1537443675583,26,Del_Contact,200,OK,DeleteContact 2-13,text,true,,2484,510,15,30,26,0,1
1537443672655,26,Del_Contact,200,"Number of samples in transaction : 2, number of failing samples : 0",DeleteContact 2-13,,true,,2484,510,15,30,26,2929,1
1537443675644,49,Del_MainPage,200,OK,DeleteContact 2-15,text,true,,22520,446,15,30,49,0,1
1537443674660,49,Del_MainPage,200,"Number of samples in transaction : 2, number of failing samples : 0",DeleteContact 2-15,,true,,22520,446,15,30,49,987,1
1537443675645,75,Del_MainPage,200,OK,DeleteContact 2-1,text,true,,22520,446,15,30,74,0,1
1537443674660,75,Del_MainPage,200,"Number of samples in transaction : 2, number of failing samples : 0",DeleteContact 2-1,,true,,22520,446,15,30,74,988,1
1537443675646,103,Del_MainPage,200,OK,DeleteContact 2-4,text,true,,22520,446,15,30,102,0,0
1537443674660,103,Del_MainPage,200,"Number of samples in transaction : 2, number of failing samples : 0",DeleteContact 2-4,,true,,22520,446,15,30,102,990,0
1537443675647,138,Del_MainPage,200,OK,DeleteContact 2-3,text,true,,22520,446,15,30,138,0,0
1537443674660,138,Del_MainPage,200,"Number of samples in transaction : 2, number of failing samples : 0",DeleteContact 2-3,,true,,22520,446,15,30,138,990,0
1537443675752,61,Add_MainPage,200,OK,AddContact 1-10,text,true,,22520,446,15,30,60,0,1
1537443674767,61,Add_MainPage,200,"Number of samples in transaction : 2, number of failing samples : 0",AddContact 1-10,,true,,22520,446,15,30,60,986,1
1537443675772,46,Add_MainPage,200,OK,AddContact 1-11,text,true,,22520,446,15,30,45,0,1
1537443674783,46,Add_MainPage,200,"Number of samples in transaction : 2, number of failing samples : 0",AddContact 1-11,,true,,22520,446,15,30,45,989,1
1537443675922,45,Del_MainPage,200,OK,DeleteContact 2-5,text,true,,22520,446,15,30,43,0,0
1537443674936,45,Del_MainPage,200,"Number of samples in transaction : 2, number of failing samples : 0",DeleteContact 2-5,,true,,22520,446,15,30,43,989,0
1537443676873,37,Add_MainPage,200,OK,AddContact 1-14,text,true,,22520,446,15,30,36,0,0
1537443675321,37,Add_MainPage,200,"Number of samples in transaction : 2, number of failing samples : 0",AddContact 1-14,,true,,22520,446,15,30,36,987,0
1537443676937,37,Add_ContactAction,200,OK,AddContact 1-9,text,true,,2477,1283,15,30,37,0,1
1537443673445,37,Add_ContactAction,200,"Number of samples in transaction : 2, number of failing samples : 0",AddContact 1-9,,true,,2477,1283,15,30,37,2927,1
1537443676938,41,Add_ContactAction,200,OK,AddContact 1-8,text,true,,2477,1367,15,30,41,0,0
1537443673447,41,Add_ContactAction,200,"Number of samples in transaction : 2, number of failing samples : 0",AddContact 1-8,,true,,2477,1367,15,30,41,2926,0
1537443676938,45,Add_ContactAction,200,OK,AddContact 1-7,text,true,,2477,1499,15,30,45,0,1
1537443673449,45,Add_ContactAction,200,"Number of samples in transaction : 2, number of failing samples : 0",AddContact 1-7,,true,,2477,1499,15,30,45,2923,1
1537443677211,39,Del_MainPage,200,OK,DeleteContact 2-7,text,true,,22951,446,15,30,38,0,1
1537443675676,39,Del_MainPage,200,"Number of samples in transaction : 2, number of failing samples : 0",DeleteContact 2-7,,true,,22951,446,15,30,38,972,1
1537443677246,32,Del_MainPage,200,OK,DeleteContact 2-6,text,true,,22951,446,15,30,31,0,0
1537443675706,32,Del_MainPage,200,"Number of samples in transaction : 2, number of failing samples : 0",DeleteContact 2-6,,true,,22951,446,15,30,31,977,0
1537443677350,41,Add_ContactForm,200,OK,AddContact 1-10,text,true,,3239,474,15,30,41,0,0
1537443675814,41,Add_ContactForm,200,"Number of samples in transaction : 2, number of failing samples : 0",AddContact 1-10,,true,,3239,474,15,30,41,971,0
1537443677353,40,Add_ContactForm,200,OK,AddContact 1-11,text,true,,3239,474,15,30,40,0,0
1537443675818,40,Add_ContactForm,200,"Number of samples in transaction : 2, number of failing samples : 0",AddContact 1-11,,true,,3239,474,15,30,40,969,0
1537443677334,62,Del_ContactFrom,200,OK,DeleteContact 2-14,text,true,,3320,482,15,30,62,0,1
1537443673854,62,Del_ContactFrom,200,"Number of samples in transaction : 2, number of failing samples : 0",DeleteContact 2-14,,true,,3320,482,15,30,62,2914,1
1537443677372,27,Del_ContactFrom,200,OK,DeleteContact 2-2,text,true,,3328,481,15,30,27,0,1
1537443673876,27,Del_ContactFrom,200,"Number of samples in transaction : 2, number of failing samples : 0",DeleteContact 2-2,,true,,3328,481,15,30,27,2930,1
1537443677873,24,Add_ContactForm,200,OK,AddContact 1-14,text,true,,3239,474,15,30,24,0,0
1537443676911,24,Add_ContactForm,200,"Number of samples in transaction : 2, number of failing samples : 0",AddContact 1-14,,true,,3239,474,15,30,24,962,0
1537443678057,77,Add_MainPage,200,OK,AddContact 1-13,text,true,,22951,446,15,30,76,0,1
1537443677079,77,Add_MainPage,200,"Number of samples in transaction : 2, number of failing samples : 0",AddContact 1-13,,true,,22951,446,15,30,76,978,1
1537443678058,80,Add_MainPage,200,OK,AddContact 1-12,text,true,,22951,446,15,30,79,0,1
1537443677079,80,Add_MainPage,200,"Number of samples in transaction : 2, number of failing samples : 0",AddContact 1-12,,true,,22951,446,15,30,79,979,1
1537443678121,32,Add_MainPage,200,OK,AddContact 1-1,text,true,,22951,446,15,30,31,0,0
1537443677134,32,Add_MainPage,200,"Number of samples in transaction : 2, number of failing samples : 0",AddContact 1-1,,true,,22951,446,15,30,31,987,0
1537443679072,28,Del_MainPage,200,OK,DeleteContact 2-9,text,true,,22951,446,15,30,27,0,1
1537443678099,28,Del_MainPage,200,"Number of samples in transaction : 2, number of failing samples : 0",DeleteContact 2-9,,true,,22951,446,15,30,27,977,1
1537443679104,43,Add_ContactForm,200,OK,AddContact 1-13,text,true,,3239,474,15,30,43,0,0
1537443678134,43,Add_ContactForm,200,"Number of samples in transaction : 2, number of failing samples : 0",AddContact 1-13,,true,,3239,474,15,30,43,970,0
1537443679118,31,Add_ContactForm,200,OK,AddContact 1-12,text,true,,3239,474,15,30,31,0,0
1537443678138,31,Add_ContactForm,200,"Number of samples in transaction : 2, number of failing samples : 0",AddContact 1-12,,true,,3239,474,15,30,31,980,0
1537443679095,68,Del_MainPage,200,OK,DeleteContact 2-8,text,true,,22951,446,15,30,67,0,1
1537443678104,68,Del_MainPage,200,"Number of samples in transaction : 2, number of failing samples : 0",DeleteContact 2-8,,true,,22951,446,15,30,67,993,1
1537443679133,37,Add_ContactForm,200,OK,AddContact 1-1,text,true,,3239,474,15,30,37,0,0
1537443678153,37,Add_ContactForm,200,"Number of samples in transaction : 2, number of failing samples : 0",AddContact 1-1,,true,,3239,474,15,30,37,980,0
1537443679196,14,Del_ContactFrom,200,OK,DeleteContact 2-15,text,true,,3394,482,15,30,14,0,0
1537443675696,14,Del_ContactFrom,200,"Number of samples in transaction : 2, number of failing samples : 0",DeleteContact 2-15,,true,,3394,482,15,30,14,2934,0
1537443679227,13,Del_ContactFrom,200,OK,DeleteContact 2-1,text,true,,3318,481,15,30,13,0,1
1537443675723,13,Del_ContactFrom,200,"Number of samples in transaction : 2, number of failing samples : 0",DeleteContact 2-1,,true,,3318,481,15,30,13,2939,1
1537443679258,13,Del_ContactFrom,200,OK,DeleteContact 2-4,text,true,,3327,481,15,30,13,0,0
1537443675753,13,Del_ContactFrom,200,"Number of samples in transaction : 2, number of failing samples : 0",DeleteContact 2-4,,true,,3327,481,15,30,13,2940,0
1537443679288,13,Del_ContactFrom,200,OK,DeleteContact 2-3,text,true,,3385,481,15,30,13,0,1
1537443675788,13,Del_ContactFrom,200,"Number of samples in transaction : 2, number of failing samples : 0",DeleteContact 2-3,,true,,3385,481,15,30,13,2935,1
1537443679473,25,Del_ContactFrom,200,OK,DeleteContact 2-5,text,true,,3411,481,15,30,25,0,0
1537443675970,25,Del_ContactFrom,200,"Number of samples in transaction : 2, number of failing samples : 0",DeleteContact 2-5,,true,,3411,481,15,30,25,2937,0
1537443679766,46,Add_MainPage,200,OK,AddContact 1-3,text,true,,22951,446,15,30,44,0,1
1537443678781,46,Add_MainPage,200,"Number of samples in transaction : 2, number of failing samples : 0",AddContact 1-3,,true,,22951,446,15,30,44,985,1
1537443680196,60,Del_ContactFrom,200,OK,DeleteContact 2-7,text,true,,3309,481,15,30,60,0,1
1537443677253,60,Del_ContactFrom,200,"Number of samples in transaction : 2, number of failing samples : 0",DeleteContact 2-7,,true,,3309,481,15,30,60,2943,1
1537443680214,55,Del_MainPage,200,OK,DeleteContact 2-10,text,true,,22951,446,15,30,54,0,1
1537443679227,55,Del_MainPage,200,"Number of samples in transaction : 2, number of failing samples : 0",DeleteContact 2-10,,true,,22951,446,15,30,54,990,1
1537443680215,93,Del_MainPage,200,OK,DeleteContact 2-11,text,true,,22951,446,15,30,92,0,1
1537443679227,93,Del_MainPage,200,"Number of samples in transaction : 2, number of failing samples : 0",DeleteContact 2-11,,true,,22951,446,15,30,92,991,1
1537443680227,88,Del_MainPage,200,OK,DeleteContact 2-12,text,true,,22951,446,15,30,87,0,1
1537443679242,88,Del_MainPage,200,"Number of samples in transaction : 2, number of failing samples : 0",DeleteContact 2-12,,true,,22951,446,15,30,87,988,1
1537443680228,94,Del_ContactFrom,200,OK,DeleteContact 2-6,text,true,,3304,482,15,30,94,0,0
1537443677281,94,Del_ContactFrom,200,"Number of samples in transaction : 2, number of failing samples : 0",DeleteContact 2-6,,true,,3304,482,15,30,94,2947,0
1537443680335,51,Add_ContactAction,200,OK,AddContact 1-10,text,true,,2477,1067,15,30,51,0,4
1537443677392,51,Add_ContactAction,200,"Number of samples in transaction : 2, number of failing samples : 0",AddContact 1-10,,true,,2477,1067,15,30,51,2943,4
1537443680358,40,Del_Contact,200,OK,DeleteContact 2-2,text,true,,2483,510,15,30,39,0,0
1537443677399,40,Del_Contact,200,"Number of samples in transaction : 2, number of failing samples : 0",DeleteContact 2-2,,true,,2483,510,15,30,39,2959,0
1537443680340,60,Add_ContactAction,200,OK,AddContact 1-11,text,true,,2477,1535,15,30,60,0,0
1537443677393,60,Add_ContactAction,200,"Number of samples in transaction : 2, number of failing samples : 0",AddContact 1-11,,true,,2477,1535,15,30,60,2947,0
1537443680357,45,Del_Contact,200,OK,DeleteContact 2-14,text,true,,2484,511,15,30,44,0,1
1537443677397,45,Del_Contact,200,"Number of samples in transaction : 2, number of failing samples : 0",DeleteContact 2-14,,true,,2484,511,15,30,44,2960,1
1537443680797,23,Add_ContactForm,200,OK,AddContact 1-3,text,true,,3239,474,15,30,23,0,0
1537443679812,23,Add_ContactForm,200,"Number of samples in transaction : 2, number of failing samples : 0",AddContact 1-3,,true,,3239,474,15,30,23,985,0
1537443680827,58,Add_MainPage,200,OK,AddContact 1-15,text,true,,22981,446,15,30,56,0,1
1537443679842,58,Add_MainPage,200,"Number of samples in transaction : 2, number of failing samples : 0",AddContact 1-15,,true,,22981,446,15,30,56,985,1
1537443680842,45,Add_ContactAction,200,OK,AddContact 1-14,text,true,,2477,1343,15,30,45,0,1
1537443677897,45,Add_ContactAction,200,"Number of samples in transaction : 2, number of failing samples : 0",AddContact 1-14,,true,,2477,1343,15,30,45,2945,1
1537443681335,45,Add_MainPage,200,OK,AddContact 1-4,text,true,,23113,446,15,30,43,0,1
1537443680367,45,Add_MainPage,200,"Number of samples in transaction : 2, number of failing samples : 0",AddContact 1-4,,true,,23113,446,15,30,43,968,1
1537443682413,24,Add_ContactForm,200,OK,AddContact 1-15,text,true,,3239,474,15,30,23,0,0
1537443680885,24,Add_ContactForm,200,"Number of samples in transaction : 2, number of failing samples : 0",AddContact 1-15,,true,,3239,474,15,30,23,958,0
1537443682537,54,Add_MainPage,200,OK,AddContact 1-2,text,true,,23113,446,15,30,54,0,1
1537443680981,54,Add_MainPage,200,"Number of samples in transaction : 2, number of failing samples : 0",AddContact 1-2,,true,,23113,446,15,30,54,987,1
1537443682538,70,Add_MainPage,200,OK,AddContact 1-5,text,true,,23113,446,15,30,69,0,0
1537443680981,70,Add_MainPage,200,"Number of samples in transaction : 2, number of failing samples : 0",AddContact 1-5,,true,,23113,446,15,30,69,987,0
1537443682603,39,Del_ContactFrom,200,OK,DeleteContact 2-9,text,true,,3398,482,15,30,39,0,1
1537443679104,39,Del_ContactFrom,200,"Number of samples in transaction : 2, number of failing samples : 0",DeleteContact 2-9,,true,,3398,482,15,30,39,2929,1
1537443682597,51,Del_MainPage,200,OK,DeleteContact 2-13,text,true,,23113,446,15,30,48,0,0
1537443681043,51,Del_MainPage,200,"Number of samples in transaction : 2, number of failing samples : 0",DeleteContact 2-13,,true,,23113,446,15,30,48,987,0
1537443682668,31,Del_ContactFrom,200,OK,DeleteContact 2-8,text,true,,3319,482,15,30,31,0,0
1537443679166,31,Del_ContactFrom,200,"Number of samples in transaction : 2, number of failing samples : 0",DeleteContact 2-8,,true,,3319,482,15,30,31,2932,0
1537443682646,55,Add_ContactAction,200,OK,AddContact 1-12,text,true,,2477,1115,15,30,55,0,0
1537443679149,55,Add_ContactAction,200,"Number of samples in transaction : 2, number of failing samples : 0",AddContact 1-12,,true,,2477,1115,15,30,55,2928,0
1537443682646,57,Add_ContactAction,200,OK,AddContact 1-13,text,true,,2477,1481,15,30,57,0,1
1537443679147,57,Add_ContactAction,200,"Number of samples in transaction : 2, number of failing samples : 0",AddContact 1-13,,true,,2477,1481,15,30,57,2929,1
1537443682678,27,Add_ContactAction,200,OK,AddContact 1-1,text,true,,2477,1499,15,30,27,0,0
1537443679170,27,Add_ContactAction,200,"Number of samples in transaction : 2, number of failing samples : 0",AddContact 1-1,,true,,2477,1499,15,30,27,2948,0
1537443682705,16,Del_Contact,200,OK,DeleteContact 2-15,text,true,,2484,511,15,30,16,0,0
1537443679210,16,Del_Contact,200,"Number of samples in transaction : 2, number of failing samples : 0",DeleteContact 2-15,,true,,2484,511,15,30,16,2925,0
1537443682736,15,Del_Contact,200,OK,DeleteContact 2-1,text,true,,2484,510,15,30,15,0,1
1537443679241,15,Del_Contact,200,"Number of samples in transaction : 2, number of failing samples : 0",DeleteContact 2-1,,true,,2484,510,15,30,15,2925,1
1537443682767,16,Del_Contact,200,OK,DeleteContact 2-4,text,true,,2484,510,15,30,16,0,1
1537443679272,16,Del_Contact,200,"Number of samples in transaction : 2, number of failing samples : 0",DeleteContact 2-4,,true,,2484,510,15,30,16,2925,1
1537443682798,15,Del_Contact,200,OK,DeleteContact 2-3,text,true,,2484,510,15,30,15,0,1
1537443679302,15,Del_Contact,200,"Number of samples in transaction : 2, number of failing samples : 0",DeleteContact 2-3,,true,,2484,510,15,30,15,2926,1
1537443682921,24,Add_ContactForm,200,OK,AddContact 1-4,text,true,,3239,474,15,30,23,0,0
1537443681380,24,Add_ContactForm,200,"Number of samples in transaction : 2, number of failing samples : 0",AddContact 1-4,,true,,3239,474,15,30,23,971,0
1537443682998,26,Del_Contact,200,OK,DeleteContact 2-5,text,true,,2484,510,15,30,26,0,0
1537443679498,26,Del_Contact,200,"Number of samples in transaction : 2, number of failing samples : 0",DeleteContact 2-5,,true,,2484,510,15,30,26,2931,0
1537443683520,39,Add_MainPage,200,OK,AddContact 1-6,text,true,,22712,446,15,30,34,0,1
1537443682537,39,Add_MainPage,200,"Number of samples in transaction : 2, number of failing samples : 0",AddContact 1-6,,true,,22712,446,15,30,34,984,1
1537443683567,13,Add_ContactForm,200,OK,AddContact 1-2,text,true,,3239,474,15,30,13,0,0
1537443682592,13,Add_ContactForm,200,"Number of samples in transaction : 2, number of failing samples : 0",AddContact 1-2,,true,,3239,474,15,30,13,975,0
1537443683583,13,Add_ContactForm,200,OK,AddContact 1-5,text,true,,3239,474,15,30,13,0,0
1537443682608,13,Add_ContactForm,200,"Number of samples in transaction : 2, number of failing samples : 0",AddContact 1-5,,true,,3239,474,15,30,13,975,0
1537443683755,29,Del_ContactFrom,200,OK,DeleteContact 2-10,text,true,,3318,481,15,30,29,0,0
1537443680272,29,Del_ContactFrom,200,"Number of samples in transaction : 2, number of failing samples : 0",DeleteContact 2-10,,true,,3318,481,15,30,29,2914,0
1537443683736,56,Del_Contact,200,OK,DeleteContact 2-7,text,true,,2485,510,15,30,56,0,1
1537443680256,56,Del_Contact,200,"Number of samples in transaction : 2, number of failing samples : 0",DeleteContact 2-7,,true,,2485,510,15,30,56,2910,1
1537443683798,44,Del_ContactFrom,200,OK,DeleteContact 2-11,text,true,,3291,481,15,30,44,0,1
1537443680311,44,Del_ContactFrom,200,"Number of samples in transaction : 2, number of failing samples : 0",DeleteContact 2-11,,true,,3291,481,15,30,44,2917,1
1537443683799,45,Del_ContactFrom,200,OK,DeleteContact 2-12,text,true,,3406,481,15,30,45,0,0
1537443680318,45,Del_ContactFrom,200,"Number of samples in transaction : 2, number of failing samples : 0",DeleteContact 2-12,,true,,3406,481,15,30,45,2911,0
1537443683823,25,Del_Contact,200,OK,DeleteContact 2-6,text,true,,2485,511,15,30,25,0,1
1537443680322,25,Del_Contact,200,"Number of samples in transaction : 2, number of failing samples : 0",DeleteContact 2-6,,true,,2485,511,15,30,25,2931,1
1537443684305,27,Add_ContactAction,200,OK,AddContact 1-3,text,true,,2477,1169,15,30,27,0,1
1537443680820,27,Add_ContactAction,200,"Number of samples in transaction : 2, number of failing samples : 0",AddContact 1-3,,true,,2477,1169,15,30,27,2916,1
1537443684537,32,Add_ContactForm,200,OK,AddContact 1-6,text,true,,3239,474,15,30,32,0,0
1537443683560,32,Add_ContactForm,200,"Number of samples in transaction : 2, number of failing samples : 0",AddContact 1-6,,true,,3239,474,15,30,32,978,0
1537443685368,92,Add_MainPage,200,OK,AddContact 1-9,text,true,,22688,446,15,30,91,0,1
1537443684383,92,Add_MainPage,200,"Number of samples in transaction : 2, number of failing samples : 0",AddContact 1-9,,true,,22688,446,15,30,91,985,1
1537443685371,93,Add_MainPage,200,OK,AddContact 1-7,text,true,,22688,446,15,30,93,0,0
1537443684383,93,Add_MainPage,200,"Number of samples in transaction : 2, number of failing samples : 0",AddContact 1-7,,true,,22688,446,15,30,93,988,0
1537443685370,98,Add_MainPage,200,OK,AddContact 1-8,text,true,,22688,446,15,30,98,0,1
1537443684383,98,Add_MainPage,200,"Number of samples in transaction : 2, number of failing samples : 0",AddContact 1-8,,true,,22688,446,15,30,98,988,1
1537443685369,107,Add_ContactAction,200,OK,AddContact 1-15,text,true,,2477,1698,15,30,107,0,1
1537443682437,107,Add_ContactAction,200,"Number of samples in transaction : 2, number of failing samples : 0",AddContact 1-15,,true,,2477,1698,15,30,107,2932,1
1537443685568,23,Del_ContactFrom,200,OK,DeleteContact 2-13,text,true,,3345,481,15,30,23,0,0
1537443682651,23,Del_ContactFrom,200,"Number of samples in transaction : 2, number of failing samples : 0",DeleteContact 2-13,,true,,3345,481,15,30,23,2917,0
1537443685552,73,Del_Contact,200,OK,DeleteContact 2-9,text,true,,2484,511,15,30,73,0,1
1537443682642,73,Del_Contact,200,"Number of samples in transaction : 2, number of failing samples : 0",DeleteContact 2-9,,true,,2484,511,15,30,73,2911,1
1537443685614,38,Del_Contact,200,OK,DeleteContact 2-8,text,true,,2485,511,15,30,38,0,0
1537443682699,38,Del_Contact,200,"Number of samples in transaction : 2, number of failing samples : 0",DeleteContact 2-8,,true,,2485,511,15,30,38,2915,0
1537443685860,39,Add_ContactAction,200,OK,AddContact 1-4,text,true,,2477,1650,15,30,39,0,1
1537443682945,39,Add_ContactAction,200,"Number of samples in transaction : 2, number of failing samples : 0",AddContact 1-4,,true,,2477,1650,15,30,39,2915,1
1537443686445,45,Add_ContactForm,200,OK,AddContact 1-9,text,true,,3239,474,15,30,45,0,0
1537443685460,45,Add_ContactForm,200,"Number of samples in transaction : 2, number of failing samples : 0",AddContact 1-9,,true,,3239,474,15,30,45,985,0
1537443686445,47,Add_ContactForm,200,OK,AddContact 1-7,text,true,,3239,474,15,30,47,0,0
1537443685464,47,Add_ContactForm,200,"Number of samples in transaction : 2, number of failing samples : 0",AddContact 1-7,,true,,3239,474,15,30,47,981,0
1537443686445,49,Add_ContactForm,200,OK,AddContact 1-8,text,true,,3239,474,15,30,48,0,0
1537443685469,49,Add_ContactForm,200,"Number of samples in transaction : 2, number of failing samples : 0",AddContact 1-8,,true,,3239,474,15,30,48,976,0
1537443686506,31,Add_ContactAction,200,OK,AddContact 1-2,text,true,,2477,1319,15,30,31,0,1
1537443683580,31,Add_ContactAction,200,"Number of samples in transaction : 2, number of failing samples : 0",AddContact 1-2,,true,,2477,1319,15,30,31,2926,1
1537443686520,31,Add_ContactAction,200,OK,AddContact 1-5,text,true,,2477,1559,15,30,31,0,1
1537443683596,31,Add_ContactAction,200,"Number of samples in transaction : 2, number of failing samples : 0",AddContact 1-5,,true,,2477,1559,15,30,31,2924,1
1537443686722,27,Del_Contact,200,OK,DeleteContact 2-10,text,true,,2484,510,15,30,27,0,0
1537443683785,27,Del_Contact,200,"Number of samples in transaction : 2, number of failing samples : 0",DeleteContact 2-10,,true,,2484,510,15,30,27,2938,0
1537443686768,43,Del_Contact,200,OK,DeleteContact 2-11,text,true,,2483,510,15,30,43,0,0
1537443683842,43,Del_Contact,200,"Number of samples in transaction : 2, number of failing samples : 0",DeleteContact 2-11,,true,,2483,510,15,30,43,2927,0
1537443686785,30,Del_Contact,200,OK,DeleteContact 2-12,text,true,,2484,510,15,30,30,0,1
1537443683844,30,Del_Contact,200,"Number of samples in transaction : 2, number of failing samples : 0",DeleteContact 2-12,,true,,2484,510,15,30,30,2941,1
1537443686830,27,Del_MainPage,200,OK,DeleteContact 2-2,text,true,,22628,446,15,30,26,0,0
1537443685845,27,Del_MainPage,200,"Number of samples in transaction : 2, number of failing samples : 0",DeleteContact 2-2,,true,,22628,446,15,30,26,988,0
1537443686830,54,Del_MainPage,200,OK,DeleteContact 2-14,text,true,,22628,446,15,30,53,0,1
1537443685845,54,Del_MainPage,200,"Number of samples in transaction : 2, number of failing samples : 0",DeleteContact 2-14,,true,,22628,446,15,30,53,988,1
1537443687539,29,Add_ContactAction,200,OK,AddContact 1-6,text,true,,2477,1451,15,30,29,0,0
1537443684570,29,Add_ContactAction,200,"Number of samples in transaction : 2, number of failing samples : 0",AddContact 1-6,,true,,2477,1451,15,30,29,2937,0
1537443688560,18,Del_Contact,200,OK,DeleteContact 2-13,text,true,,2484,510,15,30,18,0,0
1537443685591,18,Del_Contact,200,"Number of samples in transaction : 2, number of failing samples : 0",DeleteContact 2-13,,true,,2484,510,15,30,18,2938,0
1537443688631,48,Del_MainPage,200,OK,DeleteContact 2-15,text,true,,22641,446,15,30,47,0,1
1537443687647,48,Del_MainPage,200,"Number of samples in transaction : 2, number of failing samples : 0",DeleteContact 2-15,,true,,22641,446,15,30,47,987,1
1537443688666,32,Del_MainPage,200,OK,DeleteContact 2-1,text,true,,22641,446,15,30,31,0,0
1537443687677,32,Del_MainPage,200,"Number of samples in transaction : 2, number of failing samples : 0",DeleteContact 2-1,,true,,22641,446,15,30,31,1013,0
1537443688693,76,Del_MainPage,200,OK,DeleteContact 2-4,text,true,,22641,446,15,30,76,0,1
1537443687707,76,Del_MainPage,200,"Number of samples in transaction : 2, number of failing samples : 0",DeleteContact 2-4,,true,,22641,446,15,30,76,989,1
1537443688731,46,Del_MainPage,200,OK,DeleteContact 2-3,text,true,,22641,446,15,30,44,0,1
1537443687744,46,Del_MainPage,200,"Number of samples in transaction : 2, number of failing samples : 0",DeleteContact 2-3,,true,,22641,446,15,30,44,990,1
1537443688800,35,Add_MainPage,200,OK,AddContact 1-10,text,true,,22641,446,15,30,34,0,1
1537443687816,35,Add_MainPage,200,"Number of samples in transaction : 2, number of failing samples : 0",AddContact 1-10,,true,,22641,446,15,30,34,984,1
1537443688822,29,Add_MainPage,200,OK,AddContact 1-11,text,true,,22641,446,15,30,28,0,0
1537443687831,29,Add_MainPage,200,"Number of samples in transaction : 2, number of failing samples : 0",AddContact 1-11,,true,,22641,446,15,30,28,991,0
1537443688925,38,Del_MainPage,200,OK,DeleteContact 2-5,text,true,,22641,446,15,30,37,0,0
1537443687938,38,Del_MainPage,200,"Number of samples in transaction : 2, number of failing samples : 0",DeleteContact 2-5,,true,,22641,446,15,30,37,990,0
1537443689293,48,Add_MainPage,200,OK,AddContact 1-14,text,true,,22641,446,15,30,46,0,1
1537443688308,48,Add_MainPage,200,"Number of samples in transaction : 2, number of failing samples : 0",AddContact 1-14,,true,,22641,446,15,30,46,985,1
1537443689447,38,Add_ContactAction,200,OK,AddContact 1-9,text,true,,2477,1547,15,30,38,0,1
1537443686490,38,Add_ContactAction,200,"Number of samples in transaction : 2, number of failing samples : 0",AddContact 1-9,,true,,2477,1547,15,30,38,2925,1
1537443689462,30,Add_ContactAction,200,OK,AddContact 1-7,text,true,,2477,1475,15,30,30,0,1
1537443686492,30,Add_ContactAction,200,"Number of samples in transaction : 2, number of failing samples : 0",AddContact 1-7,,true,,2477,1475,15,30,30,2938,1
1537443689463,33,Add_ContactAction,200,OK,AddContact 1-8,text,true,,2477,1487,15,30,33,0,0
1537443686494,33,Add_ContactAction,200,"Number of samples in transaction : 2, number of failing samples : 0",AddContact 1-8,,true,,2477,1487,15,30,33,2937,0
1537443689708,36,Del_MainPage,200,OK,DeleteContact 2-7,text,true,,23237,446,15,30,34,0,1
1537443688732,36,Del_MainPage,200,"Number of samples in transaction : 2, number of failing samples : 0",DeleteContact 2-7,,true,,23237,446,15,30,34,981,1
1537443689771,25,Del_MainPage,200,OK,DeleteContact 2-6,text,true,,23237,446,15,30,24,0,1
1537443688784,25,Del_MainPage,200,"Number of samples in transaction : 2, number of failing samples : 0",DeleteContact 2-6,,true,,23237,446,15,30,24,991,1
1537443689816,14,Add_ContactForm,200,OK,AddContact 1-10,text,true,,3239,474,15,30,14,0,0
1537443688835,14,Add_ContactForm,200,"Number of samples in transaction : 2, number of failing samples : 0",AddContact 1-10,,true,,3239,474,15,30,14,982,0
1537443689831,13,Add_ContactForm,200,OK,AddContact 1-11,text,true,,3239,474,15,30,12,0,0
1537443688851,13,Add_ContactForm,200,"Number of samples in transaction : 2, number of failing samples : 0",AddContact 1-11,,true,,3239,474,15,30,12,980,0
1537443689847,15,Del_ContactFrom,200,OK,DeleteContact 2-2,text,true,,3418,482,15,30,14,0,0
1537443686860,15,Del_ContactFrom,200,"Number of samples in transaction : 2, number of failing samples : 0",DeleteContact 2-2,,true,,3418,482,15,30,14,2955,0
1537443689862,13,Del_ContactFrom,200,OK,DeleteContact 2-14,text,true,,3340,481,15,30,13,0,0
1537443686887,13,Del_ContactFrom,200,"Number of samples in transaction : 2, number of failing samples : 0",DeleteContact 2-14,,true,,3340,481,15,30,13,2943,0
1537443690328,36,Add_ContactForm,200,OK,AddContact 1-14,text,true,,3239,474,15,30,36,0,0
1537443689341,36,Add_ContactForm,200,"Number of samples in transaction : 2, number of failing samples : 0",AddContact 1-14,,true,,3239,474,15,30,36,987,0
1537443690555,100,Add_MainPage,200,OK,AddContact 1-13,text,true,,23237,446,15,30,100,0,2
1537443689569,100,Add_MainPage,200,"Number of samples in transaction : 2, number of failing samples : 0",AddContact 1-13,,true,,23237,446,15,30,100,987,2
1537443690555,105,Add_MainPage,200,OK,AddContact 1-12,text,true,,23237,446,15,30,103,0,2
1537443689569,105,Add_MainPage,200,"Number of samples in transaction : 2, number of failing samples : 0",AddContact 1-12,,true,,23237,446,15,30,103,986,2
1537443690600,64,Add_MainPage,200,OK,AddContact 1-1,text,true,,23237,446,15,30,63,0,1
1537443689585,64,Add_MainPage,200,"Number of samples in transaction : 2, number of failing samples : 0",AddContact 1-1,,true,,23237,446,15,30,63,1016,1
1537443691569,112,Del_MainPage,200,OK,DeleteContact 2-9,text,true,,23237,446,15,30,111,0,1
1537443690600,112,Del_MainPage,200,"Number of samples in transaction : 2, number of failing samples : 0",DeleteContact 2-9,,true,,23237,446,15,30,111,977,1
1537443691571,122,Del_MainPage,200,OK,DeleteContact 2-8,text,true,,23237,446,15,30,122,0,0
1537443690602,122,Del_MainPage,200,"Number of samples in transaction : 2, number of failing samples : 0",DeleteContact 2-8,,true,,23237,446,15,30,122,972,0
1537443691632,97,Add_ContactForm,200,OK,AddContact 1-13,text,true,,3239,474,15,30,97,0,0
1537443690656,97,Add_ContactForm,200,"Number of samples in transaction : 2, number of failing samples : 0",AddContact 1-13,,true,,3239,474,15,30,97,976,0
1537443691632,99,Add_ContactForm,200,OK,AddContact 1-12,text,true,,3239,474,15,30,99,0,0
1537443690660,99,Add_ContactForm,200,"Number of samples in transaction : 2, number of failing samples : 0",AddContact 1-12,,true,,3239,474,15,30,99,972,0
1537443691649,84,Add_ContactForm,200,OK,AddContact 1-1,text,true,,3239,474,15,30,83,0,0
1537443690665,84,Add_ContactForm,200,"Number of samples in transaction : 2, number of failing samples : 0",AddContact 1-1,,true,,3239,474,15,30,83,984,0
1537443691612,124,Del_ContactFrom,200,OK,DeleteContact 2-15,text,true,,3378,482,15,30,124,0,1
1537443688682,124,Del_ContactFrom,200,"Number of samples in transaction : 2, number of failing samples : 0",DeleteContact 2-15,,true,,3378,482,15,30,124,2930,1
1537443691650,88,Del_ContactFrom,200,OK,DeleteContact 2-1,text,true,,3305,482,15,30,88,0,0
1537443688722,88,Del_ContactFrom,200,"Number of samples in transaction : 2, number of failing samples : 0",DeleteContact 2-1,,true,,3305,482,15,30,88,2928,0
1537443691705,73,Del_ContactFrom,200,OK,DeleteContact 2-4,text,true,,3414,481,15,30,73,0,0
1537443688772,73,Del_ContactFrom,200,"Number of samples in transaction : 2, number of failing samples : 0",DeleteContact 2-4,,true,,3414,481,15,30,73,2934,0
1537443691706,75,Del_ContactFrom,200,OK,DeleteContact 2-3,text,true,,3378,481,15,30,75,0,0
1537443688780,75,Del_ContactFrom,200,"Number of samples in transaction : 2, number of failing samples : 0",DeleteContact 2-3,,true,,3378,481,15,30,75,2926,0
1537443691878,26,Del_ContactFrom,200,OK,DeleteContact 2-5,text,true,,3327,481,15,30,25,0,1
1537443688966,26,Del_ContactFrom,200,"Number of samples in transaction : 2, number of failing samples : 0",DeleteContact 2-5,,true,,3327,481,15,30,25,2912,1
1537443692204,47,Add_MainPage,200,OK,AddContact 1-3,text,true,,23237,446,15,30,46,0,1
1537443691201,47,Add_MainPage,200,"Number of samples in transaction : 2, number of failing samples : 0",AddContact 1-3,,true,,23237,446,15,30,46,986,1
1537443692685,40,Del_ContactFrom,200,OK,DeleteContact 2-7,text,true,,3301,482,15,30,40,0,1
1537443689749,40,Del_ContactFrom,200,"Number of samples in transaction : 2, number of failing samples : 0",DeleteContact 2-7,,true,,3301,482,15,30,40,2919,1
1537443692666,65,Del_MainPage,200,OK,DeleteContact 2-10,text,true,,23237,446,15,30,64,0,1
1537443691668,65,Del_MainPage,200,"Number of samples in transaction : 2, number of failing samples : 0",DeleteContact 2-10,,true,,23237,446,15,30,64,983,1
1537443692714,104,Del_MainPage,200,OK,DeleteContact 2-11,text,true,,23237,446,15,30,104,0,0
1537443691727,104,Del_MainPage,200,"Number of samples in transaction : 2, number of failing samples : 0",DeleteContact 2-11,,true,,23237,446,15,30,104,988,0
1537443692729,123,Del_MainPage,200,OK,DeleteContact 2-12,text,true,,23237,446,15,30,122,0,1
1537443691743,123,Del_MainPage,200,"Number of samples in transaction : 2, number of failing samples : 0",DeleteContact 2-12,,true,,23237,446,15,30,122,971,1
1537443692730,151,Del_ContactFrom,200,OK,DeleteContact 2-6,text,true,,3406,481,15,30,151,0,0
1537443689800,151,Del_ContactFrom,200,"Number of samples in transaction : 2, number of failing samples : 0",DeleteContact 2-6,,true,,3406,481,15,30,151,2912,0
1537443692757,131,Add_ContactAction,200,OK,AddContact 1-10,text,true,,2477,1403,15,30,130,0,1
1537443689831,131,Add_ContactAction,200,"Number of samples in transaction : 2, number of failing samples : 0",AddContact 1-10,,true,,2477,1403,15,30,130,2908,1
1537443692806,86,Del_Contact,200,OK,DeleteContact 2-14,text,true,,2484,510,15,30,86,0,0
1537443689875,86,Del_Contact,200,"Number of samples in transaction : 2, number of failing samples : 0",DeleteContact 2-14,,true,,2484,510,15,30,86,2913,0
1537443692777,118,Add_ContactAction,200,OK,AddContact 1-11,text,true,,2477,1145,15,30,118,0,1
1537443689844,118,Add_ContactAction,200,"Number of samples in transaction : 2, number of failing samples : 0",AddContact 1-11,,true,,2477,1145,15,30,118,2915,1
1537443692795,101,Del_Contact,200,OK,DeleteContact 2-2,text,true,,2485,511,15,30,101,0,1
1537443689862,101,Del_Contact,200,"Number of samples in transaction : 2, number of failing samples : 0",DeleteContact 2-2,,true,,2485,511,15,30,101,2915,1
1537443693235,21,Add_ContactForm,200,OK,AddContact 1-3,text,true,,3239,474,15,30,21,0,0
1537443692252,21,Add_ContactForm,200,"Number of samples in transaction : 2, number of failing samples : 0",AddContact 1-3,,true,,3239,474,15,30,21,984,0
1537443693297,39,Add_ContactAction,200,OK,AddContact 1-14,text,true,,2477,1409,15,30,39,0,1
1537443690364,39,Add_ContactAction,200,"Number of samples in transaction : 2, number of failing samples : 0",AddContact 1-14,,true,,2477,1409,15,30,39,2915,1
1537443693358,48,Add_MainPage,200,OK,AddContact 1-15,text,true,,23281,446,15,30,46,0,1
1537443692374,48,Add_MainPage,200,"Number of samples in transaction : 2, number of failing samples : 0",AddContact 1-15,,true,,23281,446,15,30,46,984,1
1537443693774,40,Add_MainPage,200,OK,AddContact 1-4,text,true,,23281,446,15,30,38,0,1
1537443692796,40,Add_MainPage,200,"Number of samples in transaction : 2, number of failing samples : 0",AddContact 1-4,,true,,23281,446,15,30,38,978,1
1537443694390,61,Add_ContactForm,200,OK,AddContact 1-15,text,true,,3239,474,15,30,61,0,0
1537443693406,61,Add_ContactForm,200,"Number of samples in transaction : 2, number of failing samples : 0",AddContact 1-15,,true,,3239,474,15,30,61,985,0
1537443694409,80,Add_MainPage,200,OK,AddContact 1-2,text,true,,23281,446,15,30,80,0,0
1537443693420,80,Add_MainPage,200,"Number of samples in transaction : 2, number of failing samples : 0",AddContact 1-2,,true,,23281,446,15,30,80,989,0
1537443694426,68,Add_MainPage,200,OK,AddContact 1-5,text,true,,23281,446,15,30,67,0,1
1537443693435,68,Add_MainPage,200,"Number of samples in transaction : 2, number of failing samples : 0",AddContact 1-5,,true,,23281,446,15,30,67,991,1
1537443694465,46,Del_MainPage,200,OK,DeleteContact 2-13,text,true,,23281,446,15,30,44,0,1
1537443693482,46,Del_MainPage,200,"Number of samples in transaction : 2, number of failing samples : 0",DeleteContact 2-13,,true,,23281,446,15,30,44,986,1
1537443694636,44,Del_ContactFrom,200,OK,DeleteContact 2-8,text,true,,3330,482,15,30,44,0,1
1537443691696,44,Del_ContactFrom,200,"Number of samples in transaction : 2, number of failing samples : 0",DeleteContact 2-8,,true,,3330,482,15,30,44,2922,1
1537443694637,149,Del_ContactFrom,200,OK,DeleteContact 2-9,text,true,,3377,482,15,30,149,0,1
1537443691689,149,Del_ContactFrom,200,"Number of samples in transaction : 2, number of failing samples : 0",DeleteContact 2-9,,true,,3377,482,15,30,149,2930,1
1537443694789,60,Add_ContactForm,200,OK,AddContact 1-4,text,true,,3239,474,15,30,60,0,0
1537443693814,60,Add_ContactForm,200,"Number of samples in transaction : 2, number of failing samples : 0",AddContact 1-4,,true,,3239,474,15,30,60,975,0
1537443694682,188,Add_ContactAction,200,OK,AddContact 1-1,text,true,,2477,1517,15,30,188,0,1
1537443691733,188,Add_ContactAction,200,"Number of samples in transaction : 2, number of failing samples : 0",AddContact 1-1,,true,,2477,1517,15,30,188,2931,1
1537443694727,160,Del_Contact,200,OK,DeleteContact 2-3,text,true,,2483,510,15,30,160,0,1
1537443691781,160,Del_Contact,200,"Number of samples in transaction : 2, number of failing samples : 0",DeleteContact 2-3,,true,,2483,510,15,30,160,2928,1
1537443694681,208,Del_Contact,200,OK,DeleteContact 2-1,text,true,,2484,511,15,30,208,0,1
1537443691738,208,Del_Contact,200,"Number of samples in transaction : 2, number of failing samples : 0",DeleteContact 2-1,,true,,2484,511,15,30,208,2925,1
1537443694683,208,Add_ContactAction,200,OK,AddContact 1-13,text,true,,2477,1481,15,30,208,0,1
1537443691729,208,Add_ContactAction,200,"Number of samples in transaction : 2, number of failing samples : 0",AddContact 1-13,,true,,2477,1481,15,30,208,2936,1
1537443694728,174,Del_Contact,200,OK,DeleteContact 2-4,text,true,,2483,510,15,30,174,0,0
1537443691779,174,Del_Contact,200,"Number of samples in transaction : 2, number of failing samples : 0",DeleteContact 2-4,,true,,2483,510,15,30,174,2931,0
1537443694683,222,Add_ContactAction,200,OK,AddContact 1-12,text,true,,2477,1493,15,30,222,0,0
1537443691731,222,Add_ContactAction,200,"Number of samples in transaction : 2, number of failing samples : 0",AddContact 1-12,,true,,2477,1493,15,30,222,2934,0
1537443694851,55,Del_Contact,200,OK,DeleteContact 2-5,text,true,,2484,510,15,30,55,0,0
1537443691904,55,Del_Contact,200,"Number of samples in transaction : 2, number of failing samples : 0",DeleteContact 2-5,,true,,2484,510,15,30,55,2930,0
1537443694682,226,Del_Contact,200,OK,DeleteContact 2-15,text,true,,2485,511,15,30,226,0,0
1537443691736,226,Del_Contact,200,"Number of samples in transaction : 2, number of failing samples : 0",DeleteContact 2-15,,true,,2485,511,15,30,226,2928,0
1537443695406,43,Add_MainPage,200,OK,AddContact 1-6,text,true,,22930,446,15,30,42,0,0
1537443694420,43,Add_MainPage,200,"Number of samples in transaction : 2, number of failing samples : 0",AddContact 1-6,,true,,22930,446,15,30,42,986,0
1537443695466,28,Add_ContactForm,200,OK,AddContact 1-2,text,true,,3239,474,15,30,28,0,0
1537443694489,28,Add_ContactForm,200,"Number of samples in transaction : 2, number of failing samples : 0",AddContact 1-2,,true,,3239,474,15,30,28,977,0
1537443695466,30,Add_ContactForm,200,OK,AddContact 1-5,text,true,,3239,474,15,30,30,0,0
1537443694494,30,Add_ContactForm,200,"Number of samples in transaction : 2, number of failing samples : 0",AddContact 1-5,,true,,3239,474,15,30,30,972,0
1537443695670,32,Del_ContactFrom,200,OK,DeleteContact 2-10,text,true,,3298,482,15,30,32,0,0
1537443692734,32,Del_ContactFrom,200,"Number of samples in transaction : 2, number of failing samples : 0",DeleteContact 2-10,,true,,3298,482,15,30,32,2936,0
1537443695652,56,Del_Contact,200,OK,DeleteContact 2-7,text,true,,2485,511,15,30,56,0,1
1537443692726,56,Del_Contact,200,"Number of samples in transaction : 2, number of failing samples : 0",DeleteContact 2-7,,true,,2485,511,15,30,56,2926,1
1537443695774,46,Del_ContactFrom,200,OK,DeleteContact 2-11,text,true,,3417,482,15,30,46,0,1
1537443692837,46,Del_ContactFrom,200,"Number of samples in transaction : 2, number of failing samples : 0",DeleteContact 2-11,,true,,3417,482,15,30,46,2938,1
1537443695793,48,Del_ContactFrom,200,OK,DeleteContact 2-12,text,true,,3377,482,15,30,48,0,0
1537443692855,48,Del_ContactFrom,200,"Number of samples in transaction : 2, number of failing samples : 0",DeleteContact 2-12,,true,,3377,482,15,30,48,2938,0
1537443695821,43,Del_Contact,200,OK,DeleteContact 2-6,text,true,,2483,510,15,30,43,0,0
1537443692881,43,Del_Contact,200,"Number of samples in transaction : 2, number of failing samples : 0",DeleteContact 2-6,,true,,2483,510,15,30,43,2940,0
1537443696205,27,Add_ContactAction,200,OK,AddContact 1-3,text,true,,2477,1457,15,30,27,0,1
1537443693257,27,Add_ContactAction,200,"Number of samples in transaction : 2, number of failing samples : 0",AddContact 1-3,,true,,2477,1457,15,30,27,2948,1
1537443696420,16,Add_ContactForm,200,OK,AddContact 1-6,text,true,,3239,474,15,30,15,0,0
1537443695449,16,Add_ContactForm,200,"Number of samples in transaction : 2, number of failing samples : 0",AddContact 1-6,,true,,3239,474,15,30,15,971,0
1537443697425,104,Add_MainPage,200,OK,AddContact 1-9,text,true,,22805,446,15,30,103,0,1
1537443696343,104,Add_MainPage,200,"Number of samples in transaction : 2, number of failing samples : 0",AddContact 1-9,,true,,22805,446,15,30,103,986,1
1537443697426,111,Add_MainPage,200,OK,AddContact 1-7,text,true,,22805,446,15,30,111,0,0
1537443696343,111,Add_MainPage,200,"Number of samples in transaction : 2, number of failing samples : 0",AddContact 1-7,,true,,22805,446,15,30,111,987,0
1537443697463,79,Add_MainPage,200,OK,AddContact 1-8,text,true,,22805,446,15,30,78,0,1
1537443696360,79,Add_MainPage,200,"Number of samples in transaction : 2, number of failing samples : 0",AddContact 1-8,,true,,22805,446,15,30,78,1007,1
1537443697501,48,Add_ContactAction,200,OK,AddContact 1-15,text,true,,2477,1271,15,30,48,0,1
1537443694452,48,Add_ContactAction,200,"Number of samples in transaction : 2, number of failing samples : 0",AddContact 1-15,,true,,2477,1271,15,30,48,2953,1
1537443697563,13,Del_ContactFrom,200,OK,DeleteContact 2-13,text,true,,3356,482,15,30,13,0,0
1537443694514,13,Del_ContactFrom,200,"Number of samples in transaction : 2, number of failing samples : 0",DeleteContact 2-13,,true,,3356,482,15,30,13,2953,0
1537443697714,37,Del_Contact,200,OK,DeleteContact 2-8,text,true,,2485,511,15,30,37,0,1
1537443694680,37,Del_Contact,200,"Number of samples in transaction : 2, number of failing samples : 0",DeleteContact 2-8,,true,,2485,511,15,30,37,2938,1
1537443697809,16,Del_Contact,200,OK,DeleteContact 2-9,text,true,,2485,511,15,30,16,0,0
1537443694786,16,Del_Contact,200,"Number of samples in transaction : 2, number of failing samples : 0",DeleteContact 2-9,,true,,2485,511,15,30,16,2928,0
1537443697871,42,Add_ContactAction,200,OK,AddContact 1-4,text,true,,2477,1481,15,30,42,0,1
1537443694849,42,Add_ContactAction,200,"Number of samples in transaction : 2, number of failing samples : 0",AddContact 1-4,,true,,2477,1481,15,30,42,2926,1
1537443698502,77,Add_ContactForm,200,OK,AddContact 1-9,text,true,,3239,474,15,30,77,0,0
1537443697529,77,Add_ContactForm,200,"Number of samples in transaction : 2, number of failing samples : 0",AddContact 1-9,,true,,3239,474,15,30,77,973,0
1537443698521,60,Add_ContactForm,200,OK,AddContact 1-7,text,true,,3239,474,15,30,60,0,0
1537443697537,60,Add_ContactForm,200,"Number of samples in transaction : 2, number of failing samples : 0",AddContact 1-7,,true,,3239,474,15,30,60,984,0
1537443698521,62,Add_ContactForm,200,OK,AddContact 1-8,text,true,,3239,474,15,30,62,0,0
1537443697542,62,Add_ContactForm,200,"Number of samples in transaction : 2, number of failing samples : 0",AddContact 1-8,,true,,3239,474,15,30,62,979,0
1537443698519,70,Add_ContactAction,200,OK,AddContact 1-2,text,true,,2477,1427,15,30,70,0,1
1537443695494,70,Add_ContactAction,200,"Number of samples in transaction : 2, number of failing samples : 0",AddContact 1-2,,true,,2477,1427,15,30,70,2930,1
1537443698520,76,Add_ContactAction,200,OK,AddContact 1-5,text,true,,2477,1529,15,30,76,0,1
1537443695496,76,Add_ContactAction,200,"Number of samples in transaction : 2, number of failing samples : 0",AddContact 1-5,,true,,2477,1529,15,30,76,2928,1
1537443698732,50,Del_Contact,200,OK,DeleteContact 2-10,text,true,,2485,511,15,30,49,0,1
1537443695702,50,Del_Contact,200,"Number of samples in transaction : 2, number of failing samples : 0",DeleteContact 2-10,,true,,2485,511,15,30,49,2934,1
1537443698857,80,Del_MainPage,200,OK,DeleteContact 2-14,text,true,,22980,446,15,30,79,0,1
1537443697871,80,Del_MainPage,200,"Number of samples in transaction : 2, number of failing samples : 0",DeleteContact 2-14,,true,,22980,446,15,30,79,988,1
1537443698856,85,Del_Contact,200,OK,DeleteContact 2-11,text,true,,2485,511,15,30,85,0,1
1537443695821,85,Del_Contact,200,"Number of samples in transaction : 2, number of failing samples : 0",DeleteContact 2-11,,true,,2485,511,15,30,85,2939,1
1537443698893,65,Del_MainPage,200,OK,DeleteContact 2-2,text,true,,22825,446,15,30,65,0,0
1537443697890,65,Del_MainPage,200,"Number of samples in transaction : 2, number of failing samples : 0",DeleteContact 2-2,,true,,22825,446,15,30,65,1006,0
1537443698892,72,Del_Contact,200,OK,DeleteContact 2-12,text,true,,2485,511,15,30,72,0,0
1537443695841,72,Del_Contact,200,"Number of samples in transaction : 2, number of failing samples : 0",DeleteContact 2-12,,true,,2485,511,15,30,72,2955,0
1537443699456,27,Add_ContactAction,200,OK,AddContact 1-6,text,true,,2477,1109,15,30,27,0,1
1537443696436,27,Add_ContactAction,200,"Number of samples in transaction : 2, number of failing samples : 0",AddContact 1-6,,true,,2477,1109,15,30,27,2924,1
1537443700502,29,Del_Contact,200,OK,DeleteContact 2-13,text,true,,2485,511,15,30,29,0,1
1537443697576,29,Del_Contact,200,"Number of samples in transaction : 2, number of failing samples : 0",DeleteContact 2-13,,true,,2485,511,15,30,29,2926,1
1537443700841,67,Add_MainPage,200,OK,AddContact 1-10,text,true,,22563,446,15,30,66,0,0
1537443699841,67,Add_MainPage,200,"Number of samples in transaction : 2, number of failing samples : 0",AddContact 1-10,,true,,22563,446,15,30,66,1000,0
1537443700842,70,Add_MainPage,200,OK,AddContact 1-11,text,true,,22563,446,15,30,69,0,0
1537443699841,70,Add_MainPage,200,"Number of samples in transaction : 2, number of failing samples : 0",AddContact 1-11,,true,,22563,446,15,30,69,1001,0
1537443700894,50,Del_MainPage,200,OK,DeleteContact 2-1,text,true,,22563,446,15,30,50,0,0
1537443699886,50,Del_MainPage,200,"Number of samples in transaction : 2, number of failing samples : 0",DeleteContact 2-1,,true,,22563,446,15,30,50,1011,0
1537443700895,76,Del_MainPage,200,OK,DeleteContact 2-3,text,true,,22563,446,15,30,76,0,0
1537443699886,76,Del_MainPage,200,"Number of samples in transaction : 2, number of failing samples : 0",DeleteContact 2-3,,true,,22563,446,15,30,76,1012,0
1537443700903,99,Del_MainPage,200,OK,DeleteContact 2-15,text,true,,22563,446,15,30,98,0,0
1537443699903,99,Del_MainPage,200,"Number of samples in transaction : 2, number of failing samples : 0",DeleteContact 2-15,,true,,22563,446,15,30,98,1003,0
1537443700903,125,Del_MainPage,200,OK,DeleteContact 2-5,text,true,,22563,446,15,30,125,0,1
1537443699903,125,Del_MainPage,200,"Number of samples in transaction : 2, number of failing samples : 0",DeleteContact 2-5,,true,,22563,446,15,30,125,1008,1
1537443700904,147,Del_MainPage,200,OK,DeleteContact 2-4,text,true,,22563,446,15,30,146,0,0
1537443699903,147,Del_MainPage,200,"Number of samples in transaction : 2, number of failing samples : 0",DeleteContact 2-4,,true,,22563,446,15,30,146,1004,0
1537443701287,43,Add_MainPage,200,OK,AddContact 1-14,text,true,,22563,446,15,30,42,0,1
1537443700287,43,Add_MainPage,200,"Number of samples in transaction : 2, number of failing samples : 0",AddContact 1-14,,true,,22563,446,15,30,42,1000,1
1537443701533,54,Add_ContactAction,200,OK,AddContact 1-9,text,true,,2477,1427,15,30,54,0,1
1537443698579,54,Add_ContactAction,200,"Number of samples in transaction : 2, number of failing samples : 0",AddContact 1-9,,true,,2477,1427,15,30,54,2955,1
1537443701534,56,Add_ContactAction,200,OK,AddContact 1-7,text,true,,2477,1169,15,30,56,0,1
1537443698581,56,Add_ContactAction,200,"Number of samples in transaction : 2, number of failing samples : 0",AddContact 1-7,,true,,2477,1169,15,30,56,2953,1
1537443701535,59,Add_ContactAction,200,OK,AddContact 1-8,text,true,,2477,1169,15,30,58,0,1
1537443698583,59,Add_ContactAction,200,"Number of samples in transaction : 2, number of failing samples : 0",AddContact 1-8,,true,,2477,1169,15,30,58,2952,1
1537443701682,40,Del_MainPage,200,OK,DeleteContact 2-7,text,true,,22931,446,15,30,38,0,1
1537443700701,40,Del_MainPage,200,"Number of samples in transaction : 2, number of failing samples : 0",DeleteContact 2-7,,true,,22931,446,15,30,38,984,1
1537443701857,75,Del_MainPage,200,OK,DeleteContact 2-6,text,true,,22931,446,15,30,75,0,1
1537443700876,75,Del_MainPage,200,"Number of samples in transaction : 2, number of failing samples : 0",DeleteContact 2-6,,true,,22931,446,15,30,75,984,1
1537443701887,56,Add_ContactForm,200,OK,AddContact 1-10,text,true,,3239,474,15,30,56,0,0
1537443700908,56,Add_ContactForm,200,"Number of samples in transaction : 2, number of failing samples : 0",AddContact 1-10,,true,,3239,474,15,30,56,980,0
1537443701893,52,Add_ContactForm,200,OK,AddContact 1-11,text,true,,3239,474,15,30,52,0,0
1537443700912,52,Add_ContactForm,200,"Number of samples in transaction : 2, number of failing samples : 0",AddContact 1-11,,true,,3239,474,15,30,52,981,0
1537443701893,56,Del_ContactFrom,200,OK,DeleteContact 2-14,text,true,,3295,481,15,30,56,0,0
1537443698939,56,Del_ContactFrom,200,"Number of samples in transaction : 2, number of failing samples : 0",DeleteContact 2-14,,true,,3295,481,15,30,56,2954,0
1537443701910,41,Del_ContactFrom,200,OK,DeleteContact 2-2,text,true,,3385,481,15,30,41,0,1
1537443698961,41,Del_ContactFrom,200,"Number of samples in transaction : 2, number of failing samples : 0",DeleteContact 2-2,,true,,3385,481,15,30,41,2949,1
1537443702407,24,Add_ContactForm,200,OK,AddContact 1-14,text,true,,3239,474,15,30,24,0,0
1537443701330,24,Add_ContactForm,200,"Number of samples in transaction : 2, number of failing samples : 0",AddContact 1-14,,true,,3239,474,15,30,24,973,0
1537443702914,90,Add_MainPage,200,OK,AddContact 1-1,text,true,,22931,446,15,30,89,0,1
1537443701826,90,Add_MainPage,200,"Number of samples in transaction : 2, number of failing samples : 0",AddContact 1-1,,true,,22931,446,15,30,89,984,1
1537443702933,75,Add_MainPage,200,OK,AddContact 1-13,text,true,,22931,446,15,30,75,0,1
1537443701841,75,Add_MainPage,200,"Number of samples in transaction : 2, number of failing samples : 0",AddContact 1-13,,true,,22931,446,15,30,75,988,1
1537443702949,63,Add_MainPage,200,OK,AddContact 1-12,text,true,,22931,446,15,30,62,0,0
1537443701857,63,Add_MainPage,200,"Number of samples in transaction : 2, number of failing samples : 0",AddContact 1-12,,true,,22931,446,15,30,62,989,0
1537443703746,35,Del_MainPage,200,OK,DeleteContact 2-8,text,true,,22931,446,15,30,34,0,1
1537443702761,35,Del_MainPage,200,"Number of samples in transaction : 2, number of failing samples : 0",DeleteContact 2-8,,true,,22931,446,15,30,34,989,1
1537443703818,25,Del_MainPage,200,OK,DeleteContact 2-9,text,true,,22931,446,15,30,24,0,1
1537443702836,25,Del_MainPage,200,"Number of samples in transaction : 2, number of failing samples : 0",DeleteContact 2-9,,true,,22931,446,15,30,24,986,1
1537443703977,99,Add_ContactForm,200,OK,AddContact 1-1,text,true,,3239,474,15,30,99,0,0
1537443703004,99,Add_ContactForm,200,"Number of samples in transaction : 2, number of failing samples : 0",AddContact 1-1,,true,,3239,474,15,30,99,973,0
1537443704006,73,Add_ContactForm,200,OK,AddContact 1-13,text,true,,3239,474,15,30,73,0,0
1537443703008,73,Add_ContactForm,200,"Number of samples in transaction : 2, number of failing samples : 0",AddContact 1-13,,true,,3239,474,15,30,73,998,0
1537443704006,82,Add_ContactForm,200,OK,AddContact 1-12,text,true,,3239,474,15,30,82,0,0
1537443703013,82,Add_ContactForm,200,"Number of samples in transaction : 2, number of failing samples : 0",AddContact 1-12,,true,,3239,474,15,30,82,993,0
1537443703976,124,Del_ContactFrom,200,OK,DeleteContact 2-1,text,true,,3354,482,15,30,124,0,1
1537443700947,124,Del_ContactFrom,200,"Number of samples in transaction : 2, number of failing samples : 0",DeleteContact 2-1,,true,,3354,482,15,30,124,2925,1
1537443704024,78,Del_ContactFrom,200,OK,DeleteContact 2-3,text,true,,3355,481,15,30,78,0,1
1537443700974,78,Del_ContactFrom,200,"Number of samples in transaction : 2, number of failing samples : 0",DeleteContact 2-3,,true,,3355,481,15,30,78,2946,1
1537443704038,70,Del_ContactFrom,200,OK,DeleteContact 2-15,text,true,,3268,482,15,30,70,0,0
1537443701005,70,Del_ContactFrom,200,"Number of samples in transaction : 2, number of failing samples : 0",DeleteContact 2-15,,true,,3268,482,15,30,70,2929,0
1537443704088,22,Del_ContactFrom,200,OK,DeleteContact 2-5,text,true,,3324,481,15,30,22,0,0
1537443701036,22,Del_ContactFrom,200,"Number of samples in transaction : 2, number of failing samples : 0",DeleteContact 2-5,,true,,3324,481,15,30,22,2948,0
1537443704115,18,Del_ContactFrom,200,OK,DeleteContact 2-4,text,true,,3411,481,15,30,17,0,0
1537443701056,18,Del_ContactFrom,200,"Number of samples in transaction : 2, number of failing samples : 0",DeleteContact 2-4,,true,,3411,481,15,30,17,2955,0
1537443704299,832,Add_MainPage,200,OK,AddContact 1-3,text,true,,22931,446,15,30,831,0,1
1537443703283,832,Add_MainPage,200,"Number of samples in transaction : 2, number of failing samples : 0",AddContact 1-3,,true,,22931,446,15,30,831,1017,1
1537443704838,306,Del_ContactFrom,200,OK,DeleteContact 2-7,text,true,,3361,482,15,30,306,0,0
1537443701725,306,Del_ContactFrom,200,"Number of samples in transaction : 2, number of failing samples : 0",DeleteContact 2-7,,true,,3361,482,15,30,306,3009,0
1537443704839,384,Del_MainPage,200,OK,DeleteContact 2-10,text,true,,22931,446,15,30,384,0,0
1537443703792,384,Del_MainPage,200,"Number of samples in transaction : 2, number of failing samples : 0",DeleteContact 2-10,,true,,22931,446,15,30,384,1050,0
1537443705055,205,Del_ContactFrom,200,OK,DeleteContact 2-6,text,true,,3306,481,15,30,205,0,1
1537443701935,205,Del_ContactFrom,200,"Number of samples in transaction : 2, number of failing samples : 0",DeleteContact 2-6,,true,,3306,481,15,30,205,3016,1
1537443704946,319,Del_MainPage,200,OK,DeleteContact 2-11,text,true,,22931,446,15,30,318,0,1
1537443703946,319,Del_MainPage,200,"Number of samples in transaction : 2, number of failing samples : 0",DeleteContact 2-11,,true,,22931,446,15,30,318,1003,1
1537443705054,219,Del_MainPage,200,OK,DeleteContact 2-12,text,true,,22931,446,15,30,218,0,0
1537443703977,219,Del_MainPage,200,"Number of samples in transaction : 2, number of failing samples : 0",DeleteContact 2-12,,true,,22931,446,15,30,218,1080,0
1537443704992,287,Add_ContactAction,200,OK,AddContact 1-10,text,true,,2477,1175,15,30,287,0,1
1537443701944,287,Add_ContactAction,200,"Number of samples in transaction : 2, number of failing samples : 0",AddContact 1-10,,true,,2477,1175,15,30,287,2944,1
1537443705054,226,Del_Contact,200,OK,DeleteContact 2-14,text,true,,2485,510,15,30,226,0,1
1537443701949,226,Del_Contact,200,"Number of samples in transaction : 2, number of failing samples : 0",DeleteContact 2-14,,true,,2485,510,15,30,226,3001,1
1537443705055,228,Add_ContactAction,200,OK,AddContact 1-11,text,true,,2477,1620,15,30,228,0,0
1537443701945,228,Add_ContactAction,200,"Number of samples in transaction : 2, number of failing samples : 0",AddContact 1-11,,true,,2477,1620,15,30,228,3006,0
1537443705056,229,Del_Contact,200,OK,DeleteContact 2-2,text,true,,2484,510,15,30,229,0,0
1537443702055,229,Del_Contact,200,"Number of samples in transaction : 2, number of failing samples : 0",DeleteContact 2-2,,true,,2484,510,15,30,229,3001,0
1537443705376,30,Add_ContactAction,200,OK,AddContact 1-14,text,true,,2477,1259,15,30,30,0,1
1537443702431,30,Add_ContactAction,200,"Number of samples in transaction : 2, number of failing samples : 0",AddContact 1-14,,true,,2477,1259,15,30,30,2945,1
1537443705516,37,Add_MainPage,200,OK,AddContact 1-15,text,true,,23075,446,15,30,36,0,0
1537443704530,37,Add_MainPage,200,"Number of samples in transaction : 2, number of failing samples : 0",AddContact 1-15,,true,,23075,446,15,30,36,987,0
1537443705931,46,Add_MainPage,200,OK,AddContact 1-4,text,true,,23075,446,15,30,44,0,0
1537443704946,46,Add_MainPage,200,"Number of samples in transaction : 2, number of failing samples : 0",AddContact 1-4,,true,,23075,446,15,30,44,986,0
1537443706116,26,Add_ContactForm,200,OK,AddContact 1-3,text,true,,3239,474,15,30,26,0,0
1537443705132,26,Add_ContactForm,200,"Number of samples in transaction : 2, number of failing samples : 0",AddContact 1-3,,true,,3239,474,15,30,26,984,0
1537443706532,68,Add_ContactForm,200,OK,AddContact 1-15,text,true,,3239,474,15,30,68,0,0
1537443705554,68,Add_ContactForm,200,"Number of samples in transaction : 2, number of failing samples : 0",AddContact 1-15,,true,,3239,474,15,30,68,978,0
1537443706531,101,Del_MainPage,200,OK,DeleteContact 2-13,text,true,,23075,446,15,30,99,0,1
1537443705546,101,Del_MainPage,200,"Number of samples in transaction : 2, number of failing samples : 0",DeleteContact 2-13,,true,,23075,446,15,30,99,988,1
1537443706566,73,Add_MainPage,200,OK,AddContact 1-2,text,true,,23075,446,15,30,72,0,1
1537443705562,73,Add_MainPage,200,"Number of samples in transaction : 2, number of failing samples : 0",AddContact 1-2,,true,,23075,446,15,30,72,1004,1
1537443706567,76,Add_MainPage,200,OK,AddContact 1-5,text,true,,23075,446,15,30,75,0,0
1537443705577,76,Add_MainPage,200,"Number of samples in transaction : 2, number of failing samples : 0",AddContact 1-5,,true,,23075,446,15,30,75,990,0
1537443706731,24,Del_ContactFrom,200,OK,DeleteContact 2-8,text,true,,3177,481,15,30,24,0,1
1537443703785,24,Del_ContactFrom,200,"Number of samples in transaction : 2, number of failing samples : 0",DeleteContact 2-8,,true,,3177,481,15,30,24,2946,1
1537443706801,18,Del_ContactFrom,200,OK,DeleteContact 2-9,text,true,,3429,482,15,30,18,0,0
1537443703847,18,Del_ContactFrom,200,"Number of samples in transaction : 2, number of failing samples : 0",DeleteContact 2-9,,true,,3429,482,15,30,18,2955,0
1537443706962,24,Add_ContactForm,200,OK,AddContact 1-4,text,true,,3239,474,15,30,24,0,0
1537443705978,24,Add_ContactForm,200,"Number of samples in transaction : 2, number of failing samples : 0",AddContact 1-4,,true,,3239,474,15,30,24,984,0
1537443707103,159,Add_ContactAction,200,OK,AddContact 1-1,text,true,,2477,1626,15,30,159,0,1
1537443704076,159,Add_ContactAction,200,"Number of samples in transaction : 2, number of failing samples : 0",AddContact 1-1,,true,,2477,1626,15,30,159,2947,1
1537443707135,135,Del_Contact,200,OK,DeleteContact 2-15,text,true,,2485,511,15,30,135,0,0
1537443704108,135,Del_Contact,200,"Number of samples in transaction : 2, number of failing samples : 0",DeleteContact 2-15,,true,,2485,511,15,30,135,2947,0
1537443707105,168,Add_ContactAction,200,OK,AddContact 1-13,text,true,,2477,1499,15,30,168,0,0
1537443704079,168,Add_ContactAction,200,"Number of samples in transaction : 2, number of failing samples : 0",AddContact 1-13,,true,,2477,1499,15,30,168,2946,0
1537443707135,141,Del_Contact,200,OK,DeleteContact 2-3,text,true,,2483,510,15,30,141,0,0
1537443704102,141,Del_Contact,200,"Number of samples in transaction : 2, number of failing samples : 0",DeleteContact 2-3,,true,,2483,510,15,30,141,2953,0
1537443707134,143,Del_Contact,200,OK,DeleteContact 2-5,text,true,,2484,510,15,30,143,0,0
1537443704110,143,Del_Contact,200,"Number of samples in transaction : 2, number of failing samples : 0",DeleteContact 2-5,,true,,2484,510,15,30,143,2944,0
1537443707170,112,Del_Contact,200,OK,DeleteContact 2-4,text,true,,2484,510,15,30,112,0,0
1537443704133,112,Del_Contact,200,"Number of samples in transaction : 2, number of failing samples : 0",DeleteContact 2-4,,true,,2484,510,15,30,112,2957,0
1537443707136,151,Del_Contact,200,OK,DeleteContact 2-1,text,true,,2485,511,15,30,151,0,0
1537443704100,151,Del_Contact,200,"Number of samples in transaction : 2, number of failing samples : 0",DeleteContact 2-1,,true,,2485,511,15,30,151,2956,0
1537443707133,159,Add_ContactAction,200,OK,AddContact 1-12,text,true,,2477,1523,15,30,159,0,1
1537443704088,159,Add_ContactAction,200,"Number of samples in transaction : 2, number of failing samples : 0",AddContact 1-12,,true,,2477,1523,15,30,159,2966,1
1537443707519,36,Add_MainPage,200,OK,AddContact 1-6,text,true,,22930,446,15,30,34,0,1
1537443706454,36,Add_MainPage,200,"Number of samples in transaction : 2, number of failing samples : 0",AddContact 1-6,,true,,22930,446,15,30,34,985,1
1537443707703,44,Add_ContactForm,200,OK,AddContact 1-2,text,true,,3239,474,15,30,44,0,0
1537443706639,44,Add_ContactForm,200,"Number of samples in transaction : 2, number of failing samples : 0",AddContact 1-2,,true,,3239,474,15,30,44,984,0
1537443707703,46,Add_ContactForm,200,OK,AddContact 1-5,text,true,,3239,474,15,30,46,0,0
1537443706643,46,Add_ContactForm,200,"Number of samples in transaction : 2, number of failing samples : 0",AddContact 1-5,,true,,3239,474,15,30,46,980,0
1537443708165,29,Del_Contact,200,OK,DeleteContact 2-7,text,true,,2485,511,15,30,29,0,1
1537443705144,29,Del_Contact,200,"Number of samples in transaction : 2, number of failing samples : 0",DeleteContact 2-7,,true,,2485,511,15,30,29,2941,1
1537443708257,25,Del_ContactFrom,200,OK,DeleteContact 2-10,text,true,,3396,481,15,30,25,0,1
1537443705226,25,Del_ContactFrom,200,"Number of samples in transaction : 2, number of failing samples : 0",DeleteContact 2-10,,true,,3396,481,15,30,25,2952,1
1537443708309,52,Del_ContactFrom,200,OK,DeleteContact 2-11,text,true,,3331,481,15,30,52,0,0
1537443705268,52,Del_ContactFrom,200,"Number of samples in transaction : 2, number of failing samples : 0",DeleteContact 2-11,,true,,3331,481,15,30,52,2961,0
1537443708327,36,Del_ContactFrom,200,OK,DeleteContact 2-12,text,true,,3391,481,15,30,36,0,0
1537443705276,36,Del_ContactFrom,200,"Number of samples in transaction : 2, number of failing samples : 0",DeleteContact 2-12,,true,,3391,481,15,30,36,2971,0
1537443708288,78,Del_Contact,200,OK,DeleteContact 2-6,text,true,,2484,510,15,30,78,0,1
1537443705260,78,Del_Contact,200,"Number of samples in transaction : 2, number of failing samples : 0",DeleteContact 2-6,,true,,2484,510,15,30,78,2948,1
1537443708535,42,Add_ContactForm,200,OK,AddContact 1-6,text,true,,3239,474,15,30,42,0,0
1537443707555,42,Add_ContactForm,200,"Number of samples in transaction : 2, number of failing samples : 0",AddContact 1-6,,true,,3239,474,15,30,42,980,0
1537443709166,38,Add_ContactAction,200,OK,AddContact 1-3,text,true,,2477,1487,15,30,38,0,1
1537443706142,38,Add_ContactAction,200,"Number of samples in transaction : 2, number of failing samples : 0",AddContact 1-3,,true,,2477,1487,15,30,38,2944,1
1537443709658,76,Del_ContactFrom,200,OK,DeleteContact 2-13,text,true,,3281,482,15,30,76,0,1
1537443706635,76,Del_ContactFrom,200,"Number of samples in transaction : 2, number of failing samples : 0",DeleteContact 2-13,,true,,3281,482,15,30,76,2944,1
1537443709628,111,Add_MainPage,200,OK,AddContact 1-9,text,true,,22825,446,15,30,109,0,0
1537443708642,111,Add_MainPage,200,"Number of samples in transaction : 2, number of failing samples : 0",AddContact 1-9,,true,,22825,446,15,30,109,986,0
1537443709630,113,Add_MainPage,200,OK,AddContact 1-7,text,true,,22825,446,15,30,112,0,0
1537443708642,113,Add_MainPage,200,"Number of samples in transaction : 2, number of failing samples : 0",AddContact 1-7,,true,,22825,446,15,30,112,988,0
1537443709628,117,Add_ContactAction,200,OK,AddContact 1-15,text,true,,2477,1193,15,30,116,0,1
1537443706600,117,Add_ContactAction,200,"Number of samples in transaction : 2, number of failing samples : 0",AddContact 1-15,,true,,2477,1193,15,30,116,2948,1
1537443709629,120,Add_MainPage,200,OK,AddContact 1-8,text,true,,22825,446,15,30,118,0,1
1537443708643,120,Add_MainPage,200,"Number of samples in transaction : 2, number of failing samples : 0",AddContact 1-8,,true,,22825,446,15,30,118,986,1
1537443709775,13,Del_Contact,200,OK,DeleteContact 2-8,text,true,,2490,510,15,30,13,0,1
1537443706755,13,Del_Contact,200,"Number of samples in transaction : 2, number of failing samples : 0",DeleteContact 2-8,,true,,2490,510,15,30,13,2940,1
1537443709843,26,Del_Contact,200,OK,DeleteContact 2-9,text,true,,2485,511,15,30,26,0,0
1537443706820,26,Del_Contact,200,"Number of samples in transaction : 2, number of failing samples : 0",DeleteContact 2-9,,true,,2485,511,15,30,26,2943,0
1537443710012,28,Add_ContactAction,200,OK,AddContact 1-4,text,true,,2477,1205,15,30,28,0,1
1537443707066,28,Add_ContactAction,200,"Number of samples in transaction : 2, number of failing samples : 0",AddContact 1-4,,true,,2477,1205,15,30,28,2946,1
1537443710719,56,Add_ContactForm,200,OK,AddContact 1-9,text,true,,3239,474,15,30,56,0,0
1537443709739,56,Add_ContactForm,200,"Number of samples in transaction : 2, number of failing samples : 0",AddContact 1-9,,true,,3239,474,15,30,56,980,0
1537443710726,51,Add_ContactForm,200,OK,AddContact 1-7,text,true,,3239,474,15,30,51,0,0
1537443709743,51,Add_ContactForm,200,"Number of samples in transaction : 2, number of failing samples : 0",AddContact 1-7,,true,,3239,474,15,30,51,983,0
1537443710726,52,Add_ContactForm,200,OK,AddContact 1-8,text,true,,3239,474,15,30,52,0,0
1537443709749,52,Add_ContactForm,200,"Number of samples in transaction : 2, number of failing samples : 0",AddContact 1-8,,true,,3239,474,15,30,52,978,0
1537443710688,96,Add_ContactAction,200,OK,AddContact 1-2,text,true,,2477,1680,15,30,96,0,1
1537443707747,96,Add_ContactAction,200,"Number of samples in transaction : 2, number of failing samples : 0",AddContact 1-2,,true,,2477,1680,15,30,96,2941,1
1537443710689,98,Add_ContactAction,200,OK,AddContact 1-5,text,true,,2477,1247,15,30,98,0,1
1537443707749,98,Add_ContactAction,200,"Number of samples in transaction : 2, number of failing samples : 0",AddContact 1-5,,true,,2477,1247,15,30,98,2941,1
1537443711229,41,Del_MainPage,200,OK,DeleteContact 2-14,text,true,,23183,446,15,30,41,0,1
1537443710258,41,Del_MainPage,200,"Number of samples in transaction : 2, number of failing samples : 0",DeleteContact 2-14,,true,,23183,446,15,30,41,1129,1
1537443711212,218,Del_Contact,200,OK,DeleteContact 2-10,text,true,,2484,510,15,30,218,0,0
1537443708283,218,Del_Contact,200,"Number of samples in transaction : 2, number of failing samples : 0",DeleteContact 2-10,,true,,2484,510,15,30,218,2929,0
1537443711243,219,Del_MainPage,200,OK,DeleteContact 2-2,text,true,,22982,446,15,30,218,0,0
1537443710274,219,Del_MainPage,200,"Number of samples in transaction : 2, number of failing samples : 0",DeleteContact 2-2,,true,,22982,446,15,30,218,972,0
1537443711422,52,Del_Contact,200,OK,DeleteContact 2-12,text,true,,2484,510,15,30,52,0,0
1537443708363,52,Del_Contact,200,"Number of samples in transaction : 2, number of failing samples : 0",DeleteContact 2-12,,true,,2484,510,15,30,52,3059,0
1537443711422,55,Del_Contact,200,OK,DeleteContact 2-11,text,true,,2484,510,15,30,55,0,1
1537443708361,55,Del_Contact,200,"Number of samples in transaction : 2, number of failing samples : 0",DeleteContact 2-11,,true,,2484,510,15,30,55,3061,1
1537443711505,15,Add_ContactAction,200,OK,AddContact 1-6,text,true,,2477,1301,15,30,15,0,0
1537443708577,15,Add_ContactAction,200,"Number of samples in transaction : 2, number of failing samples : 0",AddContact 1-6,,true,,2477,1301,15,30,15,2928,0
1537443712790,154,Del_Contact,200,OK,DeleteContact 2-13,text,true,,2485,511,15,30,154,0,0
1537443709735,154,Del_Contact,200,"Number of samples in transaction : 2, number of failing samples : 0",DeleteContact 2-13,,true,,2485,511,15,30,154,2940,0
1537443713251,136,Del_MainPage,200,OK,DeleteContact 2-15,text,true,,22687,446,15,30,136,0,0
1537443712266,136,Del_MainPage,200,"Number of samples in transaction : 2, number of failing samples : 0",DeleteContact 2-15,,true,,22687,446,15,30,136,988,0
1537443713269,125,Del_MainPage,200,OK,DeleteContact 2-3,text,true,,22687,446,15,30,125,0,0
1537443712281,125,Del_MainPage,200,"Number of samples in transaction : 2, number of failing samples : 0",DeleteContact 2-3,,true,,22687,446,15,30,125,991,0
1537443713270,131,Del_MainPage,200,OK,DeleteContact 2-5,text,true,,22687,446,15,30,131,0,0
1537443712281,131,Del_MainPage,200,"Number of samples in transaction : 2, number of failing samples : 0",DeleteContact 2-5,,true,,22687,446,15,30,131,992,0
1537443713270,138,Del_MainPage,200,OK,DeleteContact 2-4,text,true,,22687,446,15,30,138,0,1
1537443712281,138,Del_MainPage,200,"Number of samples in transaction : 2, number of failing samples : 0",DeleteContact 2-4,,true,,22687,446,15,30,138,992,1
1537443713271,144,Del_MainPage,200,OK,DeleteContact 2-1,text,true,,22687,446,15,30,144,0,0
1537443712281,144,Del_MainPage,200,"Number of samples in transaction : 2, number of failing samples : 0",DeleteContact 2-1,,true,,22687,446,15,30,144,993,0
1537443713312,130,Add_MainPage,200,OK,AddContact 1-10,text,true,,22687,446,15,30,129,0,0
1537443712328,130,Add_MainPage,200,"Number of samples in transaction : 2, number of failing samples : 0",AddContact 1-10,,true,,22687,446,15,30,129,984,0
1537443713313,154,Add_MainPage,200,OK,AddContact 1-11,text,true,,22687,446,15,30,153,0,0
1537443712328,154,Add_MainPage,200,"Number of samples in transaction : 2, number of failing samples : 0",AddContact 1-11,,true,,22687,446,15,30,153,985,0
1537443713451,31,Add_MainPage,200,OK,AddContact 1-14,text,true,,22687,446,15,30,30,0,0
1537443712466,31,Add_MainPage,200,"Number of samples in transaction : 2, number of failing samples : 0",AddContact 1-14,,true,,22687,446,15,30,30,985,0
1537443713819,59,Add_ContactAction,200,OK,AddContact 1-9,text,true,,2477,1608,15,30,59,0,1
1537443710775,59,Add_ContactAction,200,"Number of samples in transaction : 2, number of failing samples : 0",AddContact 1-9,,true,,2477,1608,15,30,59,2929,1
1537443713820,62,Add_ContactAction,200,OK,AddContact 1-7,text,true,,2477,1433,15,30,62,0,1
1537443710777,62,Add_ContactAction,200,"Number of samples in transaction : 2, number of failing samples : 0",AddContact 1-7,,true,,2477,1433,15,30,62,2928,1
1537443713821,63,Add_ContactAction,200,OK,AddContact 1-8,text,true,,2477,1097,15,30,63,0,1
1537443710779,63,Add_ContactAction,200,"Number of samples in transaction : 2, number of failing samples : 0",AddContact 1-8,,true,,2477,1097,15,30,63,2927,1
1537443714159,42,Del_MainPage,200,OK,DeleteContact 2-7,text,true,,23166,446,15,30,41,0,0
1537443713188,42,Del_MainPage,200,"Number of samples in transaction : 2, number of failing samples : 0",DeleteContact 2-7,,true,,23166,446,15,30,41,974,0
1537443714343,44,Del_MainPage,200,OK,DeleteContact 2-6,text,true,,23166,446,15,30,42,0,1
1537443713376,44,Del_MainPage,200,"Number of samples in transaction : 2, number of failing samples : 0",DeleteContact 2-6,,true,,23166,446,15,30,42,972,1
1537443714405,15,Add_ContactForm,200,OK,AddContact 1-10,text,true,,3239,474,15,30,15,0,0
1537443713442,15,Add_ContactForm,200,"Number of samples in transaction : 2, number of failing samples : 0",AddContact 1-10,,true,,3239,474,15,30,15,963,0
1537443714436,12,Add_ContactForm,200,OK,AddContact 1-11,text,true,,3239,474,15,30,12,0,0
1537443713467,12,Add_ContactForm,200,"Number of samples in transaction : 2, number of failing samples : 0",AddContact 1-11,,true,,3239,474,15,30,12,969,0
1537443714451,14,Add_ContactForm,200,OK,AddContact 1-14,text,true,,3239,474,15,30,14,0,0
1537443713482,14,Add_ContactForm,200,"Number of samples in transaction : 2, number of failing samples : 0",AddContact 1-14,,true,,3239,474,15,30,14,969,0
1537443714482,13,Del_ContactFrom,200,OK,DeleteContact 2-14,text,true,,3392,482,15,30,13,0,1
1537443711428,13,Del_ContactFrom,200,"Number of samples in transaction : 2, number of failing samples : 0",DeleteContact 2-14,,true,,3392,482,15,30,13,2939,1
1537443714513,13,Del_ContactFrom,200,OK,DeleteContact 2-2,text,true,,3403,482,15,30,13,0,0
1537443711465,13,Del_ContactFrom,200,"Number of samples in transaction : 2, number of failing samples : 0",DeleteContact 2-2,,true,,3403,482,15,30,13,2933,0
1537443715205,50,Add_MainPage,200,OK,AddContact 1-1,text,true,,23166,446,15,30,49,0,1
1537443714221,50,Add_MainPage,200,"Number of samples in transaction : 2, number of failing samples : 0",AddContact 1-1,,true,,23166,446,15,30,49,984,1
1537443715221,60,Add_MainPage,200,OK,AddContact 1-13,text,true,,23166,446,15,30,59,0,0
1537443714235,60,Add_MainPage,200,"Number of samples in transaction : 2, number of failing samples : 0",AddContact 1-13,,true,,23166,446,15,30,59,986,0
1537443715242,43,Add_MainPage,200,OK,AddContact 1-12,text,true,,23166,446,15,30,42,0,0
1537443714252,43,Add_MainPage,200,"Number of samples in transaction : 2, number of failing samples : 0",AddContact 1-12,,true,,23166,446,15,30,42,990,0
1537443715775,41,Del_MainPage,200,OK,DeleteContact 2-8,text,true,,23166,446,15,30,40,0,0
1537443714789,41,Del_MainPage,200,"Number of samples in transaction : 2, number of failing samples : 0",DeleteContact 2-8,,true,,23166,446,15,30,40,990,0
1537443715851,27,Del_MainPage,200,OK,DeleteContact 2-9,text,true,,23166,446,15,30,26,0,1
1537443714867,27,Del_MainPage,200,"Number of samples in transaction : 2, number of failing samples : 0",DeleteContact 2-9,,true,,23166,446,15,30,26,987,1
1537443716220,15,Add_ContactForm,200,OK,AddContact 1-1,text,true,,3239,474,15,30,15,0,0
1537443715255,15,Add_ContactForm,200,"Number of samples in transaction : 2, number of failing samples : 0",AddContact 1-1,,true,,3239,474,15,30,15,965,0
1537443716236,12,Add_ContactForm,200,OK,AddContact 1-13,text,true,,3239,474,15,30,12,0,0
1537443715281,12,Add_ContactForm,200,"Number of samples in transaction : 2, number of failing samples : 0",AddContact 1-13,,true,,3239,474,15,30,12,956,0
1537443716252,13,Add_ContactForm,200,OK,AddContact 1-12,text,true,,3239,474,15,30,13,0,0
1537443715285,13,Add_ContactForm,200,"Number of samples in transaction : 2, number of failing samples : 0",AddContact 1-12,,true,,3239,474,15,30,13,968,0
1537443716313,68,Del_ContactFrom,200,OK,DeleteContact 2-15,text,true,,3403,482,15,30,68,0,0
1537443713390,68,Del_ContactFrom,200,"Number of samples in transaction : 2, number of failing samples : 0",DeleteContact 2-15,,true,,3403,482,15,30,68,2923,0
1537443716314,69,Del_ContactFrom,200,OK,DeleteContact 2-3,text,true,,3345,482,15,30,69,0,0
1537443713397,69,Del_ContactFrom,200,"Number of samples in transaction : 2, number of failing samples : 0",DeleteContact 2-3,,true,,3345,482,15,30,69,2917,0
1537443716344,41,Del_ContactFrom,200,OK,DeleteContact 2-5,text,true,,3317,482,15,30,41,0,1
1537443713404,41,Del_ContactFrom,200,"Number of samples in transaction : 2, number of failing samples : 0",DeleteContact 2-5,,true,,3317,482,15,30,41,2940,1
1537443716345,42,Del_ContactFrom,200,OK,DeleteContact 2-4,text,true,,3254,482,15,30,42,0,0
1537443713411,42,Del_ContactFrom,200,"Number of samples in transaction : 2, number of failing samples : 0",DeleteContact 2-4,,true,,3254,482,15,30,42,2934,0
1537443716345,47,Del_ContactFrom,200,OK,DeleteContact 2-1,text,true,,3365,482,15,30,47,0,0
1537443713418,47,Del_ContactFrom,200,"Number of samples in transaction : 2, number of failing samples : 0",DeleteContact 2-1,,true,,3365,482,15,30,47,2927,0
1537443716746,38,Del_ContactFrom,200,OK,DeleteContact 2-7,text,true,,3316,482,15,30,38,0,0
1537443714204,38,Del_ContactFrom,200,"Number of samples in transaction : 2, number of failing samples : 0",DeleteContact 2-7,,true,,3316,482,15,30,38,2910,0
1537443716760,43,Add_MainPage,200,OK,AddContact 1-3,text,true,,23166,446,15,30,41,0,1
1537443716144,43,Add_MainPage,200,"Number of samples in transaction : 2, number of failing samples : 0",AddContact 1-3,,true,,23166,446,15,30,41,984,1
1537443716946,25,Del_ContactFrom,200,OK,DeleteContact 2-6,text,true,,3345,482,15,30,24,0,0
1537443714392,25,Del_ContactFrom,200,"Number of samples in transaction : 2, number of failing samples : 0",DeleteContact 2-6,,true,,3345,482,15,30,24,2922,0
1537443716977,25,Add_ContactAction,200,OK,AddContact 1-10,text,true,,2477,1638,15,30,25,0,0
1537443714420,25,Add_ContactAction,200,"Number of samples in transaction : 2, number of failing samples : 0",AddContact 1-10,,true,,2477,1638,15,30,25,2925,0
1537443716991,27,Add_ContactAction,200,OK,AddContact 1-11,text,true,,2477,1259,15,30,26,0,1
1537443714448,27,Add_ContactAction,200,"Number of samples in transaction : 2, number of failing samples : 0",AddContact 1-11,,true,,2477,1259,15,30,26,2911,1
1537443717006,18,Add_ContactAction,200,OK,AddContact 1-14,text,true,,2477,1391,15,30,18,0,1
1537443714465,18,Add_ContactAction,200,"Number of samples in transaction : 2, number of failing samples : 0",AddContact 1-14,,true,,2477,1391,15,30,18,2909,1
1537443717038,45,Del_MainPage,200,OK,DeleteContact 2-10,text,true,,23685,446,15,30,44,0,0
1537443716420,45,Del_MainPage,200,"Number of samples in transaction : 2, number of failing samples : 0",DeleteContact 2-10,,true,,23685,446,15,30,44,989,0
1537443717038,50,Del_Contact,200,OK,DeleteContact 2-14,text,true,,2485,511,15,30,50,0,0
1537443714495,50,Del_Contact,200,"Number of samples in transaction : 2, number of failing samples : 0",DeleteContact 2-14,,true,,2485,511,15,30,50,2912,0
1537443717069,24,Del_Contact,200,OK,DeleteContact 2-2,text,true,,2485,511,15,30,24,0,0
1537443714526,24,Del_Contact,200,"Number of samples in transaction : 2, number of failing samples : 0",DeleteContact 2-2,,true,,2485,511,15,30,24,2911,0
1537443717086,30,Del_MainPage,200,OK,DeleteContact 2-12,text,true,,23231,446,15,30,29,0,0
1537443716467,30,Del_MainPage,200,"Number of samples in transaction : 2, number of failing samples : 0",DeleteContact 2-12,,true,,23231,446,15,30,29,992,0
1537443717087,58,Del_MainPage,200,OK,DeleteContact 2-11,text,true,,23231,446,15,30,56,0,0
1537443716467,58,Del_MainPage,200,"Number of samples in transaction : 2, number of failing samples : 0",DeleteContact 2-11,,true,,23231,446,15,30,56,991,0
1537443717299,45,Add_MainPage,200,OK,AddContact 1-15,text,true,,23231,446,15,30,43,0,1
1537443716683,45,Add_MainPage,200,"Number of samples in transaction : 2, number of failing samples : 0",AddContact 1-15,,true,,23231,446,15,30,43,984,1
1537443717592,48,Add_MainPage,200,OK,AddContact 1-4,text,true,,23231,446,15,30,41,0,1
1537443716607,48,Add_MainPage,200,"Number of samples in transaction : 2, number of failing samples : 0",AddContact 1-4,,true,,23231,446,15,30,41,985,1
1537443717777,34,Add_ContactForm,200,OK,AddContact 1-3,text,true,,3239,474,15,30,34,0,0
1537443716803,34,Add_ContactForm,200,"Number of samples in transaction : 2, number of failing samples : 0",AddContact 1-3,,true,,3239,474,15,30,34,974,0
1537443718315,23,Add_ContactForm,200,OK,AddContact 1-15,text,true,,3239,474,15,30,23,0,0
1537443717344,23,Add_ContactForm,200,"Number of samples in transaction : 2, number of failing samples : 0",AddContact 1-15,,true,,3239,474,15,30,23,971,0
1537443718346,58,Add_MainPage,200,OK,AddContact 1-2,text,true,,23231,446,15,30,58,0,0
1537443717362,58,Add_MainPage,200,"Number of samples in transaction : 2, number of failing samples : 0",AddContact 1-2,,true,,23231,446,15,30,58,984,0
1537443718346,62,Add_MainPage,200,OK,AddContact 1-5,text,true,,23231,446,15,30,62,0,1
1537443717362,62,Add_MainPage,200,"Number of samples in transaction : 2, number of failing samples : 0",AddContact 1-5,,true,,23231,446,15,30,62,985,1
1537443718380,33,Del_ContactFrom,200,OK,DeleteContact 2-8,text,true,,3287,481,15,30,33,0,0
1537443715820,33,Del_ContactFrom,200,"Number of samples in transaction : 2, number of failing samples : 0",DeleteContact 2-8,,true,,3287,481,15,30,33,2928,0
1537443718439,32,Del_ContactFrom,200,OK,DeleteContact 2-9,text,true,,3283,482,15,30,32,0,1
1537443715881,32,Del_ContactFrom,200,"Number of samples in transaction : 2, number of failing samples : 0",DeleteContact 2-9,,true,,3283,482,15,30,32,2927,1
1537443718438,38,Del_MainPage,200,OK,DeleteContact 2-13,text,true,,23231,446,15,30,36,0,1
1537443717454,38,Del_MainPage,200,"Number of samples in transaction : 2, number of failing samples : 0",DeleteContact 2-13,,true,,23231,446,15,30,36,987,1
1537443718623,25,Add_ContactForm,200,OK,AddContact 1-4,text,true,,3239,474,15,30,25,0,0
1537443717640,25,Add_ContactForm,200,"Number of samples in transaction : 2, number of failing samples : 0",AddContact 1-4,,true,,3239,474,15,30,25,983,0
1537443718792,51,Add_ContactAction,200,OK,AddContact 1-1,text,true,,2477,1589,15,30,51,0,1
1537443716235,51,Add_ContactAction,200,"Number of samples in transaction : 2, number of failing samples : 0",AddContact 1-1,,true,,2477,1589,15,30,51,2925,1
1537443718810,35,Add_ContactAction,200,OK,AddContact 1-13,text,true,,2477,1115,15,30,35,0,0
1537443716249,35,Add_ContactAction,200,"Number of samples in transaction : 2, number of failing samples : 0",AddContact 1-13,,true,,2477,1115,15,30,35,2929,0
1537443718823,25,Add_ContactAction,200,OK,AddContact 1-12,text,true,,2477,1481,15,30,25,0,1
1537443716266,25,Add_ContactAction,200,"Number of samples in transaction : 2, number of failing samples : 0",AddContact 1-12,,true,,2477,1481,15,30,25,2925,1
1537443718946,73,Del_Contact,200,OK,DeleteContact 2-15,text,true,,2491,511,15,30,73,0,0
1537443716381,73,Del_Contact,200,"Number of samples in transaction : 2, number of failing samples : 0",DeleteContact 2-15,,true,,2491,511,15,30,73,2933,0
1537443718947,83,Del_Contact,200,OK,DeleteContact 2-3,text,true,,2485,511,15,30,82,0,0
1537443716383,83,Del_Contact,200,"Number of samples in transaction : 2, number of failing samples : 0",DeleteContact 2-3,,true,,2485,511,15,30,82,2932,0
1537443718948,85,Del_Contact,200,OK,DeleteContact 2-4,text,true,,2485,511,15,30,85,0,1
1537443716387,85,Del_Contact,200,"Number of samples in transaction : 2, number of failing samples : 0",DeleteContact 2-4,,true,,2485,511,15,30,85,2929,1
1537443718947,87,Del_Contact,200,OK,DeleteContact 2-5,text,true,,2484,511,15,30,87,0,1
1537443716385,87,Del_Contact,200,"Number of samples in transaction : 2, number of failing samples : 0",DeleteContact 2-5,,true,,2484,511,15,30,87,2930,1
1537443718982,54,Del_Contact,200,OK,DeleteContact 2-1,text,true,,2485,511,15,30,54,0,1
1537443716392,54,Del_Contact,200,"Number of samples in transaction : 2, number of failing samples : 0",DeleteContact 2-1,,true,,2485,511,15,30,54,2958,1
1537443719100,40,Add_MainPage,200,OK,AddContact 1-6,text,true,,23168,446,15,30,39,0,1
1537443718115,40,Add_MainPage,200,"Number of samples in transaction : 2, number of failing samples : 0",AddContact 1-6,,true,,23168,446,15,30,39,986,1
1537443719377,47,Add_ContactForm,200,OK,AddContact 1-2,text,true,,3239,474,15,30,47,0,0
1537443718404,47,Add_ContactForm,200,"Number of samples in transaction : 2, number of failing samples : 0",AddContact 1-2,,true,,3239,474,15,30,47,973,0
1537443719398,29,Add_ContactForm,200,OK,AddContact 1-5,text,true,,3239,474,15,30,29,0,0
1537443718409,29,Add_ContactForm,200,"Number of samples in transaction : 2, number of failing samples : 0",AddContact 1-5,,true,,3239,474,15,30,29,989,0
1537443719716,26,Del_Contact,200,OK,DeleteContact 2-7,text,true,,2485,511,15,30,26,0,0
1537443716784,26,Del_Contact,200,"Number of samples in transaction : 2, number of failing samples : 0",DeleteContact 2-7,,true,,2485,511,15,30,26,2932,0
1537443719901,26,Del_Contact,200,OK,DeleteContact 2-6,text,true,,2491,511,15,30,26,0,0
1537443716971,26,Del_Contact,200,"Number of samples in transaction : 2, number of failing samples : 0",DeleteContact 2-6,,true,,2491,511,15,30,26,2931,0
1537443720024,25,Del_ContactFrom,200,OK,DeleteContact 2-10,text,true,,3369,481,15,30,24,0,0
1537443717086,25,Del_ContactFrom,200,"Number of samples in transaction : 2, number of failing samples : 0",DeleteContact 2-10,,true,,3369,481,15,30,24,2938,0
1537443720054,13,Del_ContactFrom,200,OK,DeleteContact 2-12,text,true,,3373,482,15,30,13,0,1
1537443717121,13,Del_ContactFrom,200,"Number of samples in transaction : 2, number of failing samples : 0",DeleteContact 2-12,,true,,3373,482,15,30,13,2933,1
1537443720085,13,Del_ContactFrom,200,OK,DeleteContact 2-11,text,true,,3295,481,15,30,13,0,0
1537443717148,13,Del_ContactFrom,200,"Number of samples in transaction : 2, number of failing samples : 0",DeleteContact 2-11,,true,,3295,481,15,30,13,2937,0
1537443720116,12,Add_ContactForm,200,OK,AddContact 1-6,text,true,,3239,474,15,30,12,0,0
1537443719141,12,Add_ContactForm,200,"Number of samples in transaction : 2, number of failing samples : 0",AddContact 1-6,,true,,3239,474,15,30,12,975,0
1537443720746,189,Add_ContactAction,200,OK,AddContact 1-3,text,true,,2477,1307,15,30,189,0,10
1537443717811,189,Add_ContactAction,200,"Number of samples in transaction : 2, number of failing samples : 0",AddContact 1-3,,true,,2477,1307,15,30,189,2935,10
1537443721270,26,Add_ContactAction,200,OK,AddContact 1-15,text,true,,2477,1746,15,30,26,0,0
1537443718338,26,Add_ContactAction,200,"Number of samples in transaction : 2, number of failing samples : 0",AddContact 1-15,,true,,2477,1746,15,30,26,2932,0
1537443721315,52,Add_MainPage,200,OK,AddContact 1-9,text,true,,23429,446,15,30,51,0,1
1537443720332,52,Add_MainPage,200,"Number of samples in transaction : 2, number of failing samples : 0",AddContact 1-9,,true,,23429,446,15,30,51,983,1
1537443721336,60,Add_MainPage,200,OK,AddContact 1-7,text,true,,23429,446,15,30,59,0,1
1537443720346,60,Add_MainPage,200,"Number of samples in transaction : 2, number of failing samples : 0",AddContact 1-7,,true,,23429,446,15,30,59,990,1
1537443721337,63,Add_MainPage,200,OK,AddContact 1-8,text,true,,23429,446,15,30,62,0,0
1537443720346,63,Add_MainPage,200,"Number of samples in transaction : 2, number of failing samples : 0",AddContact 1-8,,true,,23429,446,15,30,62,991,0
1537443721354,50,Del_Contact,200,OK,DeleteContact 2-8,text,true,,2484,510,15,30,50,0,1
1537443718413,50,Del_Contact,200,"Number of samples in transaction : 2, number of failing samples : 0",DeleteContact 2-8,,true,,2484,510,15,30,50,2941,1
1537443721408,40,Del_ContactFrom,200,OK,DeleteContact 2-13,text,true,,3400,482,15,30,40,0,1
1537443718479,40,Del_ContactFrom,200,"Number of samples in transaction : 2, number of failing samples : 0",DeleteContact 2-13,,true,,3400,482,15,30,40,2929,1
1537443721409,42,Del_Contact,200,OK,DeleteContact 2-9,text,true,,2485,511,15,30,42,0,0
1537443718472,42,Del_Contact,200,"Number of samples in transaction : 2, number of failing samples : 0",DeleteContact 2-9,,true,,2485,511,15,30,42,2937,0
1537443721191,27,Add_ContactAction,200,OK,AddContact 1-4,text,true,,2477,1608,15,30,27,0,1
1537443718648,27,Add_ContactAction,200,"Number of samples in transaction : 2, number of failing samples : 0",AddContact 1-4,,true,,2477,1608,15,30,27,2945,1
1537443721945,73,Add_ContactForm,200,OK,AddContact 1-9,text,true,,3239,474,15,30,73,0,0
1537443721367,73,Add_ContactForm,200,"Number of samples in transaction : 2, number of failing samples : 0",AddContact 1-9,,true,,3239,474,15,30,73,980,0
1537443721983,38,Add_ContactForm,200,OK,AddContact 1-7,text,true,,3239,474,15,30,38,0,0
1537443721396,38,Add_ContactForm,200,"Number of samples in transaction : 2, number of failing samples : 0",AddContact 1-7,,true,,3239,474,15,30,38,989,0
1537443721983,40,Add_ContactForm,200,OK,AddContact 1-8,text,true,,3239,474,15,30,40,0,0
1537443721400,40,Add_ContactForm,200,"Number of samples in transaction : 2, number of failing samples : 0",AddContact 1-8,,true,,3239,474,15,30,40,985,0
1537443721963,66,Add_ContactAction,200,OK,AddContact 1-2,text,true,,2477,1692,15,30,66,0,1
1537443719424,66,Add_ContactAction,200,"Number of samples in transaction : 2, number of failing samples : 0",AddContact 1-2,,true,,2477,1692,15,30,66,2941,1
1537443721964,69,Add_ContactAction,200,OK,AddContact 1-5,text,true,,2477,1307,15,30,69,0,0
1537443719427,69,Add_ContactAction,200,"Number of samples in transaction : 2, number of failing samples : 0",AddContact 1-5,,true,,2477,1307,15,30,69,2939,0
1537443722561,74,Del_MainPage,200,OK,DeleteContact 2-14,text,true,,23784,446,15,30,74,0,0
1537443721576,74,Del_MainPage,200,"Number of samples in transaction : 2, number of failing samples : 0",DeleteContact 2-14,,true,,23784,446,15,30,74,988,0
1537443722561,82,Del_MainPage,200,OK,DeleteContact 2-2,text,true,,23784,446,15,30,81,0,1
1537443721576,82,Del_MainPage,200,"Number of samples in transaction : 2, number of failing samples : 0",DeleteContact 2-2,,true,,23784,446,15,30,81,988,1
1537443722580,70,Del_Contact,200,OK,DeleteContact 2-10,text,true,,2484,510,15,30,70,0,0
1537443720049,70,Del_Contact,200,"Number of samples in transaction : 2, number of failing samples : 0",DeleteContact 2-10,,true,,2484,510,15,30,70,2934,0
1537443722591,76,Del_Contact,200,OK,DeleteContact 2-12,text,true,,2483,511,15,30,76,0,0
1537443720067,76,Del_Contact,200,"Number of samples in transaction : 2, number of failing samples : 0",DeleteContact 2-12,,true,,2483,511,15,30,76,2927,0
1537443722653,22,Add_ContactAction,200,OK,AddContact 1-6,text,true,,2477,1049,15,30,22,0,1
1537443720128,22,Add_ContactAction,200,"Number of samples in transaction : 2, number of failing samples : 0",AddContact 1-6,,true,,2477,1049,15,30,22,2927,1
1537443722622,56,Del_Contact,200,OK,DeleteContact 2-11,text,true,,2484,510,15,30,56,0,1
1537443720098,56,Del_Contact,200,"Number of samples in transaction : 2, number of failing samples : 0",DeleteContact 2-11,,true,,2484,510,15,30,56,2926,1
1537443723977,27,Del_Contact,200,OK,DeleteContact 2-13,text,true,,2485,511,15,30,27,0,0
1537443721448,27,Del_Contact,200,"Number of samples in transaction : 2, number of failing samples : 0",DeleteContact 2-13,,true,,2485,511,15,30,27,2932,0
1537443724438,123,Add_MainPage,200,OK,AddContact 1-10,text,true,,23262,446,15,30,121,0,1
1537443723453,123,Add_MainPage,200,"Number of samples in transaction : 2, number of failing samples : 0",AddContact 1-10,,true,,23262,446,15,30,121,985,1
1537443724456,109,Add_MainPage,200,OK,AddContact 1-11,text,true,,23262,446,15,30,108,0,1
1537443723468,109,Add_MainPage,200,"Number of samples in transaction : 2, number of failing samples : 0",AddContact 1-11,,true,,23262,446,15,30,108,988,1
1537443724468,101,Add_MainPage,200,OK,AddContact 1-14,text,true,,23262,446,15,30,100,0,1
1537443723483,101,Add_MainPage,200,"Number of samples in transaction : 2, number of failing samples : 0",AddContact 1-14,,true,,23262,446,15,30,100,986,1
1537443724503,130,Del_MainPage,200,OK,DeleteContact 2-15,text,true,,23262,446,15,30,129,0,1
1537443723515,130,Del_MainPage,200,"Number of samples in transaction : 2, number of failing samples : 0",DeleteContact 2-15,,true,,23262,446,15,30,129,991,1
1537443724520,120,Del_MainPage,200,OK,DeleteContact 2-3,text,true,,23262,446,15,30,119,0,1
1537443723531,120,Del_MainPage,200,"Number of samples in transaction : 2, number of failing samples : 0",DeleteContact 2-3,,true,,23262,446,15,30,119,992,1
1537443724521,126,Del_MainPage,200,OK,DeleteContact 2-4,text,true,,23262,446,15,30,125,0,0
1537443723531,126,Del_MainPage,200,"Number of samples in transaction : 2, number of failing samples : 0",DeleteContact 2-4,,true,,23262,446,15,30,125,993,0
1537443724521,133,Del_MainPage,200,OK,DeleteContact 2-5,text,true,,23262,446,15,30,133,0,0
1537443723531,133,Del_MainPage,200,"Number of samples in transaction : 2, number of failing samples : 0",DeleteContact 2-5,,true,,23262,446,15,30,133,999,0
1537443724521,146,Del_MainPage,200,OK,DeleteContact 2-1,text,true,,23262,446,15,30,145,0,1
1537443723531,146,Del_MainPage,200,"Number of samples in transaction : 2, number of failing samples : 0",DeleteContact 2-1,,true,,23262,446,15,30,145,993,1
1537443724961,84,Add_ContactAction,200,OK,AddContact 1-9,text,true,,2477,1073,15,30,84,0,1
1537443722018,84,Add_ContactAction,200,"Number of samples in transaction : 2, number of failing samples : 0",AddContact 1-9,,true,,2477,1073,15,30,84,2943,1
1537443724982,68,Add_ContactAction,200,OK,AddContact 1-8,text,true,,2477,1187,15,30,68,0,1
1537443722023,68,Add_ContactAction,200,"Number of samples in transaction : 2, number of failing samples : 0",AddContact 1-8,,true,,2477,1187,15,30,68,2959,1
1537443724981,73,Add_ContactAction,200,OK,AddContact 1-7,text,true,,2477,1559,15,30,73,0,1
1537443722021,73,Add_ContactAction,200,"Number of samples in transaction : 2, number of failing samples : 0",AddContact 1-7,,true,,2477,1559,15,30,73,2960,1
1537443725223,43,Del_MainPage,200,OK,DeleteContact 2-7,text,true,,23595,446,15,30,42,0,0
1537443724237,43,Del_MainPage,200,"Number of samples in transaction : 2, number of failing samples : 0",DeleteContact 2-7,,true,,23595,446,15,30,42,990,0
1537443725408,39,Del_MainPage,200,OK,DeleteContact 2-6,text,true,,23595,446,15,30,38,0,0
1537443724422,39,Del_MainPage,200,"Number of samples in transaction : 2, number of failing samples : 0",DeleteContact 2-6,,true,,23595,446,15,30,38,989,0
1537443725546,77,Add_ContactForm,200,OK,AddContact 1-10,text,true,,3239,474,15,30,77,0,0
1537443724561,77,Add_ContactForm,200,"Number of samples in transaction : 2, number of failing samples : 0",AddContact 1-10,,true,,3239,474,15,30,77,985,0
1537443725547,77,Add_ContactForm,200,OK,AddContact 1-14,text,true,,3239,474,15,30,77,0,0
1537443724570,77,Add_ContactForm,200,"Number of samples in transaction : 2, number of failing samples : 0",AddContact 1-14,,true,,3239,474,15,30,77,978,0
1537443725547,79,Add_ContactForm,200,OK,AddContact 1-11,text,true,,3239,474,15,30,79,0,0
1537443724565,79,Add_ContactForm,200,"Number of samples in transaction : 2, number of failing samples : 0",AddContact 1-11,,true,,3239,474,15,30,79,982,0
1537443725593,37,Del_ContactFrom,200,OK,DeleteContact 2-14,text,true,,3439,482,15,30,37,0,0
1537443722638,37,Del_ContactFrom,200,"Number of samples in transaction : 2, number of failing samples : 0",DeleteContact 2-14,,true,,3439,482,15,30,37,2955,0
1537443725593,39,Del_ContactFrom,200,OK,DeleteContact 2-2,text,true,,3269,482,15,30,39,0,1
1537443722646,39,Del_ContactFrom,200,"Number of samples in transaction : 2, number of failing samples : 0",DeleteContact 2-2,,true,,3269,482,15,30,39,2947,1
1537443726332,90,Add_MainPage,200,OK,AddContact 1-1,text,true,,23595,446,15,30,90,0,1
1537443725300,90,Add_MainPage,200,"Number of samples in transaction : 2, number of failing samples : 0",AddContact 1-1,,true,,23595,446,15,30,90,986,1
1537443726333,94,Add_MainPage,200,OK,AddContact 1-13,text,true,,23595,446,15,30,93,0,0
1537443725300,94,Add_MainPage,200,"Number of samples in transaction : 2, number of failing samples : 0",AddContact 1-13,,true,,23595,446,15,30,93,986,0
1537443726334,97,Add_MainPage,200,OK,AddContact 1-12,text,true,,23595,446,15,30,96,0,0
1537443725300,97,Add_MainPage,200,"Number of samples in transaction : 2, number of failing samples : 0",AddContact 1-12,,true,,23595,446,15,30,96,987,0
1537443726916,48,Del_MainPage,200,OK,DeleteContact 2-8,text,true,,23595,446,15,30,45,0,1
1537443725884,48,Del_MainPage,200,"Number of samples in transaction : 2, number of failing samples : 0",DeleteContact 2-8,,true,,23595,446,15,30,45,988,1
1537443726962,32,Del_MainPage,200,OK,DeleteContact 2-9,text,true,,23595,446,15,30,31,0,1
1537443725931,32,Del_MainPage,200,"Number of samples in transaction : 2, number of failing samples : 0",DeleteContact 2-9,,true,,23595,446,15,30,31,991,1
1537443727393,56,Add_ContactForm,200,OK,AddContact 1-1,text,true,,3239,474,15,30,56,0,0
1537443726423,56,Add_ContactForm,200,"Number of samples in transaction : 2, number of failing samples : 0",AddContact 1-1,,true,,3239,474,15,30,56,970,0
1537443727410,41,Add_ContactForm,200,OK,AddContact 1-13,text,true,,3239,474,15,30,41,0,0
1537443726427,41,Add_ContactForm,200,"Number of samples in transaction : 2, number of failing samples : 0",AddContact 1-13,,true,,3239,474,15,30,41,983,0
1537443727411,41,Add_ContactForm,200,OK,AddContact 1-12,text,true,,3239,474,15,30,41,0,0
1537443726431,41,Add_ContactForm,200,"Number of samples in transaction : 2, number of failing samples : 0",AddContact 1-12,,true,,3239,474,15,30,41,981,0
1537443727609,74,Del_ContactFrom,200,OK,DeleteContact 2-15,text,true,,3327,481,15,30,74,0,1
1537443724636,74,Del_ContactFrom,200,"Number of samples in transaction : 2, number of failing samples : 0",DeleteContact 2-15,,true,,3327,481,15,30,74,2926,1
1537443727627,58,Del_ContactFrom,200,OK,DeleteContact 2-4,text,true,,3407,481,15,30,58,0,1
1537443724650,58,Del_ContactFrom,200,"Number of samples in transaction : 2, number of failing samples : 0",DeleteContact 2-4,,true,,3407,481,15,30,58,2930,1
1537443727628,61,Del_ContactFrom,200,OK,DeleteContact 2-3,text,true,,3279,481,15,30,61,0,0
1537443724643,61,Del_ContactFrom,200,"Number of samples in transaction : 2, number of failing samples : 0",DeleteContact 2-3,,true,,3279,481,15,30,61,2938,0
1537443727645,46,Del_ContactFrom,200,OK,DeleteContact 2-5,text,true,,3378,482,15,30,46,0,1
1537443724663,46,Del_ContactFrom,200,"Number of samples in transaction : 2, number of failing samples : 0",DeleteContact 2-5,,true,,3378,482,15,30,46,2935,1
1537443727663,30,Del_ContactFrom,200,OK,DeleteContact 2-1,text,true,,3366,481,15,30,30,0,0
1537443724670,30,Del_ContactFrom,200,"Number of samples in transaction : 2, number of failing samples : 0",DeleteContact 2-1,,true,,3366,481,15,30,30,2946,0
1537443728255,25,Del_ContactFrom,200,OK,DeleteContact 2-7,text,true,,3318,482,15,30,25,0,1
1537443725270,25,Del_ContactFrom,200,"Number of samples in transaction : 2, number of failing samples : 0",DeleteContact 2-7,,true,,3318,482,15,30,25,2939,1
1537443728444,39,Del_ContactFrom,200,OK,DeleteContact 2-6,text,true,,3393,481,15,30,39,0,1
1537443725450,39,Del_ContactFrom,200,"Number of samples in transaction : 2, number of failing samples : 0",DeleteContact 2-6,,true,,3393,481,15,30,39,2947,1
1537443728425,62,Add_MainPage,200,OK,AddContact 1-3,text,true,,23595,446,15,30,61,0,0
1537443727439,62,Add_MainPage,200,"Number of samples in transaction : 2, number of failing samples : 0",AddContact 1-3,,true,,23595,446,15,30,61,986,0
1537443728579,139,Del_MainPage,200,OK,DeleteContact 2-10,text,true,,23595,446,15,30,138,0,0
1537443727594,139,Del_MainPage,200,"Number of samples in transaction : 2, number of failing samples : 0",DeleteContact 2-10,,true,,23595,446,15,30,138,988,0
1537443728597,129,Del_MainPage,200,OK,DeleteContact 2-12,text,true,,23595,446,15,30,129,0,1
1537443727610,129,Del_MainPage,200,"Number of samples in transaction : 2, number of failing samples : 0",DeleteContact 2-12,,true,,23595,446,15,30,129,990,1
1537443728615,119,Del_MainPage,200,OK,DeleteContact 2-11,text,true,,23595,446,15,30,119,0,0
1537443727628,119,Del_MainPage,200,"Number of samples in transaction : 2, number of failing samples : 0",DeleteContact 2-11,,true,,23595,446,15,30,119,990,0
1537443728624,116,Add_ContactAction,200,OK,AddContact 1-10,text,true,,2477,1439,15,30,116,0,0
1537443725623,116,Add_ContactAction,200,"Number of samples in transaction : 2, number of failing samples : 0",AddContact 1-10,,true,,2477,1439,15,30,116,2954,0
1537443728625,116,Add_ContactAction,200,OK,AddContact 1-14,text,true,,2477,1367,15,30,116,0,0
1537443725625,116,Add_ContactAction,200,"Number of samples in transaction : 2, number of failing samples : 0",AddContact 1-14,,true,,2477,1367,15,30,116,2953,0
1537443728627,116,Add_ContactAction,200,OK,AddContact 1-11,text,true,,2477,1403,15,30,116,0,0
1537443725626,116,Add_ContactAction,200,"Number of samples in transaction : 2, number of failing samples : 0",AddContact 1-11,,true,,2477,1403,15,30,116,2954,0
1537443728627,129,Del_Contact,200,OK,DeleteContact 2-14,text,true,,2485,511,15,30,129,0,0
1537443725630,129,Del_Contact,200,"Number of samples in transaction : 2, number of failing samples : 0",DeleteContact 2-14,,true,,2485,511,15,30,129,2950,0
1537443728628,132,Del_Contact,200,OK,DeleteContact 2-2,text,true,,2485,511,15,30,132,0,0
1537443725632,132,Del_Contact,200,"Number of samples in transaction : 2, number of failing samples : 0",DeleteContact 2-2,,true,,2485,511,15,30,132,2949,0
1537443728779,24,Add_MainPage,200,OK,AddContact 1-15,text,true,,23750,446,15,30,23,0,0
1537443727794,24,Add_MainPage,200,"Number of samples in transaction : 2, number of failing samples : 0",AddContact 1-15,,true,,23750,446,15,30,23,985,0
1537443729101,36,Add_MainPage,200,OK,AddContact 1-4,text,true,,23750,446,15,30,35,0,1
1537443728117,36,Add_MainPage,200,"Number of samples in transaction : 2, number of failing samples : 0",AddContact 1-4,,true,,23750,446,15,30,35,984,1
1537443729456,23,Add_ContactForm,200,OK,AddContact 1-3,text,true,,3239,474,15,30,23,0,0
1537443728487,23,Add_ContactForm,200,"Number of samples in transaction : 2, number of failing samples : 0",AddContact 1-3,,true,,3239,474,15,30,23,969,0
1537443729764,25,Add_ContactForm,200,OK,AddContact 1-15,text,true,,3239,474,15,30,25,0,0
1537443728803,25,Add_ContactForm,200,"Number of samples in transaction : 2, number of failing samples : 0",AddContact 1-15,,true,,3239,474,15,30,25,961,0
1537443729904,98,Del_ContactFrom,200,OK,DeleteContact 2-8,text,true,,3373,481,15,30,98,0,1
1537443726968,98,Del_ContactFrom,200,"Number of samples in transaction : 2, number of failing samples : 0",DeleteContact 2-8,,true,,3373,481,15,30,98,2936,1
1537443729953,60,Del_ContactFrom,200,OK,DeleteContact 2-9,text,true,,3306,481,15,30,60,0,0
1537443727001,60,Del_ContactFrom,200,"Number of samples in transaction : 2, number of failing samples : 0",DeleteContact 2-9,,true,,3306,481,15,30,60,2952,0
1537443729903,114,Add_MainPage,200,OK,AddContact 1-5,text,true,,23750,446,15,30,113,0,0
1537443728933,114,Add_MainPage,200,"Number of samples in transaction : 2, number of failing samples : 0",AddContact 1-5,,true,,23750,446,15,30,113,970,0
1537443729904,117,Add_MainPage,200,OK,AddContact 1-2,text,true,,23750,446,15,30,117,0,0
1537443728933,117,Add_MainPage,200,"Number of samples in transaction : 2, number of failing samples : 0",AddContact 1-2,,true,,23750,446,15,30,117,971,0
1537443729917,109,Del_MainPage,200,OK,DeleteContact 2-13,text,true,,23750,446,15,30,108,0,0
1537443728948,109,Del_MainPage,200,"Number of samples in transaction : 2, number of failing samples : 0",DeleteContact 2-13,,true,,23750,446,15,30,108,972,0
1537443730102,23,Add_ContactForm,200,OK,AddContact 1-4,text,true,,3239,474,15,30,23,0,0
1537443729137,23,Add_ContactForm,200,"Number of samples in transaction : 2, number of failing samples : 0",AddContact 1-4,,true,,3239,474,15,30,23,965,0
1537443730379,57,Add_ContactAction,200,OK,AddContact 1-12,text,true,,2477,1632,15,30,57,0,1
1537443727453,57,Add_ContactAction,200,"Number of samples in transaction : 2, number of failing samples : 0",AddContact 1-12,,true,,2477,1632,15,30,57,2927,1
1537443730380,63,Add_ContactAction,200,OK,AddContact 1-13,text,true,,2477,1650,15,30,63,0,1
1537443727451,63,Add_ContactAction,200,"Number of samples in transaction : 2, number of failing samples : 0",AddContact 1-13,,true,,2477,1650,15,30,63,2929,1
1537443730381,65,Add_ContactAction,200,OK,AddContact 1-1,text,true,,2477,1481,15,30,65,0,0
1537443727449,65,Add_ContactAction,200,"Number of samples in transaction : 2, number of failing samples : 0",AddContact 1-1,,true,,2477,1481,15,30,65,2932,0
1537443730548,38,Add_MainPage,200,OK,AddContact 1-6,text,true,,24358,446,15,30,37,0,1
1537443729564,38,Add_MainPage,200,"Number of samples in transaction : 2, number of failing samples : 0",AddContact 1-6,,true,,24358,446,15,30,37,984,1
1537443730610,67,Del_Contact,200,OK,DeleteContact 2-15,text,true,,2484,510,15,30,67,0,1
1537443727683,67,Del_Contact,200,"Number of samples in transaction : 2, number of failing samples : 0",DeleteContact 2-15,,true,,2484,510,15,30,67,2942,1
1537443730611,84,Del_Contact,200,OK,DeleteContact 2-4,text,true,,2483,510,15,30,84,0,0
1537443727685,84,Del_Contact,200,"Number of samples in transaction : 2, number of failing samples : 0",DeleteContact 2-4,,true,,2483,510,15,30,84,2926,0
1537443730633,65,Del_Contact,200,OK,DeleteContact 2-3,text,true,,2484,510,15,30,65,0,0
1537443727689,65,Del_Contact,200,"Number of samples in transaction : 2, number of failing samples : 0",DeleteContact 2-3,,true,,2484,510,15,30,65,2944,0
1537443730633,67,Del_Contact,200,OK,DeleteContact 2-5,text,true,,2484,511,15,30,67,0,1
1537443727691,67,Del_Contact,200,"Number of samples in transaction : 2, number of failing samples : 0",DeleteContact 2-5,,true,,2484,511,15,30,67,2942,1
1537443730634,67,Del_Contact,200,OK,DeleteContact 2-1,text,true,,2484,510,15,30,67,0,0
1537443727693,67,Del_Contact,200,"Number of samples in transaction : 2, number of failing samples : 0",DeleteContact 2-1,,true,,2484,510,15,30,67,2941,0
1537443731056,40,Add_ContactForm,200,OK,AddContact 1-5,text,true,,3239,474,15,30,40,0,0
1537443730017,40,Add_ContactForm,200,"Number of samples in transaction : 2, number of failing samples : 0",AddContact 1-5,,true,,3239,474,15,30,40,977,0
1537443731057,42,Add_ContactForm,200,OK,AddContact 1-2,text,true,,3239,474,15,30,41,0,0
1537443730021,42,Add_ContactForm,200,"Number of samples in transaction : 2, number of failing samples : 0",AddContact 1-2,,true,,3239,474,15,30,41,974,0
1537443731272,34,Del_Contact,200,OK,DeleteContact 2-7,text,true,,2485,511,15,30,34,0,1
1537443728281,34,Del_Contact,200,"Number of samples in transaction : 2, number of failing samples : 0",DeleteContact 2-7,,true,,2485,511,15,30,34,2930,1
1537443731456,27,Del_Contact,200,OK,DeleteContact 2-6,text,true,,2484,510,15,30,27,0,1
1537443728483,27,Del_Contact,200,"Number of samples in transaction : 2, number of failing samples : 0",DeleteContact 2-6,,true,,2484,510,15,30,27,2912,1
1537443731626,25,Add_ContactForm,200,OK,AddContact 1-6,text,true,,3239,474,15,30,25,0,0
1537443730586,25,Add_ContactForm,200,"Number of samples in transaction : 2, number of failing samples : 0",AddContact 1-6,,true,,3239,474,15,30,25,978,0
1537443731703,62,Del_ContactFrom,200,OK,DeleteContact 2-10,text,true,,3403,481,15,30,61,0,1
1537443728721,62,Del_ContactFrom,200,"Number of samples in transaction : 2, number of failing samples : 0",DeleteContact 2-10,,true,,3403,481,15,30,61,2920,1
1537443731704,64,Del_ContactFrom,200,OK,DeleteContact 2-12,text,true,,3309,482,15,30,64,0,1
1537443728729,64,Del_ContactFrom,200,"Number of samples in transaction : 2, number of failing samples : 0",DeleteContact 2-12,,true,,3309,482,15,30,64,2913,1
1537443731737,34,Del_ContactFrom,200,OK,DeleteContact 2-11,text,true,,3323,481,15,30,34,0,1
1537443728737,34,Del_ContactFrom,200,"Number of samples in transaction : 2, number of failing samples : 0",DeleteContact 2-11,,true,,3323,481,15,30,34,2938,1
1537443732472,27,Add_ContactAction,200,OK,AddContact 1-3,text,true,,2477,1295,15,30,27,0,1
1537443729479,27,Add_ContactAction,200,"Number of samples in transaction : 2, number of failing samples : 0",AddContact 1-3,,true,,2477,1295,15,30,27,2931,1
1537443732780,52,Add_ContactAction,200,OK,AddContact 1-15,text,true,,2477,1734,15,30,52,0,1
1537443729789,52,Add_ContactAction,200,"Number of samples in transaction : 2, number of failing samples : 0",AddContact 1-15,,true,,2477,1734,15,30,52,2929,1
1537443733026,48,Del_ContactFrom,200,OK,DeleteContact 2-13,text,true,,3292,482,15,30,48,0,0
1537443730029,48,Del_ContactFrom,200,"Number of samples in transaction : 2, number of failing samples : 0",DeleteContact 2-13,,true,,3292,482,15,30,48,2935,0
1537443732965,113,Add_MainPage,200,OK,AddContact 1-9,text,true,,23606,446,15,30,112,0,1
1537443731980,113,Add_MainPage,200,"Number of samples in transaction : 2, number of failing samples : 0",AddContact 1-9,,true,,23606,446,15,30,112,985,1
1537443732966,116,Add_MainPage,200,OK,AddContact 1-8,text,true,,23606,446,15,30,116,0,0
1537443731980,116,Add_MainPage,200,"Number of samples in transaction : 2, number of failing samples : 0",AddContact 1-8,,true,,23606,446,15,30,116,987,0
1537443732997,90,Add_MainPage,200,OK,AddContact 1-7,text,true,,23606,446,15,30,89,0,1
1537443731995,90,Add_MainPage,200,"Number of samples in transaction : 2, number of failing samples : 0",AddContact 1-7,,true,,23606,446,15,30,89,1002,1
1537443732998,99,Del_Contact,200,OK,DeleteContact 2-8,text,true,,2484,510,15,30,99,0,0
1537443730002,99,Del_Contact,200,"Number of samples in transaction : 2, number of failing samples : 0",DeleteContact 2-8,,true,,2484,510,15,30,99,2935,0
1537443733015,86,Del_Contact,200,OK,DeleteContact 2-9,text,true,,2484,510,15,30,86,0,1
1537443730013,86,Del_Contact,200,"Number of samples in transaction : 2, number of failing samples : 0",DeleteContact 2-9,,true,,2484,510,15,30,86,2940,1
1537443733118,31,Add_ContactAction,200,OK,AddContact 1-4,text,true,,2477,1097,15,30,31,0,0
1537443730125,31,Add_ContactAction,200,"Number of samples in transaction : 2, number of failing samples : 0",AddContact 1-4,,true,,2477,1097,15,30,31,2931,0
1537443734057,41,Add_ContactForm,200,OK,AddContact 1-9,text,true,,3239,474,15,30,40,0,0
1537443733078,41,Add_ContactForm,200,"Number of samples in transaction : 2, number of failing samples : 0",AddContact 1-9,,true,,3239,474,15,30,40,979,0
1537443734059,40,Add_ContactForm,200,OK,AddContact 1-8,text,true,,3239,474,15,30,40,0,0
1537443733083,40,Add_ContactForm,200,"Number of samples in transaction : 2, number of failing samples : 0",AddContact 1-8,,true,,3239,474,15,30,40,977,0
1537443734059,42,Add_ContactForm,200,OK,AddContact 1-7,text,true,,3239,474,15,30,42,0,0
1537443733087,42,Add_ContactForm,200,"Number of samples in transaction : 2, number of failing samples : 0",AddContact 1-7,,true,,3239,474,15,30,42,972,0
1537443734026,79,Add_ContactAction,200,OK,AddContact 1-5,text,true,,2477,1403,15,30,79,0,1
1537443731096,79,Add_ContactAction,200,"Number of samples in transaction : 2, number of failing samples : 0",AddContact 1-5,,true,,2477,1403,15,30,79,2930,1
1537443734027,81,Add_ContactAction,200,OK,AddContact 1-2,text,true,,2477,1367,15,30,81,0,1
1537443731099,81,Add_ContactAction,200,"Number of samples in transaction : 2, number of failing samples : 0",AddContact 1-2,,true,,2477,1367,15,30,81,2928,1
1537443734580,30,Add_ContactAction,200,OK,AddContact 1-6,text,true,,2477,1211,15,30,30,0,1
1537443731651,30,Add_ContactAction,200,"Number of samples in transaction : 2, number of failing samples : 0",AddContact 1-6,,true,,2477,1211,15,30,30,2929,1
1537443734673,75,Del_MainPage,200,OK,DeleteContact 2-14,text,true,,23789,446,15,30,75,0,1
1537443733687,75,Del_MainPage,200,"Number of samples in transaction : 2, number of failing samples : 0",DeleteContact 2-14,,true,,23789,446,15,30,75,990,1
1537443734674,103,Del_MainPage,200,OK,DeleteContact 2-2,text,true,,23789,446,15,30,102,0,0
1537443733687,103,Del_MainPage,200,"Number of samples in transaction : 2, number of failing samples : 0",DeleteContact 2-2,,true,,23789,446,15,30,102,990,0
1537443734703,80,Del_Contact,200,OK,DeleteContact 2-10,text,true,,2484,510,15,30,80,0,1
1537443731765,80,Del_Contact,200,"Number of samples in transaction : 2, number of failing samples : 0",DeleteContact 2-10,,true,,2484,510,15,30,80,2939,1
1537443734705,86,Del_Contact,200,OK,DeleteContact 2-11,text,true,,2484,510,15,30,86,0,0
1537443731771,86,Del_Contact,200,"Number of samples in transaction : 2, number of failing samples : 0",DeleteContact 2-11,,true,,2484,510,15,30,86,2934,0
1537443734704,93,Del_Contact,200,OK,DeleteContact 2-12,text,true,,2485,511,15,30,93,0,1
1537443731768,93,Del_Contact,200,"Number of samples in transaction : 2, number of failing samples : 0",DeleteContact 2-12,,true,,2485,511,15,30,93,2937,1
1537443736568,49,Del_Contact,200,OK,DeleteContact 2-13,text,true,,2483,511,15,30,49,0,0
1537443733074,49,Del_Contact,200,"Number of samples in transaction : 2, number of failing samples : 0",DeleteContact 2-13,,true,,2483,511,15,30,49,2938,0
1537443737168,58,Add_MainPage,200,OK,AddContact 1-14,text,true,,23178,446,15,30,57,0,0
1537443735627,58,Add_MainPage,200,"Number of samples in transaction : 2, number of failing samples : 0",AddContact 1-14,,true,,23178,446,15,30,57,985,0
1537443737169,81,Add_MainPage,200,OK,AddContact 1-10,text,true,,23178,446,15,30,79,0,0
1537443735627,81,Add_MainPage,200,"Number of samples in transaction : 2, number of failing samples : 0",AddContact 1-10,,true,,23178,446,15,30,79,986,0
1537443737169,109,Del_MainPage,200,OK,DeleteContact 2-1,text,true,,23178,446,15,30,109,0,1
1537443735627,109,Del_MainPage,200,"Number of samples in transaction : 2, number of failing samples : 0",DeleteContact 2-1,,true,,23178,446,15,30,109,989,1
1537443737170,138,Del_MainPage,200,OK,DeleteContact 2-5,text,true,,23178,446,15,30,137,0,0
1537443735627,138,Del_MainPage,200,"Number of samples in transaction : 2, number of failing samples : 0",DeleteContact 2-5,,true,,23178,446,15,30,137,990,0
1537443737171,164,Del_MainPage,200,OK,DeleteContact 2-3,text,true,,23178,446,15,30,163,0,0
1537443735627,164,Del_MainPage,200,"Number of samples in transaction : 2, number of failing samples : 0",DeleteContact 2-3,,true,,23178,446,15,30,163,991,0
1537443737171,200,Del_MainPage,200,OK,DeleteContact 2-4,text,true,,23178,446,15,30,200,0,1
1537443735627,200,Del_MainPage,200,"Number of samples in transaction : 2, number of failing samples : 0",DeleteContact 2-4,,true,,23178,446,15,30,200,991,1
1537443737172,230,Del_MainPage,200,OK,DeleteContact 2-15,text,true,,23178,446,15,30,230,0,0
1537443735627,230,Del_MainPage,200,"Number of samples in transaction : 2, number of failing samples : 0",DeleteContact 2-15,,true,,23178,446,15,30,230,997,0
1537443737173,241,Add_MainPage,200,OK,AddContact 1-11,text,true,,23178,446,15,30,240,0,0
1537443735627,241,Add_MainPage,200,"Number of samples in transaction : 2, number of failing samples : 0",AddContact 1-11,,true,,23178,446,15,30,240,990,0
1537443737583,59,Add_ContactAction,200,OK,AddContact 1-9,text,true,,2477,1439,15,30,59,0,1
1537443734098,59,Add_ContactAction,200,"Number of samples in transaction : 2, number of failing samples : 0",AddContact 1-9,,true,,2477,1439,15,30,59,2929,1
1537443737585,61,Add_ContactAction,200,OK,AddContact 1-7,text,true,,2477,1493,15,30,60,0,1
1537443734101,61,Add_ContactAction,200,"Number of samples in transaction : 2, number of failing samples : 0",AddContact 1-7,,true,,2477,1493,15,30,60,2928,1
1537443737584,63,Add_ContactAction,200,OK,AddContact 1-8,text,true,,2477,1499,15,30,63,0,1
1537443734100,63,Add_ContactAction,200,"Number of samples in transaction : 2, number of failing samples : 0",AddContact 1-8,,true,,2477,1499,15,30,63,2928,1
1537443737737,49,Del_MainPage,200,OK,DeleteContact 2-7,text,true,,23742,446,15,30,48,0,0
1537443736753,49,Del_MainPage,200,"Number of samples in transaction : 2, number of failing samples : 0",DeleteContact 2-7,,true,,23742,446,15,30,48,987,0
1537443737907,49,Del_MainPage,200,OK,DeleteContact 2-6,text,true,,23742,446,15,30,47,0,1
1537443736922,49,Del_MainPage,200,"Number of samples in transaction : 2, number of failing samples : 0",DeleteContact 2-6,,true,,23742,446,15,30,47,988,1
1537443738199,13,Add_ContactForm,200,OK,AddContact 1-14,text,true,,3239,474,15,30,13,0,0
1537443737226,13,Add_ContactForm,200,"Number of samples in transaction : 2, number of failing samples : 0",AddContact 1-14,,true,,3239,474,15,30,13,973,0
1537443738229,13,Add_ContactForm,200,OK,AddContact 1-10,text,true,,3239,474,15,30,13,0,0
1537443737250,13,Add_ContactForm,200,"Number of samples in transaction : 2, number of failing samples : 0",AddContact 1-10,,true,,3239,474,15,30,13,979,0
1537443738245,18,Del_ContactFrom,200,OK,DeleteContact 2-14,text,true,,3435,481,15,30,18,0,0
1537443734752,18,Del_ContactFrom,200,"Number of samples in transaction : 2, number of failing samples : 0",DeleteContact 2-14,,true,,3435,481,15,30,18,2937,0
1537443738276,13,Del_ContactFrom,200,OK,DeleteContact 2-2,text,true,,3395,481,15,30,13,0,0
1537443734780,13,Del_ContactFrom,200,"Number of samples in transaction : 2, number of failing samples : 0",DeleteContact 2-2,,true,,3395,481,15,30,13,2940,0
1537443738399,26,Add_ContactForm,200,OK,AddContact 1-11,text,true,,3239,474,15,30,26,0,0
1537443737414,26,Add_ContactForm,200,"Number of samples in transaction : 2, number of failing samples : 0",AddContact 1-11,,true,,3239,474,15,30,26,985,0
1537443738876,27,Add_MainPage,200,OK,AddContact 1-12,text,true,,23742,446,15,30,26,0,1
1537443737891,27,Add_MainPage,200,"Number of samples in transaction : 2, number of failing samples : 0",AddContact 1-12,,true,,23742,446,15,30,26,986,1
1537443738898,38,Add_MainPage,200,OK,AddContact 1-13,text,true,,23742,446,15,30,38,0,1
1537443737908,38,Add_MainPage,200,"Number of samples in transaction : 2, number of failing samples : 0",AddContact 1-13,,true,,23742,446,15,30,38,990,1
1537443738899,55,Add_MainPage,200,OK,AddContact 1-1,text,true,,23742,446,15,30,54,0,0
1537443737908,55,Add_MainPage,200,"Number of samples in transaction : 2, number of failing samples : 0",AddContact 1-1,,true,,23742,446,15,30,54,991,0
1537443739522,56,Del_MainPage,200,OK,DeleteContact 2-8,text,true,,23742,446,15,30,55,0,0
1537443738537,56,Del_MainPage,200,"Number of samples in transaction : 2, number of failing samples : 0",DeleteContact 2-8,,true,,23742,446,15,30,55,988,0
1537443739523,62,Del_MainPage,200,OK,DeleteContact 2-9,text,true,,23742,446,15,30,61,0,0
1537443738537,62,Del_MainPage,200,"Number of samples in transaction : 2, number of failing samples : 0",DeleteContact 2-9,,true,,23742,446,15,30,61,989,0
1537443739876,24,Add_ContactForm,200,OK,AddContact 1-12,text,true,,3239,474,15,30,24,0,0
1537443738904,24,Add_ContactForm,200,"Number of samples in transaction : 2, number of failing samples : 0",AddContact 1-12,,true,,3239,474,15,30,24,972,0
1537443739907,12,Add_ContactForm,200,OK,AddContact 1-13,text,true,,3239,474,15,30,12,0,0
1537443738936,12,Add_ContactForm,200,"Number of samples in transaction : 2, number of failing samples : 0",AddContact 1-13,,true,,3239,474,15,30,12,971,0
1537443739937,12,Add_ContactForm,200,OK,AddContact 1-1,text,true,,3239,474,15,30,12,0,0
1537443738954,12,Add_ContactForm,200,"Number of samples in transaction : 2, number of failing samples : 0",AddContact 1-1,,true,,3239,474,15,30,12,984,0
1537443740230,53,Del_ContactFrom,200,OK,DeleteContact 2-1,text,true,,3299,482,15,30,53,0,1
1537443737281,53,Del_ContactFrom,200,"Number of samples in transaction : 2, number of failing samples : 0",DeleteContact 2-1,,true,,3299,482,15,30,53,2949,1
1537443740261,28,Del_ContactFrom,200,OK,DeleteContact 2-5,text,true,,3311,481,15,30,28,0,1
1537443737311,28,Del_ContactFrom,200,"Number of samples in transaction : 2, number of failing samples : 0",DeleteContact 2-5,,true,,3311,481,15,30,28,2950,1
1537443740291,16,Del_ContactFrom,200,OK,DeleteContact 2-3,text,true,,3348,482,15,30,16,0,1
1537443737338,16,Del_ContactFrom,200,"Number of samples in transaction : 2, number of failing samples : 0",DeleteContact 2-3,,true,,3348,482,15,30,16,2953,1
1537443740323,15,Del_ContactFrom,200,OK,DeleteContact 2-4,text,true,,3395,481,15,30,15,0,0
1537443737374,15,Del_ContactFrom,200,"Number of samples in transaction : 2, number of failing samples : 0",DeleteContact 2-4,,true,,3395,481,15,30,15,2949,0
1537443740353,16,Del_ContactFrom,200,OK,DeleteContact 2-15,text,true,,3351,481,15,30,16,0,1
1537443737410,16,Del_ContactFrom,200,"Number of samples in transaction : 2, number of failing samples : 0",DeleteContact 2-15,,true,,3351,481,15,30,16,2943,1
1537443740738,24,Del_ContactFrom,200,OK,DeleteContact 2-7,text,true,,3318,481,15,30,24,0,1
1537443737789,24,Del_ContactFrom,200,"Number of samples in transaction : 2, number of failing samples : 0",DeleteContact 2-7,,true,,3318,481,15,30,24,2949,1
1537443740911,38,Del_ContactFrom,200,OK,DeleteContact 2-6,text,true,,3380,482,15,30,38,0,1
1537443737959,38,Del_ContactFrom,200,"Number of samples in transaction : 2, number of failing samples : 0",DeleteContact 2-6,,true,,3380,482,15,30,38,2952,1
1537443740892,61,Add_MainPage,200,OK,AddContact 1-3,text,true,,23742,446,15,30,60,0,0
1537443739907,61,Add_MainPage,200,"Number of samples in transaction : 2, number of failing samples : 0",AddContact 1-3,,true,,23742,446,15,30,60,985,0
1537443741153,29,Add_ContactAction,200,OK,AddContact 1-14,text,true,,2477,1686,15,30,29,0,1
1537443738212,29,Add_ContactAction,200,"Number of samples in transaction : 2, number of failing samples : 0",AddContact 1-14,,true,,2477,1686,15,30,29,2941,1
1537443741184,24,Add_ContactAction,200,OK,AddContact 1-10,text,true,,2477,1319,15,30,24,0,1
1537443738242,24,Add_ContactAction,200,"Number of samples in transaction : 2, number of failing samples : 0",AddContact 1-10,,true,,2477,1319,15,30,24,2943,1
1537443741230,84,Add_MainPage,200,OK,AddContact 1-15,text,true,,24134,446,15,30,83,0,0
1537443740245,84,Add_MainPage,200,"Number of samples in transaction : 2, number of failing samples : 0",AddContact 1-15,,true,,24134,446,15,30,83,986,0
1537443741216,100,Del_Contact,200,OK,DeleteContact 2-14,text,true,,2484,510,15,30,100,0,0
1537443738263,100,Del_Contact,200,"Number of samples in transaction : 2, number of failing samples : 0",DeleteContact 2-14,,true,,2484,510,15,30,100,2953,0
1537443741239,92,Del_MainPage,200,OK,DeleteContact 2-11,text,true,,23877,446,15,30,92,0,1
1537443740256,92,Del_MainPage,200,"Number of samples in transaction : 2, number of failing samples : 0",DeleteContact 2-11,,true,,23877,446,15,30,92,986,1
1537443741240,123,Del_MainPage,200,OK,DeleteContact 2-10,text,true,,23877,446,15,30,122,0,0
1537443740256,123,Del_MainPage,200,"Number of samples in transaction : 2, number of failing samples : 0",DeleteContact 2-10,,true,,23877,446,15,30,122,987,0
1537443741246,126,Del_MainPage,200,OK,DeleteContact 2-12,text,true,,23877,446,15,30,125,0,0
1537443740262,126,Del_MainPage,200,"Number of samples in transaction : 2, number of failing samples : 0",DeleteContact 2-12,,true,,23877,446,15,30,125,992,0
1537443741241,150,Del_Contact,200,OK,DeleteContact 2-2,text,true,,2484,510,15,30,150,0,0
1537443738289,150,Del_Contact,200,"Number of samples in transaction : 2, number of failing samples : 0",DeleteContact 2-2,,true,,2484,510,15,30,150,2952,0
1537443741907,28,Add_ContactAction,200,OK,AddContact 1-11,text,true,,2477,1469,15,30,28,0,1
1537443738425,28,Add_ContactAction,200,"Number of samples in transaction : 2, number of failing samples : 0",AddContact 1-11,,true,,2477,1469,15,30,28,2945,1
1537443742091,40,Add_MainPage,200,OK,AddContact 1-4,text,true,,23853,446,15,30,39,0,1
1537443740569,40,Add_MainPage,200,"Number of samples in transaction : 2, number of failing samples : 0",AddContact 1-4,,true,,23853,446,15,30,39,986,1
1537443742476,27,Add_ContactForm,200,OK,AddContact 1-3,text,true,,3239,474,15,30,27,0,0
1537443740953,27,Add_ContactForm,200,"Number of samples in transaction : 2, number of failing samples : 0",AddContact 1-3,,true,,3239,474,15,30,27,986,0
1537443742830,24,Add_ContactForm,200,OK,AddContact 1-15,text,true,,3239,474,15,30,24,0,0
1537443741315,24,Add_ContactForm,200,"Number of samples in transaction : 2, number of failing samples : 0",AddContact 1-15,,true,,3239,474,15,30,24,978,0
1537443743119,36,Add_ContactForm,200,OK,AddContact 1-4,text,true,,3239,474,15,30,36,0,0
1537443742132,36,Add_ContactForm,200,"Number of samples in transaction : 2, number of failing samples : 0",AddContact 1-4,,true,,3239,474,15,30,36,987,0
1537443743084,98,Del_ContactFrom,200,OK,DeleteContact 2-8,text,true,,3368,482,15,30,98,0,1
1537443739581,98,Del_ContactFrom,200,"Number of samples in transaction : 2, number of failing samples : 0",DeleteContact 2-8,,true,,3368,482,15,30,98,2966,1
1537443743085,99,Del_ContactFrom,200,OK,DeleteContact 2-9,text,true,,3370,481,15,30,99,0,1
1537443739588,99,Del_ContactFrom,200,"Number of samples in transaction : 2, number of failing samples : 0",DeleteContact 2-9,,true,,3370,481,15,30,99,2960,1
1537443743044,144,Add_MainPage,200,OK,AddContact 1-5,text,true,,23853,446,15,30,144,0,1
1537443742060,144,Add_MainPage,200,"Number of samples in transaction : 2, number of failing samples : 0",AddContact 1-5,,true,,23853,446,15,30,144,985,1
1537443743045,148,Add_MainPage,200,OK,AddContact 1-2,text,true,,23853,446,15,30,147,0,1
1537443742060,148,Add_MainPage,200,"Number of samples in transaction : 2, number of failing samples : 0",AddContact 1-2,,true,,23853,446,15,30,147,985,1
1537443743059,138,Del_MainPage,200,OK,DeleteContact 2-13,text,true,,23853,446,15,30,137,0,1
1537443742075,138,Del_MainPage,200,"Number of samples in transaction : 2, number of failing samples : 0",DeleteContact 2-13,,true,,23853,446,15,30,137,987,1
1537443743383,58,Add_ContactAction,200,OK,AddContact 1-12,text,true,,2477,1457,15,30,58,0,1
1537443739900,58,Add_ContactAction,200,"Number of samples in transaction : 2, number of failing samples : 0",AddContact 1-12,,true,,2477,1457,15,30,58,2946,1
1537443743402,44,Add_ContactAction,200,OK,AddContact 1-13,text,true,,2477,1595,15,30,44,0,1
1537443739919,44,Add_ContactAction,200,"Number of samples in transaction : 2, number of failing samples : 0",AddContact 1-13,,true,,2477,1595,15,30,44,2946,1
1537443743429,20,Add_ContactAction,200,OK,AddContact 1-1,text,true,,2477,1457,15,30,20,0,1
1537443739950,20,Add_ContactAction,200,"Number of samples in transaction : 2, number of failing samples : 0",AddContact 1-1,,true,,2477,1457,15,30,20,2943,1
1537443743538,48,Add_MainPage,200,OK,AddContact 1-6,text,true,,24413,446,15,30,46,0,0
1537443742552,48,Add_MainPage,200,"Number of samples in transaction : 2, number of failing samples : 0",AddContact 1-6,,true,,24413,446,15,30,46,986,0
1537443743768,58,Del_Contact,200,OK,DeleteContact 2-1,text,true,,2485,511,15,30,58,0,1
1537443740283,58,Del_Contact,200,"Number of samples in transaction : 2, number of failing samples : 0",DeleteContact 2-1,,true,,2485,511,15,30,58,2948,1
1537443743769,62,Del_Contact,200,OK,DeleteContact 2-5,text,true,,2484,510,15,30,61,0,1
1537443740289,62,Del_Contact,200,"Number of samples in transaction : 2, number of failing samples : 0",DeleteContact 2-5,,true,,2484,510,15,30,61,2943,1
1537443743803,38,Del_Contact,200,OK,DeleteContact 2-3,text,true,,2485,511,15,30,38,0,1
1537443740307,38,Del_Contact,200,"Number of samples in transaction : 2, number of failing samples : 0",DeleteContact 2-3,,true,,2485,511,15,30,38,2959,1
1537443743830,15,Del_Contact,200,OK,DeleteContact 2-4,text,true,,2491,510,15,30,15,0,0
1537443740338,15,Del_Contact,200,"Number of samples in transaction : 2, number of failing samples : 0",DeleteContact 2-4,,true,,2491,510,15,30,15,2955,0
1537443743861,15,Del_Contact,200,OK,DeleteContact 2-15,text,true,,2484,510,15,30,15,0,0
1537443740369,15,Del_Contact,200,"Number of samples in transaction : 2, number of failing samples : 0",DeleteContact 2-15,,true,,2484,510,15,30,15,2955,0
1537443744169,34,Add_ContactForm,200,OK,AddContact 1-5,text,true,,3239,474,15,30,34,0,0
1537443743189,34,Add_ContactForm,200,"Number of samples in transaction : 2, number of failing samples : 0",AddContact 1-5,,true,,3239,474,15,30,34,980,0
1537443744169,36,Add_ContactForm,200,OK,AddContact 1-2,text,true,,3239,474,15,30,36,0,0
1537443743193,36,Add_ContactForm,200,"Number of samples in transaction : 2, number of failing samples : 0",AddContact 1-2,,true,,3239,474,15,30,36,976,0
1537443744245,20,Del_Contact,200,OK,DeleteContact 2-7,text,true,,2484,510,15,30,20,0,0
1537443740762,20,Del_Contact,200,"Number of samples in transaction : 2, number of failing samples : 0",DeleteContact 2-7,,true,,2484,510,15,30,20,2947,0
1537443744430,27,Del_Contact,200,OK,DeleteContact 2-6,text,true,,2485,511,15,30,27,0,0
1537443740949,27,Del_Contact,200,"Number of samples in transaction : 2, number of failing samples : 0",DeleteContact 2-6,,true,,2485,511,15,30,27,2944,0
1537443744568,24,Add_ContactForm,200,OK,AddContact 1-6,text,true,,3239,474,15,30,24,0,0
1537443743586,24,Add_ContactForm,200,"Number of samples in transaction : 2, number of failing samples : 0",AddContact 1-6,,true,,3239,474,15,30,24,982,0
1537443744815,25,Del_ContactFrom,200,OK,DeleteContact 2-11,text,true,,3362,481,15,30,24,0,0
1537443741334,25,Del_ContactFrom,200,"Number of samples in transaction : 2, number of failing samples : 0",DeleteContact 2-11,,true,,3362,481,15,30,24,2944,0
1537443744846,13,Del_ContactFrom,200,OK,DeleteContact 2-10,text,true,,3287,482,15,30,13,0,0
1537443741903,13,Del_ContactFrom,200,"Number of samples in transaction : 2, number of failing samples : 0",DeleteContact 2-10,,true,,3287,482,15,30,13,2943,0
1537443744860,13,Del_ContactFrom,200,OK,DeleteContact 2-12,text,true,,3273,482,15,30,13,0,0
1537443741917,13,Del_ContactFrom,200,"Number of samples in transaction : 2, number of failing samples : 0",DeleteContact 2-12,,true,,3273,482,15,30,13,2943,0
1537443745446,31,Add_ContactAction,200,OK,AddContact 1-3,text,true,,2477,1181,15,30,31,0,0
1537443742503,31,Add_ContactAction,200,"Number of samples in transaction : 2, number of failing samples : 0",AddContact 1-3,,true,,2477,1181,15,30,31,2943,0
1537443745799,79,Add_ContactAction,200,OK,AddContact 1-15,text,true,,2477,1373,15,30,79,0,1
1537443742854,79,Add_ContactAction,200,"Number of samples in transaction : 2, number of failing samples : 0",AddContact 1-15,,true,,2477,1373,15,30,79,2945,1
1537443746030,65,Add_MainPage,200,OK,AddContact 1-9,text,true,,23768,446,15,30,64,0,1
1537443745046,65,Add_MainPage,200,"Number of samples in transaction : 2, number of failing samples : 0",AddContact 1-9,,true,,23768,446,15,30,64,984,1
1537443746049,50,Add_MainPage,200,OK,AddContact 1-7,text,true,,23768,446,15,30,50,0,0
1537443745060,50,Add_MainPage,200,"Number of samples in transaction : 2, number of failing samples : 0",AddContact 1-7,,true,,23768,446,15,30,50,989,0
1537443746049,76,Add_MainPage,200,OK,AddContact 1-8,text,true,,23768,446,15,30,76,0,1
1537443745060,76,Add_MainPage,200,"Number of samples in transaction : 2, number of failing samples : 0",AddContact 1-8,,true,,23768,446,15,30,76,989,1
1537443746111,56,Add_ContactAction,200,OK,AddContact 1-4,text,true,,2477,1217,15,30,56,0,1
1537443743155,56,Add_ContactAction,200,"Number of samples in transaction : 2, number of failing samples : 0",AddContact 1-4,,true,,2477,1217,15,30,56,2956,1
1537443746139,29,Del_Contact,200,OK,DeleteContact 2-9,text,true,,2484,510,15,30,29,0,1
1537443743184,29,Del_Contact,200,"Number of samples in transaction : 2, number of failing samples : 0",DeleteContact 2-9,,true,,2484,510,15,30,29,2955,1
1537443746124,46,Del_Contact,200,OK,DeleteContact 2-8,text,true,,2485,511,15,30,46,0,0
1537443743182,46,Del_Contact,200,"Number of samples in transaction : 2, number of failing samples : 0",DeleteContact 2-8,,true,,2485,511,15,30,46,2942,0
1537443746153,21,Del_ContactFrom,200,OK,DeleteContact 2-13,text,true,,3349,481,15,30,20,0,0
1537443743200,21,Del_ContactFrom,200,"Number of samples in transaction : 2, number of failing samples : 0",DeleteContact 2-13,,true,,3349,481,15,30,20,2953,0
1537443747084,52,Add_ContactForm,200,OK,AddContact 1-9,text,true,,3239,474,15,30,52,0,0
1537443746095,52,Add_ContactForm,200,"Number of samples in transaction : 2, number of failing samples : 0",AddContact 1-9,,true,,3239,474,15,30,52,983,0
1537443747084,54,Add_ContactForm,200,OK,AddContact 1-7,text,true,,3239,474,15,30,54,0,0
1537443746099,54,Add_ContactForm,200,"Number of samples in transaction : 2, number of failing samples : 0",AddContact 1-7,,true,,3239,474,15,30,54,978,0
1537443747118,22,Add_ContactForm,200,OK,AddContact 1-8,text,true,,3239,474,15,30,22,0,0
1537443746125,22,Add_ContactForm,200,"Number of samples in transaction : 2, number of failing samples : 0",AddContact 1-8,,true,,3239,474,15,30,22,986,0
1537443747162,57,Add_ContactAction,200,OK,AddContact 1-5,text,true,,2477,1662,15,30,57,0,1
1537443744203,57,Add_ContactAction,200,"Number of samples in transaction : 2, number of failing samples : 0",AddContact 1-5,,true,,2477,1662,15,30,57,2952,1
1537443747163,72,Add_ContactAction,200,OK,AddContact 1-2,text,true,,2477,1644,15,30,72,0,0
1537443744205,72,Add_ContactAction,200,"Number of samples in transaction : 2, number of failing samples : 0",AddContact 1-2,,true,,2477,1644,15,30,72,2951,0
1537443747546,25,Add_ContactAction,200,OK,AddContact 1-6,text,true,,2477,1511,15,30,25,0,0
1537443744592,25,Add_ContactAction,200,"Number of samples in transaction : 2, number of failing samples : 0",AddContact 1-6,,true,,2477,1511,15,30,25,2947,0
1537443747745,39,Del_MainPage,200,OK,DeleteContact 2-14,text,true,,24171,446,15,30,37,0,1
1537443746754,39,Del_MainPage,200,"Number of samples in transaction : 2, number of failing samples : 0",DeleteContact 2-14,,true,,24171,446,15,30,37,987,1
1537443747792,15,Del_Contact,200,OK,DeleteContact 2-11,text,true,,2483,510,15,30,15,0,0
1537443744840,15,Del_Contact,200,"Number of samples in transaction : 2, number of failing samples : 0",DeleteContact 2-11,,true,,2483,510,15,30,15,2945,0
1537443747807,36,Del_Contact,200,OK,DeleteContact 2-10,text,true,,2485,511,15,30,36,0,0
1537443744859,36,Del_Contact,200,"Number of samples in transaction : 2, number of failing samples : 0",DeleteContact 2-10,,true,,2485,511,15,30,36,2941,0
1537443747823,37,Del_MainPage,200,OK,DeleteContact 2-2,text,true,,23893,446,15,30,36,0,0
1537443746837,37,Del_MainPage,200,"Number of samples in transaction : 2, number of failing samples : 0",DeleteContact 2-2,,true,,23893,446,15,30,36,989,0
1537443747823,43,Del_Contact,200,OK,DeleteContact 2-12,text,true,,2484,511,15,30,43,0,0
1537443744873,43,Del_Contact,200,"Number of samples in transaction : 2, number of failing samples : 0",DeleteContact 2-12,,true,,2484,511,15,30,43,2943,0
1537443749115,24,Del_Contact,200,OK,DeleteContact 2-13,text,true,,2484,510,15,30,24,0,0
1537443746174,24,Del_Contact,200,"Number of samples in transaction : 2, number of failing samples : 0",DeleteContact 2-13,,true,,2484,510,15,30,24,2934,0
1537443749561,24,Add_MainPage,200,OK,AddContact 1-14,text,true,,23716,446,15,30,23,0,0
1537443748576,24,Add_MainPage,200,"Number of samples in transaction : 2, number of failing samples : 0",AddContact 1-14,,true,,23716,446,15,30,23,986,0
1537443749592,26,Add_MainPage,200,OK,AddContact 1-10,text,true,,23716,446,15,30,24,0,0
1537443748607,26,Add_MainPage,200,"Number of samples in transaction : 2, number of failing samples : 0",AddContact 1-10,,true,,23716,446,15,30,24,985,0
1537443749715,123,Del_MainPage,200,OK,DeleteContact 2-1,text,true,,23716,446,15,30,122,0,1
1537443748729,123,Del_MainPage,200,"Number of samples in transaction : 2, number of failing samples : 0",DeleteContact 2-1,,true,,23716,446,15,30,122,989,1
1537443749733,112,Del_MainPage,200,OK,DeleteContact 2-3,text,true,,23716,446,15,30,112,0,0
1537443748745,112,Del_MainPage,200,"Number of samples in transaction : 2, number of failing samples : 0",DeleteContact 2-3,,true,,23716,446,15,30,112,991,0
1537443749734,119,Del_MainPage,200,OK,DeleteContact 2-5,text,true,,23716,446,15,30,118,0,0
1537443748745,119,Del_MainPage,200,"Number of samples in transaction : 2, number of failing samples : 0",DeleteContact 2-5,,true,,23716,446,15,30,118,992,0
1537443749748,112,Del_MainPage,200,OK,DeleteContact 2-4,text,true,,23716,446,15,30,111,0,1
1537443748762,112,Del_MainPage,200,"Number of samples in transaction : 2, number of failing samples : 0",DeleteContact 2-4,,true,,23716,446,15,30,111,989,1
1537443749777,118,Add_MainPage,200,OK,AddContact 1-11,text,true,,23716,446,15,30,117,0,0
1537443748792,118,Add_MainPage,200,"Number of samples in transaction : 2, number of failing samples : 0",AddContact 1-11,,true,,23716,446,15,30,117,985,0
1537443749777,123,Del_MainPage,200,OK,DeleteContact 2-15,text,true,,23716,446,15,30,122,0,0
1537443748792,123,Del_MainPage,200,"Number of samples in transaction : 2, number of failing samples : 0",DeleteContact 2-15,,true,,23716,446,15,30,122,989,0
1537443750068,58,Add_ContactAction,200,OK,AddContact 1-9,text,true,,2477,1620,15,30,58,0,1
1537443747137,58,Add_ContactAction,200,"Number of samples in transaction : 2, number of failing samples : 0",AddContact 1-9,,true,,2477,1620,15,30,58,2931,1
1537443750070,62,Add_ContactAction,200,OK,AddContact 1-8,text,true,,2477,1301,15,30,62,0,1
1537443747140,62,Add_ContactAction,200,"Number of samples in transaction : 2, number of failing samples : 0",AddContact 1-8,,true,,2477,1301,15,30,62,2930,1
1537443750069,66,Add_ContactAction,200,OK,AddContact 1-7,text,true,,2477,1595,15,30,66,0,1
1537443747138,66,Add_ContactAction,200,"Number of samples in transaction : 2, number of failing samples : 0",AddContact 1-7,,true,,2477,1595,15,30,66,2931,1
1537443750161,31,Del_MainPage,200,OK,DeleteContact 2-7,text,true,,24271,446,15,30,30,0,1
1537443749176,31,Del_MainPage,200,"Number of samples in transaction : 2, number of failing samples : 0",DeleteContact 2-7,,true,,24271,446,15,30,30,988,1
1537443750346,45,Del_MainPage,200,OK,DeleteContact 2-6,text,true,,24271,446,15,30,43,0,1
1537443749361,45,Del_MainPage,200,"Number of samples in transaction : 2, number of failing samples : 0",DeleteContact 2-6,,true,,24271,446,15,30,43,990,1
1537443750561,22,Add_ContactForm,200,OK,AddContact 1-14,text,true,,3239,474,15,30,22,0,0
1537443749586,22,Add_ContactForm,200,"Number of samples in transaction : 2, number of failing samples : 0",AddContact 1-14,,true,,3239,474,15,30,22,976,0
1537443750592,15,Add_ContactForm,200,OK,AddContact 1-10,text,true,,3239,474,15,30,15,0,0
1537443749618,15,Add_ContactForm,200,"Number of samples in transaction : 2, number of failing samples : 0",AddContact 1-10,,true,,3239,474,15,30,15,974,0
1537443750715,29,Del_ContactFrom,200,OK,DeleteContact 2-14,text,true,,3325,482,15,30,28,0,1
1537443747787,29,Del_ContactFrom,200,"Number of samples in transaction : 2, number of failing samples : 0",DeleteContact 2-14,,true,,3325,482,15,30,28,2928,1
1537443750792,25,Del_ContactFrom,200,OK,DeleteContact 2-2,text,true,,3303,482,15,30,25,0,1
1537443747863,25,Del_ContactFrom,200,"Number of samples in transaction : 2, number of failing samples : 0",DeleteContact 2-2,,true,,3303,482,15,30,25,2929,1
1537443750869,24,Add_ContactForm,200,OK,AddContact 1-11,text,true,,3239,474,15,30,24,0,0
1537443749895,24,Add_ContactForm,200,"Number of samples in transaction : 2, number of failing samples : 0",AddContact 1-11,,true,,3239,474,15,30,24,975,0
1537443751300,78,Add_MainPage,200,OK,AddContact 1-13,text,true,,24271,446,15,30,77,0,1
1537443750316,78,Add_MainPage,200,"Number of samples in transaction : 2, number of failing samples : 0",AddContact 1-13,,true,,24271,446,15,30,77,984,1
1537443751301,81,Add_MainPage,200,OK,AddContact 1-12,text,true,,24271,446,15,30,81,0,1
1537443750316,81,Add_MainPage,200,"Number of samples in transaction : 2, number of failing samples : 0",AddContact 1-12,,true,,24271,446,15,30,81,986,1
1537443751329,58,Add_MainPage,200,OK,AddContact 1-1,text,true,,24271,446,15,30,57,0,0
1537443750330,58,Add_MainPage,200,"Number of samples in transaction : 2, number of failing samples : 0",AddContact 1-1,,true,,24271,446,15,30,57,999,0
1537443752067,62,Del_MainPage,200,OK,DeleteContact 2-8,text,true,,24271,446,15,30,61,0,2
1537443751069,62,Del_MainPage,200,"Number of samples in transaction : 2, number of failing samples : 0",DeleteContact 2-8,,true,,24271,446,15,30,61,988,2
1537443752068,72,Del_MainPage,200,OK,DeleteContact 2-9,text,true,,24271,446,15,30,71,0,2
1537443751069,72,Del_MainPage,200,"Number of samples in transaction : 2, number of failing samples : 0",DeleteContact 2-9,,true,,24271,446,15,30,71,989,2
1537443752374,49,Add_ContactForm,200,OK,AddContact 1-13,text,true,,3239,474,15,30,49,0,0
1537443751378,49,Add_ContactForm,200,"Number of samples in transaction : 2, number of failing samples : 0",AddContact 1-13,,true,,3239,474,15,30,49,983,0
1537443752374,51,Add_ContactForm,200,OK,AddContact 1-12,text,true,,3239,474,15,30,51,0,0
1537443751383,51,Add_ContactForm,200,"Number of samples in transaction : 2, number of failing samples : 0",AddContact 1-12,,true,,3239,474,15,30,51,978,0
1537443752375,52,Add_ContactForm,200,OK,AddContact 1-1,text,true,,3239,474,15,30,52,0,0
1537443751387,52,Add_ContactForm,200,"Number of samples in transaction : 2, number of failing samples : 0",AddContact 1-1,,true,,3239,474,15,30,52,975,0
1537443752790,79,Del_ContactFrom,200,OK,DeleteContact 2-1,text,true,,3360,482,15,30,78,0,1
1537443749841,79,Del_ContactFrom,200,"Number of samples in transaction : 2, number of failing samples : 0",DeleteContact 2-1,,true,,3360,482,15,30,78,2936,1
1537443752791,80,Del_ContactFrom,200,OK,DeleteContact 2-3,text,true,,3301,481,15,30,79,0,0
1537443749848,80,Del_ContactFrom,200,"Number of samples in transaction : 2, number of failing samples : 0",DeleteContact 2-3,,true,,3301,481,15,30,79,2930,0
1537443752825,48,Del_ContactFrom,200,OK,DeleteContact 2-5,text,true,,3301,481,15,30,47,0,1
1537443749856,48,Del_ContactFrom,200,"Number of samples in transaction : 2, number of failing samples : 0",DeleteContact 2-5,,true,,3301,481,15,30,47,2956,1
1537443752826,48,Del_ContactFrom,200,OK,DeleteContact 2-4,text,true,,3374,482,15,30,48,0,0
1537443749863,48,Del_ContactFrom,200,"Number of samples in transaction : 2, number of failing samples : 0",DeleteContact 2-4,,true,,3374,482,15,30,48,2951,0
1537443752852,27,Del_ContactFrom,200,OK,DeleteContact 2-15,text,true,,3283,482,15,30,27,0,0
1537443749904,27,Del_ContactFrom,200,"Number of samples in transaction : 2, number of failing samples : 0",DeleteContact 2-15,,true,,3283,482,15,30,27,2936,0
1537443753144,25,Del_ContactFrom,200,OK,DeleteContact 2-7,text,true,,3289,482,15,30,25,0,1
1537443750195,25,Del_ContactFrom,200,"Number of samples in transaction : 2, number of failing samples : 0",DeleteContact 2-7,,true,,3289,482,15,30,25,2937,1
1537443753345,48,Del_ContactFrom,200,OK,DeleteContact 2-6,text,true,,3344,481,15,30,48,0,1
1537443750396,48,Del_ContactFrom,200,"Number of samples in transaction : 2, number of failing samples : 0",DeleteContact 2-6,,true,,3344,481,15,30,48,2936,1
1537443753345,52,Add_MainPage,200,OK,AddContact 1-3,text,true,,24271,446,15,30,51,0,0
1537443752360,52,Add_MainPage,200,"Number of samples in transaction : 2, number of failing samples : 0",AddContact 1-3,,true,,24271,446,15,30,51,985,0
1537443753529,41,Add_ContactAction,200,OK,AddContact 1-14,text,true,,2477,1650,15,30,41,0,1
1537443750584,41,Add_ContactAction,200,"Number of samples in transaction : 2, number of failing samples : 0",AddContact 1-14,,true,,2477,1650,15,30,41,2932,1
1537443753545,29,Add_ContactAction,200,OK,AddContact 1-10,text,true,,2477,1337,15,30,29,0,0
1537443750607,29,Add_ContactAction,200,"Number of samples in transaction : 2, number of failing samples : 0",AddContact 1-10,,true,,2477,1337,15,30,29,2925,0
1537443753683,95,Del_Contact,200,OK,DeleteContact 2-14,text,true,,2483,511,15,30,95,0,1
1537443750744,95,Del_Contact,200,"Number of samples in transaction : 2, number of failing samples : 0",DeleteContact 2-14,,true,,2483,511,15,30,95,2926,1
1537443753701,82,Del_MainPage,200,OK,DeleteContact 2-11,text,true,,24683,446,15,30,82,0,0
1537443752713,82,Del_MainPage,200,"Number of samples in transaction : 2, number of failing samples : 0",DeleteContact 2-11,,true,,24683,446,15,30,82,991,0
1537443753729,96,Add_MainPage,200,OK,AddContact 1-15,text,true,,24451,446,15,30,95,0,1
1537443752745,96,Add_MainPage,200,"Number of samples in transaction : 2, number of failing samples : 0",AddContact 1-15,,true,,24451,446,15,30,95,984,1
1537443753736,93,Del_MainPage,200,OK,DeleteContact 2-10,text,true,,24451,446,15,30,93,0,0
1537443752745,93,Del_MainPage,200,"Number of samples in transaction : 2, number of failing samples : 0",DeleteContact 2-10,,true,,24451,446,15,30,93,995,0
1537443753746,91,Del_MainPage,200,OK,DeleteContact 2-12,text,true,,24451,446,15,30,90,0,1
1537443752759,91,Del_MainPage,200,"Number of samples in transaction : 2, number of failing samples : 0",DeleteContact 2-12,,true,,24451,446,15,30,90,990,1
1537443753764,91,Del_Contact,200,OK,DeleteContact 2-2,text,true,,2484,511,15,30,91,0,0
1537443750817,91,Del_Contact,200,"Number of samples in transaction : 2, number of failing samples : 0",DeleteContact 2-2,,true,,2484,511,15,30,91,2934,0
1537443753840,19,Add_ContactAction,200,OK,AddContact 1-11,text,true,,2477,1349,15,30,19,0,1
1537443750894,19,Add_ContactAction,200,"Number of samples in transaction : 2, number of failing samples : 0",AddContact 1-11,,true,,2477,1349,15,30,19,2934,1
1537443754006,49,Add_MainPage,200,OK,AddContact 1-4,text,true,,24402,446,15,30,47,0,1
1537443753021,49,Add_MainPage,200,"Number of samples in transaction : 2, number of failing samples : 0",AddContact 1-4,,true,,24402,446,15,30,47,985,1
1537443754376,16,Add_ContactForm,200,OK,AddContact 1-3,text,true,,3239,474,15,30,16,0,0
1537443753397,16,Add_ContactForm,200,"Number of samples in transaction : 2, number of failing samples : 0",AddContact 1-3,,true,,3239,474,15,30,16,979,0
1537443754806,21,Add_ContactForm,200,OK,AddContact 1-15,text,true,,3239,474,15,30,21,0,0
1537443753825,21,Add_ContactForm,200,"Number of samples in transaction : 2, number of failing samples : 0",AddContact 1-15,,true,,3239,474,15,30,21,981,0
1537443755040,72,Add_ContactForm,200,OK,AddContact 1-4,text,true,,3239,474,15,30,72,0,0
1537443754055,72,Add_ContactForm,200,"Number of samples in transaction : 2, number of failing samples : 0",AddContact 1-4,,true,,3239,474,15,30,72,985,0
1537443755068,67,Del_ContactFrom,200,OK,DeleteContact 2-8,text,true,,3418,482,15,30,67,0,0
1537443752132,67,Del_ContactFrom,200,"Number of samples in transaction : 2, number of failing samples : 0",DeleteContact 2-8,,true,,3418,482,15,30,67,2936,0
1537443755068,69,Del_ContactFrom,200,OK,DeleteContact 2-9,text,true,,3413,482,15,30,69,0,1
1537443752143,69,Del_ContactFrom,200,"Number of samples in transaction : 2, number of failing samples : 0",DeleteContact 2-9,,true,,3413,482,15,30,69,2925,1
1537443755022,127,Del_MainPage,200,OK,DeleteContact 2-13,text,true,,24402,446,15,30,126,0,1
1537443754037,127,Del_MainPage,200,"Number of samples in transaction : 2, number of failing samples : 0",DeleteContact 2-13,,true,,24402,446,15,30,126,994,1
1537443755057,106,Add_MainPage,200,OK,AddContact 1-5,text,true,,24402,446,15,30,105,0,0
1537443754068,106,Add_MainPage,200,"Number of samples in transaction : 2, number of failing samples : 0",AddContact 1-5,,true,,24402,446,15,30,105,989,0
1537443755069,98,Add_MainPage,200,OK,AddContact 1-2,text,true,,24402,446,15,30,97,0,0
1537443754083,98,Add_MainPage,200,"Number of samples in transaction : 2, number of failing samples : 0",AddContact 1-2,,true,,24402,446,15,30,97,986,0
1537443755360,65,Add_ContactAction,200,OK,AddContact 1-13,text,true,,2477,1692,15,30,65,0,1
1537443752423,65,Add_ContactAction,200,"Number of samples in transaction : 2, number of failing samples : 0",AddContact 1-13,,true,,2477,1692,15,30,65,2937,1
1537443755361,66,Add_ContactAction,200,OK,AddContact 1-12,text,true,,2477,1199,15,30,66,0,1
1537443752425,66,Add_ContactAction,200,"Number of samples in transaction : 2, number of failing samples : 0",AddContact 1-12,,true,,2477,1199,15,30,66,2936,1
1537443755362,75,Add_ContactAction,200,OK,AddContact 1-1,text,true,,2477,1487,15,30,75,0,1
1537443752427,75,Add_ContactAction,200,"Number of samples in transaction : 2, number of failing samples : 0",AddContact 1-1,,true,,2477,1487,15,30,75,2935,1
1537443755406,36,Add_MainPage,200,OK,AddContact 1-6,text,true,,24843,446,15,30,34,0,1
1537443754424,36,Add_MainPage,200,"Number of samples in transaction : 2, number of failing samples : 0",AddContact 1-6,,true,,24843,446,15,30,34,982,1
1537443755808,85,Del_Contact,200,OK,DeleteContact 2-5,text,true,,2484,510,15,30,85,0,1
1537443752873,85,Del_Contact,200,"Number of samples in transaction : 2, number of failing samples : 0",DeleteContact 2-5,,true,,2484,510,15,30,85,2935,1
1537443755807,88,Del_Contact,200,OK,DeleteContact 2-15,text,true,,2484,511,15,30,88,0,0
1537443752880,88,Del_Contact,200,"Number of samples in transaction : 2, number of failing samples : 0",DeleteContact 2-15,,true,,2484,511,15,30,88,2927,0
1537443755809,95,Del_Contact,200,OK,DeleteContact 2-3,text,true,,2484,510,15,30,95,0,0
1537443752871,95,Del_Contact,200,"Number of samples in transaction : 2, number of failing samples : 0",DeleteContact 2-3,,true,,2484,510,15,30,95,2938,0
1537443755808,97,Del_Contact,200,OK,DeleteContact 2-4,text,true,,2484,511,15,30,97,0,0
1537443752875,97,Del_Contact,200,"Number of samples in transaction : 2, number of failing samples : 0",DeleteContact 2-4,,true,,2484,511,15,30,97,2934,0
1537443755810,99,Del_Contact,200,OK,DeleteContact 2-1,text,true,,2486,511,15,30,99,0,0
1537443752869,99,Del_Contact,200,"Number of samples in transaction : 2, number of failing samples : 0",DeleteContact 2-1,,true,,2486,511,15,30,99,2941,0
1537443756098,25,Del_Contact,200,OK,DeleteContact 2-7,text,true,,2484,511,15,30,25,0,1
1537443753170,25,Del_Contact,200,"Number of samples in transaction : 2, number of failing samples : 0",DeleteContact 2-7,,true,,2484,511,15,30,25,2928,1
1537443756145,30,Add_ContactForm,200,OK,AddContact 1-5,text,true,,3239,474,15,30,30,0,0
1537443755163,30,Add_ContactForm,200,"Number of samples in transaction : 2, number of failing samples : 0",AddContact 1-5,,true,,3239,474,15,30,30,982,0
1537443756145,32,Add_ContactForm,200,OK,AddContact 1-2,text,true,,3239,474,15,30,32,0,0
1537443755167,32,Add_ContactForm,200,"Number of samples in transaction : 2, number of failing samples : 0",AddContact 1-2,,true,,3239,474,15,30,32,978,0
1537443756330,27,Del_Contact,200,OK,DeleteContact 2-6,text,true,,2484,510,15,30,27,0,0
1537443753393,27,Del_Contact,200,"Number of samples in transaction : 2, number of failing samples : 0",DeleteContact 2-6,,true,,2484,510,15,30,27,2938,0
1537443756422,26,Add_ContactForm,200,OK,AddContact 1-6,text,true,,3239,474,15,30,26,0,0
1537443755442,26,Add_ContactForm,200,"Number of samples in transaction : 2, number of failing samples : 0",AddContact 1-6,,true,,3239,474,15,30,26,980,0
1537443756828,25,Del_ContactFrom,200,OK,DeleteContact 2-11,text,true,,3269,482,15,30,24,0,0
1537443753786,25,Del_ContactFrom,200,"Number of samples in transaction : 2, number of failing samples : 0",DeleteContact 2-11,,true,,3269,482,15,30,24,2944,0
1537443756874,38,Del_ContactFrom,200,OK,DeleteContact 2-10,text,true,,3351,482,15,30,38,0,1
1537443753833,38,Del_ContactFrom,200,"Number of samples in transaction : 2, number of failing samples : 0",DeleteContact 2-10,,true,,3351,482,15,30,38,2943,1
1537443756893,22,Del_ContactFrom,200,OK,DeleteContact 2-12,text,true,,3374,481,15,30,21,0,0
1537443753840,22,Del_ContactFrom,200,"Number of samples in transaction : 2, number of failing samples : 0",DeleteContact 2-12,,true,,3374,481,15,30,21,2955,0
1537443757443,16,Add_ContactAction,200,OK,AddContact 1-3,text,true,,2477,1187,15,30,16,0,1
1537443754392,16,Add_ContactAction,200,"Number of samples in transaction : 2, number of failing samples : 0",AddContact 1-3,,true,,2477,1187,15,30,16,2953,1
1537443757858,28,Add_ContactAction,200,OK,AddContact 1-15,text,true,,2477,1223,15,30,28,0,1
1537443754827,28,Add_ContactAction,200,"Number of samples in transaction : 2, number of failing samples : 0",AddContact 1-15,,true,,2477,1223,15,30,28,2934,1
1537443758074,1025,Add_MainPage,200,OK,AddContact 1-9,text,true,,24351,446,15,30,1024,0,1
1537443757090,1025,Add_MainPage,200,"Number of samples in transaction : 2, number of failing samples : 0",AddContact 1-9,,true,,24351,446,15,30,1024,985,1
1537443758092,1012,Add_MainPage,200,OK,AddContact 1-8,text,true,,24351,446,15,30,1011,0,1
1537443757105,1012,Add_MainPage,200,"Number of samples in transaction : 2, number of failing samples : 0",AddContact 1-8,,true,,24351,446,15,30,1011,987,1
1537443758093,1015,Add_MainPage,200,OK,AddContact 1-7,text,true,,24351,446,15,30,1015,0,18
1537443757105,1015,Add_MainPage,200,"Number of samples in transaction : 2, number of failing samples : 0",AddContact 1-7,,true,,24351,446,15,30,1015,989,18
1537443758136,995,Add_ContactAction,200,OK,AddContact 1-4,text,true,,2477,1313,15,30,995,0,0
1537443755112,995,Add_ContactAction,200,"Number of samples in transaction : 2, number of failing samples : 0",AddContact 1-4,,true,,2477,1313,15,30,995,2926,0
1537443758168,979,Del_Contact,200,OK,DeleteContact 2-8,text,true,,2485,511,15,30,979,0,0
1537443755135,979,Del_Contact,200,"Number of samples in transaction : 2, number of failing samples : 0",DeleteContact 2-8,,true,,2485,511,15,30,979,2936,0
1537443758182,976,Del_ContactFrom,200,OK,DeleteContact 2-13,text,true,,3360,482,15,30,976,0,92
1537443755158,976,Del_ContactFrom,200,"Number of samples in transaction : 2, number of failing samples : 0",DeleteContact 2-13,,true,,3360,482,15,30,976,2926,92
1537443758169,1006,Del_Contact,200,OK,DeleteContact 2-9,text,true,,2485,511,15,30,1006,0,0
1537443755137,1006,Del_Contact,200,"Number of samples in transaction : 2, number of failing samples : 0",DeleteContact 2-9,,true,,2485,511,15,30,1006,2934,0
1537443759275,154,Add_ContactAction,200,OK,AddContact 1-5,text,true,,2477,1151,15,30,154,0,1
1537443756175,154,Add_ContactAction,200,"Number of samples in transaction : 2, number of failing samples : 0",AddContact 1-5,,true,,2477,1151,15,30,154,3002,1
1537443759276,246,Add_ContactAction,200,OK,AddContact 1-2,text,true,,2477,1481,15,30,246,0,1
1537443756177,246,Add_ContactAction,200,"Number of samples in transaction : 2, number of failing samples : 0",AddContact 1-2,,true,,2477,1481,15,30,246,3015,1
1537443759490,70,Add_ContactAction,200,OK,AddContact 1-6,text,true,,2477,1686,15,30,70,0,0
1537443756448,70,Add_ContactAction,200,"Number of samples in transaction : 2, number of failing samples : 0",AddContact 1-6,,true,,2477,1686,15,30,70,2944,0
1537443759800,47,Del_MainPage,200,OK,DeleteContact 2-14,text,true,,24606,446,15,30,47,0,11
1537443758813,47,Del_MainPage,200,"Number of samples in transaction : 2, number of failing samples : 0",DeleteContact 2-14,,true,,24606,446,15,30,47,991,11
1537443759783,87,Del_Contact,200,OK,DeleteContact 2-11,text,true,,2485,511,15,30,87,0,0
1537443756853,87,Del_Contact,200,"Number of samples in transaction : 2, number of failing samples : 0",DeleteContact 2-11,,true,,2485,511,15,30,87,2930,0
1537443759846,32,Del_Contact,200,OK,DeleteContact 2-12,text,true,,2484,510,15,30,32,0,1
1537443756915,32,Del_Contact,200,"Number of samples in transaction : 2, number of failing samples : 0",DeleteContact 2-12,,true,,2484,510,15,30,32,2931,1
1537443759846,36,Del_Contact,200,OK,DeleteContact 2-10,text,true,,2484,511,15,30,36,0,0
1537443756912,36,Del_Contact,200,"Number of samples in transaction : 2, number of failing samples : 0",DeleteContact 2-10,,true,,2484,511,15,30,36,2934,0
1537443759906,25,Del_MainPage,200,OK,DeleteContact 2-2,text,true,,24112,446,15,30,23,0,0
1537443758921,25,Del_MainPage,200,"Number of samples in transaction : 2, number of failing samples : 0",DeleteContact 2-2,,true,,24112,446,15,30,23,988,0
1537443760075,64,Add_ContactForm,200,OK,AddContact 1-9,text,true,,3240,474,15,30,64,0,0
1537443759100,64,Add_ContactForm,200,"Number of samples in transaction : 2, number of failing samples : 0",AddContact 1-9,,true,,3240,474,15,30,64,975,0
1537443760076,65,Add_ContactForm,200,OK,AddContact 1-8,text,true,,3240,474,15,30,65,0,0
1537443759104,65,Add_ContactForm,200,"Number of samples in transaction : 2, number of failing samples : 0",AddContact 1-8,,true,,3240,474,15,30,65,972,0
1537443760110,33,Add_ContactForm,200,OK,AddContact 1-7,text,true,,3240,474,15,30,33,0,1
1537443759109,33,Add_ContactForm,200,"Number of samples in transaction : 2, number of failing samples : 0",AddContact 1-7,,true,,3240,474,15,30,33,1001,1
1537443761506,59,Add_MainPage,200,OK,AddContact 1-14,text,true,,24112,446,15,30,58,0,1
1537443760520,59,Add_MainPage,200,"Number of samples in transaction : 2, number of failing samples : 0",AddContact 1-14,,true,,24112,446,15,30,58,986,1
1537443761507,64,Add_MainPage,200,OK,AddContact 1-10,text,true,,24112,446,15,30,62,0,0
1537443760520,64,Add_MainPage,200,"Number of samples in transaction : 2, number of failing samples : 0",AddContact 1-10,,true,,24112,446,15,30,62,988,0
1537443761899,40,Add_MainPage,200,OK,AddContact 1-11,text,true,,24112,446,15,30,39,0,1
1537443760813,40,Add_MainPage,200,"Number of samples in transaction : 2, number of failing samples : 0",AddContact 1-11,,true,,24112,446,15,30,39,986,1
1537443761976,35,Del_MainPage,200,OK,DeleteContact 2-5,text,true,,24112,446,15,30,35,0,0
1537443760891,35,Del_MainPage,200,"Number of samples in transaction : 2, number of failing samples : 0",DeleteContact 2-5,,true,,24112,446,15,30,35,988,0
1537443761976,86,Del_MainPage,200,OK,DeleteContact 2-15,text,true,,24112,446,15,30,85,0,0
1537443760891,86,Del_MainPage,200,"Number of samples in transaction : 2, number of failing samples : 0",DeleteContact 2-15,,true,,24112,446,15,30,85,988,0
1537443761990,80,Del_MainPage,200,OK,DeleteContact 2-3,text,true,,24112,446,15,30,79,0,0
1537443760906,80,Del_MainPage,200,"Number of samples in transaction : 2, number of failing samples : 0",DeleteContact 2-3,,true,,24112,446,15,30,79,987,0
1537443761991,106,Del_MainPage,200,OK,DeleteContact 2-4,text,true,,24112,446,15,30,105,0,0
1537443760906,106,Del_MainPage,200,"Number of samples in transaction : 2, number of failing samples : 0",DeleteContact 2-4,,true,,24112,446,15,30,105,988,0
1537443761991,124,Del_MainPage,200,OK,DeleteContact 2-1,text,true,,24112,446,15,30,123,0,0
1537443760906,124,Del_MainPage,200,"Number of samples in transaction : 2, number of failing samples : 0",DeleteContact 2-1,,true,,24112,446,15,30,123,988,0
1537443762211,41,Del_MainPage,200,OK,DeleteContact 2-7,text,true,,24112,446,15,30,40,0,1
1537443761121,41,Del_MainPage,200,"Number of samples in transaction : 2, number of failing samples : 0",DeleteContact 2-7,,true,,24112,446,15,30,40,993,1
1537443762191,67,Del_Contact,200,OK,DeleteContact 2-13,text,true,,2485,511,15,30,67,0,0
1537443759158,67,Del_Contact,200,"Number of samples in transaction : 2, number of failing samples : 0",DeleteContact 2-13,,true,,2485,511,15,30,67,2933,0
1537443762438,54,Del_MainPage,200,OK,DeleteContact 2-6,text,true,,23972,446,15,30,51,0,0
1537443761352,54,Del_MainPage,200,"Number of samples in transaction : 2, number of failing samples : 0",DeleteContact 2-6,,true,,23972,446,15,30,51,989,0
1537443762626,47,Add_ContactForm,200,OK,AddContact 1-14,text,true,,3239,474,15,30,46,0,0
1537443761565,47,Add_ContactForm,200,"Number of samples in transaction : 2, number of failing samples : 0",AddContact 1-14,,true,,3239,474,15,30,46,961,0
1537443762642,32,Add_ContactForm,200,OK,AddContact 1-10,text,true,,3239,474,15,30,32,0,0
1537443761572,32,Add_ContactForm,200,"Number of samples in transaction : 2, number of failing samples : 0",AddContact 1-10,,true,,3239,474,15,30,32,971,0
1537443762883,24,Del_ContactFrom,200,OK,DeleteContact 2-14,text,true,,3289,482,15,30,24,0,1
1537443759851,24,Del_ContactFrom,200,"Number of samples in transaction : 2, number of failing samples : 0",DeleteContact 2-14,,true,,3289,482,15,30,24,2932,1
1537443762914,13,Add_ContactForm,200,OK,AddContact 1-11,text,true,,3239,474,15,30,13,0,0
1537443761939,13,Add_ContactForm,200,"Number of samples in transaction : 2, number of failing samples : 0",AddContact 1-11,,true,,3239,474,15,30,13,975,0
1537443762960,20,Del_ContactFrom,200,OK,DeleteContact 2-2,text,true,,3412,482,15,30,19,0,0
1537443759934,20,Del_ContactFrom,200,"Number of samples in transaction : 2, number of failing samples : 0",DeleteContact 2-2,,true,,3412,482,15,30,19,2926,0
1537443763176,63,Add_ContactAction,200,OK,AddContact 1-9,text,true,,2477,1181,15,30,63,0,0
1537443760139,63,Add_ContactAction,200,"Number of samples in transaction : 2, number of failing samples : 0",AddContact 1-9,,true,,2477,1181,15,30,63,2937,0
1537443763177,66,Add_ContactAction,200,OK,AddContact 1-7,text,true,,2477,1247,15,30,66,0,1
1537443760143,66,Add_ContactAction,200,"Number of samples in transaction : 2, number of failing samples : 0",AddContact 1-7,,true,,2477,1247,15,30,66,2934,1
1537443763177,67,Add_ContactAction,200,OK,AddContact 1-8,text,true,,2477,1481,15,30,67,0,0
1537443760141,67,Add_ContactAction,200,"Number of samples in transaction : 2, number of failing samples : 0",AddContact 1-8,,true,,2477,1481,15,30,67,2936,0
1537443763468,35,Add_MainPage,200,OK,AddContact 1-13,text,true,,24419,446,15,30,34,0,0
1537443762483,35,Add_MainPage,200,"Number of samples in transaction : 2, number of failing samples : 0",AddContact 1-13,,true,,24419,446,15,30,34,985,0
1537443763469,69,Add_MainPage,200,OK,AddContact 1-12,text,true,,24419,446,15,30,68,0,0
1537443762483,69,Add_MainPage,200,"Number of samples in transaction : 2, number of failing samples : 0",AddContact 1-12,,true,,24419,446,15,30,68,986,0
1537443763483,59,Add_MainPage,200,OK,AddContact 1-1,text,true,,24419,446,15,30,58,0,1
1537443762498,59,Add_MainPage,200,"Number of samples in transaction : 2, number of failing samples : 0",AddContact 1-1,,true,,24419,446,15,30,58,985,1
1537443764484,24,Add_ContactForm,200,OK,AddContact 1-13,text,true,,3239,474,15,30,24,0,0
1537443763503,24,Add_ContactForm,200,"Number of samples in transaction : 2, number of failing samples : 0",AddContact 1-13,,true,,3239,474,15,30,24,981,0
1537443764515,32,Add_ContactForm,200,OK,AddContact 1-12,text,true,,3239,474,15,30,32,0,0
1537443763538,32,Add_ContactForm,200,"Number of samples in transaction : 2, number of failing samples : 0",AddContact 1-12,,true,,3239,474,15,30,32,977,0
1537443764515,34,Add_ContactForm,200,OK,AddContact 1-1,text,true,,3239,474,15,30,33,0,0
1537443763542,34,Add_ContactForm,200,"Number of samples in transaction : 2, number of failing samples : 0",AddContact 1-1,,true,,3239,474,15,30,33,973,0
1537443764960,25,Del_ContactFrom,200,OK,DeleteContact 2-5,text,true,,3320,481,15,30,25,0,1
1537443762015,25,Del_ContactFrom,200,"Number of samples in transaction : 2, number of failing samples : 0",DeleteContact 2-5,,true,,3320,481,15,30,25,2946,1
1537443765007,38,Del_ContactFrom,200,OK,DeleteContact 2-15,text,true,,3413,482,15,30,38,0,1
1537443762065,38,Del_ContactFrom,200,"Number of samples in transaction : 2, number of failing samples : 0",DeleteContact 2-15,,true,,3413,482,15,30,38,2942,1
1537443765025,22,Del_ContactFrom,200,OK,DeleteContact 2-3,text,true,,3377,482,15,30,22,0,1
1537443762073,22,Del_ContactFrom,200,"Number of samples in transaction : 2, number of failing samples : 0",DeleteContact 2-3,,true,,3377,482,15,30,22,2953,1
1537443765053,13,Del_ContactFrom,200,OK,DeleteContact 2-4,text,true,,3375,482,15,30,13,0,0
1537443762100,13,Del_ContactFrom,200,"Number of samples in transaction : 2, number of failing samples : 0",DeleteContact 2-4,,true,,3375,482,15,30,13,2953,0
1537443765069,12,Del_ContactFrom,200,OK,DeleteContact 2-1,text,true,,3391,481,15,30,12,0,0
1537443762118,12,Del_ContactFrom,200,"Number of samples in transaction : 2, number of failing samples : 0",DeleteContact 2-1,,true,,3391,481,15,30,12,2952,0
1537443765130,57,Del_MainPage,200,OK,DeleteContact 2-8,text,true,,24419,446,15,30,56,0,0
1537443764146,57,Del_MainPage,200,"Number of samples in transaction : 2, number of failing samples : 0",DeleteContact 2-8,,true,,24419,446,15,30,56,987,0
1537443765146,52,Del_MainPage,200,OK,DeleteContact 2-9,text,true,,24419,446,15,30,51,0,0
1537443764160,52,Del_MainPage,200,"Number of samples in transaction : 2, number of failing samples : 0",DeleteContact 2-9,,true,,24419,446,15,30,51,989,0
1537443765207,56,Del_ContactFrom,200,OK,DeleteContact 2-7,text,true,,3373,482,15,30,56,0,1
1537443762255,56,Del_ContactFrom,200,"Number of samples in transaction : 2, number of failing samples : 0",DeleteContact 2-7,,true,,3373,482,15,30,56,2952,1
1537443765392,38,Add_MainPage,200,OK,AddContact 1-3,text,true,,24419,446,15,30,37,0,1
1537443764407,38,Add_MainPage,200,"Number of samples in transaction : 2, number of failing samples : 0",AddContact 1-3,,true,,24419,446,15,30,37,985,1
1537443765438,14,Del_ContactFrom,200,OK,DeleteContact 2-6,text,true,,3371,482,15,30,14,0,0
1537443762495,14,Del_ContactFrom,200,"Number of samples in transaction : 2, number of failing samples : 0",DeleteContact 2-6,,true,,3371,482,15,30,14,2943,0
1537443765622,44,Add_ContactAction,200,OK,AddContact 1-10,text,true,,2477,1565,15,30,44,0,1
1537443762675,44,Add_ContactAction,200,"Number of samples in transaction : 2, number of failing samples : 0",AddContact 1-10,,true,,2477,1565,15,30,44,2947,1
1537443765623,47,Add_ContactAction,200,OK,AddContact 1-14,text,true,,2477,1397,15,30,47,0,0
1537443762673,47,Add_ContactAction,200,"Number of samples in transaction : 2, number of failing samples : 0",AddContact 1-14,,true,,2477,1397,15,30,47,2950,0
1537443765822,179,Add_MainPage,200,OK,AddContact 1-15,text,true,,24750,446,15,30,178,0,46
1537443764838,179,Add_MainPage,200,"Number of samples in transaction : 2, number of failing samples : 0",AddContact 1-15,,true,,24750,446,15,30,178,985,46
1537443765868,193,Del_MainPage,200,OK,DeleteContact 2-11,text,true,,24750,446,15,30,192,0,6
1537443764868,193,Del_MainPage,200,"Number of samples in transaction : 2, number of failing samples : 0",DeleteContact 2-11,,true,,24750,446,15,30,192,1004,6
1537443765889,210,Del_MainPage,200,OK,DeleteContact 2-12,text,true,,24750,446,15,30,209,0,26
1537443764884,210,Del_MainPage,200,"Number of samples in transaction : 2, number of failing samples : 0",DeleteContact 2-12,,true,,24750,446,15,30,209,1024,26
1537443765915,208,Del_MainPage,200,OK,DeleteContact 2-10,text,true,,24750,446,15,30,207,0,0
1537443764884,208,Del_MainPage,200,"Number of samples in transaction : 2, number of failing samples : 0",DeleteContact 2-10,,true,,24750,446,15,30,207,1034,0
1537443765916,213,Add_ContactAction,200,OK,AddContact 1-11,text,true,,2477,1620,15,30,213,0,0
1537443762927,213,Add_ContactAction,200,"Number of samples in transaction : 2, number of failing samples : 0",AddContact 1-11,,true,,2477,1620,15,30,213,2989,0
1537443765874,256,Del_Contact,200,OK,DeleteContact 2-14,text,true,,2485,511,15,30,256,0,14
1537443762907,256,Del_Contact,200,"Number of samples in transaction : 2, number of failing samples : 0",DeleteContact 2-14,,true,,2485,511,15,30,256,3028,14
1537443765968,230,Del_Contact,200,OK,DeleteContact 2-2,text,true,,2485,511,15,30,230,0,0
1537443762980,230,Del_Contact,200,"Number of samples in transaction : 2, number of failing samples : 0",DeleteContact 2-2,,true,,2485,511,15,30,230,3013,0
1537443766408,14,Add_ContactForm,200,OK,AddContact 1-3,text,true,,3239,474,15,30,14,0,0
1537443765430,14,Add_ContactForm,200,"Number of samples in transaction : 2, number of failing samples : 0",AddContact 1-3,,true,,3239,474,15,30,14,978,0
1537443767080,27,Add_ContactForm,200,OK,AddContact 1-15,text,true,,3239,474,15,30,27,0,0
1537443766002,27,Add_ContactForm,200,"Number of samples in transaction : 2, number of failing samples : 0",AddContact 1-15,,true,,3239,474,15,30,27,975,0
1537443767173,40,Add_MainPage,200,OK,AddContact 1-4,text,true,,24656,446,15,30,38,0,1
1537443766086,40,Add_MainPage,200,"Number of samples in transaction : 2, number of failing samples : 0",AddContact 1-4,,true,,24656,446,15,30,38,984,1
1537443767480,51,Add_MainPage,200,OK,AddContact 1-5,text,true,,24656,446,15,30,50,0,1
1537443766392,51,Add_MainPage,200,"Number of samples in transaction : 2, number of failing samples : 0",AddContact 1-5,,true,,24656,446,15,30,50,986,1
1537443767557,28,Add_ContactAction,200,OK,AddContact 1-13,text,true,,2477,1367,15,30,28,0,0
1537443764509,28,Add_ContactAction,200,"Number of samples in transaction : 2, number of failing samples : 0",AddContact 1-13,,true,,2477,1367,15,30,28,2945,0
1537443767588,49,Add_MainPage,200,OK,AddContact 1-2,text,true,,24825,446,15,30,49,0,1
1537443766503,49,Add_MainPage,200,"Number of samples in transaction : 2, number of failing samples : 0",AddContact 1-2,,true,,24825,446,15,30,49,983,1
1537443767603,59,Add_MainPage,200,OK,AddContact 1-6,text,true,,24825,446,15,30,58,0,0
1537443766515,59,Add_MainPage,200,"Number of samples in transaction : 2, number of failing samples : 0",AddContact 1-6,,true,,24825,446,15,30,58,985,0
1537443767610,59,Add_ContactAction,200,OK,AddContact 1-1,text,true,,2477,1151,15,30,59,0,0
1537443764549,59,Add_ContactAction,200,"Number of samples in transaction : 2, number of failing samples : 0",AddContact 1-1,,true,,2477,1151,15,30,59,2958,0
1537443767610,63,Add_ContactAction,200,OK,AddContact 1-12,text,true,,2477,1175,15,30,63,0,6
1537443764547,63,Add_ContactAction,200,"Number of samples in transaction : 2, number of failing samples : 0",AddContact 1-12,,true,,2477,1175,15,30,63,2960,6
1537443768018,38,Del_Contact,200,OK,DeleteContact 2-5,text,true,,2483,510,15,30,38,0,1
1537443764986,38,Del_Contact,200,"Number of samples in transaction : 2, number of failing samples : 0",DeleteContact 2-5,,true,,2483,510,15,30,38,2930,1
1537443768081,69,Del_Contact,200,OK,DeleteContact 2-15,text,true,,2485,511,15,30,69,0,1
1537443765045,69,Del_Contact,200,"Number of samples in transaction : 2, number of failing samples : 0",DeleteContact 2-15,,true,,2485,511,15,30,69,2933,1
1537443768081,72,Del_Contact,200,OK,DeleteContact 2-3,text,true,,2485,511,15,30,72,0,0
1537443765048,72,Del_Contact,200,"Number of samples in transaction : 2, number of failing samples : 0",DeleteContact 2-3,,true,,2485,511,15,30,72,2930,0
1537443768119,37,Del_Contact,200,OK,DeleteContact 2-4,text,true,,2485,511,15,30,37,0,0
1537443765066,37,Del_Contact,200,"Number of samples in transaction : 2, number of failing samples : 0",DeleteContact 2-4,,true,,2485,511,15,30,37,2950,0
1537443768120,37,Del_Contact,200,OK,DeleteContact 2-1,text,true,,2484,510,15,30,37,0,0
1537443765082,37,Del_Contact,200,"Number of samples in transaction : 2, number of failing samples : 0",DeleteContact 2-1,,true,,2484,510,15,30,37,2935,0
1537443768188,12,Add_ContactForm,200,OK,AddContact 1-4,text,true,,3239,474,15,30,12,0,0
1537443767213,12,Add_ContactForm,200,"Number of samples in transaction : 2, number of failing samples : 0",AddContact 1-4,,true,,3239,474,15,30,12,976,0
1537443768219,13,Del_ContactFrom,200,OK,DeleteContact 2-8,text,true,,3343,482,15,30,13,0,0
1537443765190,13,Del_ContactFrom,200,"Number of samples in transaction : 2, number of failing samples : 0",DeleteContact 2-8,,true,,3343,482,15,30,13,2927,0
1537443768233,13,Del_ContactFrom,200,OK,DeleteContact 2-9,text,true,,3175,482,15,30,13,0,0
1537443765201,13,Del_ContactFrom,200,"Number of samples in transaction : 2, number of failing samples : 0",DeleteContact 2-9,,true,,3175,482,15,30,13,2929,0
1537443768249,29,Del_MainPage,200,OK,DeleteContact 2-13,text,true,,24127,446,15,30,27,0,0
1537443767264,29,Del_MainPage,200,"Number of samples in transaction : 2, number of failing samples : 0",DeleteContact 2-13,,true,,24127,446,15,30,27,988,0
1537443768295,16,Del_Contact,200,OK,DeleteContact 2-7,text,true,,2485,511,15,30,16,0,0
1537443765263,16,Del_Contact,200,"Number of samples in transaction : 2, number of failing samples : 0",DeleteContact 2-7,,true,,2485,511,15,30,16,2929,0
1537443768480,28,Del_Contact,200,OK,DeleteContact 2-6,text,true,,2485,511,15,30,28,0,1
1537443765452,28,Del_Contact,200,"Number of samples in transaction : 2, number of failing samples : 0",DeleteContact 2-6,,true,,2485,511,15,30,28,2925,1
1537443768511,13,Add_ContactForm,200,OK,AddContact 1-5,text,true,,3239,474,15,30,12,0,0
1537443767532,13,Add_ContactForm,200,"Number of samples in transaction : 2, number of failing samples : 0",AddContact 1-5,,true,,3239,474,15,30,12,979,0
1537443768619,40,Add_ContactForm,200,OK,AddContact 1-2,text,true,,3239,474,15,30,40,0,0
1537443767638,40,Add_ContactForm,200,"Number of samples in transaction : 2, number of failing samples : 0",AddContact 1-2,,true,,3239,474,15,30,40,981,0
1537443768634,27,Add_ContactForm,200,OK,AddContact 1-6,text,true,,3239,474,15,30,27,0,0
1537443767662,27,Add_ContactForm,200,"Number of samples in transaction : 2, number of failing samples : 0",AddContact 1-6,,true,,3239,474,15,30,27,972,0
1537443769111,25,Del_ContactFrom,200,OK,DeleteContact 2-11,text,true,,3362,482,15,30,25,0,1
1537443766065,25,Del_ContactFrom,200,"Number of samples in transaction : 2, number of failing samples : 0",DeleteContact 2-11,,true,,3362,482,15,30,25,2943,1
1537443769173,46,Del_ContactFrom,200,OK,DeleteContact 2-12,text,true,,3309,481,15,30,46,0,0
1537443766118,46,Del_ContactFrom,200,"Number of samples in transaction : 2, number of failing samples : 0",DeleteContact 2-12,,true,,3309,481,15,30,46,2953,0
1537443769174,49,Del_ContactFrom,200,OK,DeleteContact 2-10,text,true,,3348,482,15,30,49,0,0
1537443766126,49,Del_ContactFrom,200,"Number of samples in transaction : 2, number of failing samples : 0",DeleteContact 2-10,,true,,3348,482,15,30,49,2945,0
1537443769480,28,Add_ContactAction,200,OK,AddContact 1-3,text,true,,2477,1463,15,30,28,0,1
1537443766422,28,Add_ContactAction,200,"Number of samples in transaction : 2, number of failing samples : 0",AddContact 1-3,,true,,2477,1463,15,30,28,2956,1
1537443770049,28,Add_ContactAction,200,OK,AddContact 1-15,text,true,,2477,1680,15,30,28,0,1
1537443767107,28,Add_ContactAction,200,"Number of samples in transaction : 2, number of failing samples : 0",AddContact 1-15,,true,,2477,1680,15,30,28,2942,1
1537443771142,30,Add_ContactAction,200,OK,AddContact 1-4,text,true,,2477,1259,15,30,30,0,1
1537443768201,30,Add_ContactAction,200,"Number of samples in transaction : 2, number of failing samples : 0",AddContact 1-4,,true,,2477,1259,15,30,30,2941,1
1537443771173,15,Del_Contact,200,OK,DeleteContact 2-8,text,true,,2485,511,15,30,15,0,0
1537443768233,15,Del_Contact,200,"Number of samples in transaction : 2, number of failing samples : 0",DeleteContact 2-8,,true,,2485,511,15,30,15,2941,0
1537443771189,13,Del_Contact,200,OK,DeleteContact 2-9,text,true,,2491,511,15,30,13,0,0
1537443768246,13,Del_Contact,200,"Number of samples in transaction : 2, number of failing samples : 0",DeleteContact 2-9,,true,,2491,511,15,30,13,2943,0
1537443771203,115,Add_MainPage,200,OK,AddContact 1-9,text,true,,24139,446,15,30,114,0,0
1537443770219,115,Add_MainPage,200,"Number of samples in transaction : 2, number of failing samples : 0",AddContact 1-9,,true,,24139,446,15,30,114,985,0
1537443771203,148,Add_MainPage,200,OK,AddContact 1-7,text,true,,24139,446,15,30,147,0,1
1537443770219,148,Add_MainPage,200,"Number of samples in transaction : 2, number of failing samples : 0",AddContact 1-7,,true,,24139,446,15,30,147,984,1
1537443771257,101,Del_ContactFrom,200,OK,DeleteContact 2-13,text,true,,3422,482,15,30,101,0,7
1537443768281,101,Del_ContactFrom,200,"Number of samples in transaction : 2, number of failing samples : 0",DeleteContact 2-13,,true,,3422,482,15,30,101,2976,7
1537443771204,167,Add_MainPage,200,OK,AddContact 1-8,text,true,,24139,446,15,30,166,0,73
1537443770219,167,Add_MainPage,200,"Number of samples in transaction : 2, number of failing samples : 0",AddContact 1-8,,true,,24139,446,15,30,166,985,73
1537443771466,26,Add_ContactAction,200,OK,AddContact 1-5,text,true,,2477,1355,15,30,26,0,1
1537443768524,26,Add_ContactAction,200,"Number of samples in transaction : 2, number of failing samples : 0",AddContact 1-5,,true,,2477,1355,15,30,26,2942,1
1537443771604,52,Add_ContactAction,200,OK,AddContact 1-6,text,true,,2477,1211,15,30,52,0,1
1537443768661,52,Add_ContactAction,200,"Number of samples in transaction : 2, number of failing samples : 0",AddContact 1-6,,true,,2477,1211,15,30,52,2943,1
1537443771605,55,Add_ContactAction,200,OK,AddContact 1-2,text,true,,2477,1583,15,30,55,0,1
1537443768659,55,Add_ContactAction,200,"Number of samples in transaction : 2, number of failing samples : 0",AddContact 1-2,,true,,2477,1583,15,30,55,2946,1
1537443772168,20,Del_Contact,200,OK,DeleteContact 2-11,text,true,,2485,511,15,30,20,0,0
1537443769136,20,Del_Contact,200,"Number of samples in transaction : 2, number of failing samples : 0",DeleteContact 2-11,,true,,2485,511,15,30,20,2945,0
1537443772260,59,Del_MainPage,200,OK,DeleteContact 2-14,text,true,,24477,446,15,30,58,0,1
1537443771189,59,Del_MainPage,200,"Number of samples in transaction : 2, number of failing samples : 0",DeleteContact 2-14,,true,,24477,446,15,30,58,987,1
1537443772262,86,Del_Contact,200,OK,DeleteContact 2-10,text,true,,2485,511,15,30,86,0,0
1537443769223,86,Del_Contact,200,"Number of samples in transaction : 2, number of failing samples : 0",DeleteContact 2-10,,true,,2485,511,15,30,86,2952,0
1537443772261,90,Del_Contact,200,OK,DeleteContact 2-12,text,true,,2484,510,15,30,90,0,0
1537443769220,90,Del_Contact,200,"Number of samples in transaction : 2, number of failing samples : 0",DeleteContact 2-12,,true,,2484,510,15,30,90,2954,0
1537443772338,28,Del_MainPage,200,OK,DeleteContact 2-2,text,true,,24121,446,15,30,27,0,0
1537443771277,28,Del_MainPage,200,"Number of samples in transaction : 2, number of failing samples : 0",DeleteContact 2-2,,true,,24121,446,15,30,27,977,0
1537443772384,13,Add_ContactForm,200,OK,AddContact 1-9,text,true,,3239,474,15,30,13,0,0
1537443771319,13,Add_ContactForm,200,"Number of samples in transaction : 2, number of failing samples : 0",AddContact 1-9,,true,,3239,474,15,30,13,978,0
1537443772414,13,Add_ContactForm,200,OK,AddContact 1-7,text,true,,3239,474,15,30,13,0,0
1537443771351,13,Add_ContactForm,200,"Number of samples in transaction : 2, number of failing samples : 0",AddContact 1-7,,true,,3239,474,15,30,13,976,0
1537443772430,12,Add_ContactForm,200,OK,AddContact 1-8,text,true,,3239,474,15,30,12,0,0
1537443771371,12,Add_ContactForm,200,"Number of samples in transaction : 2, number of failing samples : 0",AddContact 1-8,,true,,3239,474,15,30,12,972,0
1537443773707,57,Add_MainPage,200,OK,AddContact 1-14,text,true,,24121,446,15,30,56,0,1
1537443772737,57,Add_MainPage,200,"Number of samples in transaction : 2, number of failing samples : 0",AddContact 1-14,,true,,24121,446,15,30,56,970,1
1537443773708,60,Add_MainPage,200,OK,AddContact 1-10,text,true,,24121,446,15,30,59,0,0
1537443772737,60,Add_MainPage,200,"Number of samples in transaction : 2, number of failing samples : 0",AddContact 1-10,,true,,24121,446,15,30,59,972,0
1537443774030,40,Del_MainPage,200,OK,DeleteContact 2-5,text,true,,24121,446,15,30,38,0,0
1537443773045,40,Del_MainPage,200,"Number of samples in transaction : 2, number of failing samples : 0",DeleteContact 2-5,,true,,24121,446,15,30,38,988,0
1537443774123,117,Del_MainPage,200,OK,DeleteContact 2-15,text,true,,24121,446,15,30,117,0,0
1537443773138,117,Del_MainPage,200,"Number of samples in transaction : 2, number of failing samples : 0",DeleteContact 2-15,,true,,24121,446,15,30,117,988,0
1537443774124,124,Del_MainPage,200,OK,DeleteContact 2-3,text,true,,24121,446,15,30,123,0,0
1537443773138,124,Del_MainPage,200,"Number of samples in transaction : 2, number of failing samples : 0",DeleteContact 2-3,,true,,24121,446,15,30,123,989,0
1537443774124,131,Del_MainPage,200,OK,DeleteContact 2-4,text,true,,24121,446,15,30,130,0,1
1537443773138,131,Del_MainPage,200,"Number of samples in transaction : 2, number of failing samples : 0",DeleteContact 2-4,,true,,24121,446,15,30,130,989,1
1537443774153,109,Del_MainPage,200,OK,DeleteContact 2-1,text,true,,24121,446,15,30,108,0,0
1537443773153,109,Del_MainPage,200,"Number of samples in transaction : 2, number of failing samples : 0",DeleteContact 2-1,,true,,24121,446,15,30,108,1003,0
1537443774162,107,Add_MainPage,200,OK,AddContact 1-11,text,true,,24121,446,15,30,106,0,1
1537443773168,107,Add_MainPage,200,"Number of samples in transaction : 2, number of failing samples : 0",AddContact 1-11,,true,,24121,446,15,30,106,994,1
1537443774292,30,Del_MainPage,200,OK,DeleteContact 2-7,text,true,,24121,446,15,30,29,0,1
1537443773307,30,Del_MainPage,200,"Number of samples in transaction : 2, number of failing samples : 0",DeleteContact 2-7,,true,,24121,446,15,30,29,992,1
1537443774368,34,Del_Contact,200,OK,DeleteContact 2-13,text,true,,2485,511,15,30,34,0,1
1537443771358,34,Del_Contact,200,"Number of samples in transaction : 2, number of failing samples : 0",DeleteContact 2-13,,true,,2485,511,15,30,34,2923,1
1537443774476,39,Del_MainPage,200,OK,DeleteContact 2-6,text,true,,23886,446,15,30,38,0,1
1537443773491,39,Del_MainPage,200,"Number of samples in transaction : 2, number of failing samples : 0",DeleteContact 2-6,,true,,23886,446,15,30,38,988,1
1537443774738,38,Add_ContactForm,200,OK,AddContact 1-14,text,true,,3239,474,15,30,38,0,0
1537443773764,38,Add_ContactForm,200,"Number of samples in transaction : 2, number of failing samples : 0",AddContact 1-14,,true,,3239,474,15,30,38,974,0
1537443774739,39,Add_ContactForm,200,OK,AddContact 1-10,text,true,,3239,474,15,30,39,0,0
1537443773769,39,Add_ContactForm,200,"Number of samples in transaction : 2, number of failing samples : 0",AddContact 1-10,,true,,3239,474,15,30,39,970,0
1537443775247,37,Add_ContactForm,200,OK,AddContact 1-11,text,true,,3239,474,15,30,37,0,0
1537443774269,37,Add_ContactForm,200,"Number of samples in transaction : 2, number of failing samples : 0",AddContact 1-11,,true,,3239,474,15,30,37,978,0
1537443775246,41,Del_ContactFrom,200,OK,DeleteContact 2-14,text,true,,3405,482,15,30,41,0,0
1537443772322,41,Del_ContactFrom,200,"Number of samples in transaction : 2, number of failing samples : 0",DeleteContact 2-14,,true,,3405,482,15,30,41,2924,0
1537443775292,13,Del_ContactFrom,200,OK,DeleteContact 2-2,text,true,,3324,482,15,30,13,0,1
1537443772369,13,Del_ContactFrom,200,"Number of samples in transaction : 2, number of failing samples : 0",DeleteContact 2-2,,true,,3324,482,15,30,13,2923,1
1537443775307,16,Add_ContactAction,200,OK,AddContact 1-9,text,true,,2477,1193,15,30,16,0,0
1537443772397,16,Add_ContactAction,200,"Number of samples in transaction : 2, number of failing samples : 0",AddContact 1-9,,true,,2477,1193,15,30,16,2910,0
1537443775338,469,Add_ContactAction,200,OK,AddContact 1-7,text,true,,2477,1163,15,30,469,0,1
1537443772427,469,Add_ContactAction,200,"Number of samples in transaction : 2, number of failing samples : 0",AddContact 1-7,,true,,2477,1163,15,30,469,2911,1
1537443775600,240,Add_MainPage,200,OK,AddContact 1-12,text,true,,24173,446,15,30,240,0,1
1537443774600,240,Add_MainPage,200,"Number of samples in transaction : 2, number of failing samples : 0",AddContact 1-12,,true,,24173,446,15,30,240,1000,1
1537443775600,244,Add_MainPage,200,OK,AddContact 1-1,text,true,,24173,446,15,30,244,0,0
1537443774600,244,Add_MainPage,200,"Number of samples in transaction : 2, number of failing samples : 0",AddContact 1-1,,true,,24173,446,15,30,244,1001,0
1537443775492,357,Add_MainPage,200,OK,AddContact 1-13,text,true,,24173,446,15,30,356,0,0
1537443774511,357,Add_MainPage,200,"Number of samples in transaction : 2, number of failing samples : 0",AddContact 1-13,,true,,24173,446,15,30,356,981,0
1537443775353,524,Add_ContactAction,200,OK,AddContact 1-8,text,true,,2477,1241,15,30,524,0,31
1537443772443,524,Add_ContactAction,200,"Number of samples in transaction : 2, number of failing samples : 0",AddContact 1-8,,true,,2477,1241,15,30,524,2910,31
1537443776936,61,Add_ContactForm,200,OK,AddContact 1-12,text,true,,3239,474,15,30,61,0,0
1537443775840,61,Add_ContactForm,200,"Number of samples in transaction : 2, number of failing samples : 0",AddContact 1-12,,true,,3239,474,15,30,61,975,0
1537443776936,63,Add_ContactForm,200,OK,AddContact 1-1,text,true,,3239,474,15,30,63,0,0
1537443775845,63,Add_ContactForm,200,"Number of samples in transaction : 2, number of failing samples : 0",AddContact 1-1,,true,,3239,474,15,30,63,970,0
1537443776975,25,Add_ContactForm,200,OK,AddContact 1-13,text,true,,3239,474,15,30,25,0,0
1537443775849,25,Add_ContactForm,200,"Number of samples in transaction : 2, number of failing samples : 0",AddContact 1-13,,true,,3239,474,15,30,25,1006,0
1537443777136,28,Del_ContactFrom,200,OK,DeleteContact 2-5,text,true,,3372,482,15,30,28,0,1
1537443774073,28,Del_ContactFrom,200,"Number of samples in transaction : 2, number of failing samples : 0",DeleteContact 2-5,,true,,3372,482,15,30,28,2942,1
1537443777383,240,Del_ContactFrom,200,OK,DeleteContact 2-15,text,true,,3331,482,15,30,240,0,0
1537443774243,240,Del_ContactFrom,200,"Number of samples in transaction : 2, number of failing samples : 0",DeleteContact 2-15,,true,,3331,482,15,30,240,3019,0
1537443777383,242,Del_ContactFrom,200,OK,DeleteContact 2-3,text,true,,3341,482,15,30,242,0,1
1537443774251,242,Del_ContactFrom,200,"Number of samples in transaction : 2, number of failing samples : 0",DeleteContact 2-3,,true,,3341,482,15,30,242,3011,1
1537443777384,243,Del_ContactFrom,200,OK,DeleteContact 2-4,text,true,,3424,482,15,30,243,0,0
1537443774258,243,Del_ContactFrom,200,"Number of samples in transaction : 2, number of failing samples : 0",DeleteContact 2-4,,true,,3424,482,15,30,243,3005,0
1537443777384,245,Del_ContactFrom,200,OK,DeleteContact 2-1,text,true,,3372,482,15,30,245,0,0
1537443774265,245,Del_ContactFrom,200,"Number of samples in transaction : 2, number of failing samples : 0",DeleteContact 2-1,,true,,3372,482,15,30,245,2998,0
1537443777495,136,Del_ContactFrom,200,OK,DeleteContact 2-7,text,true,,3324,481,15,30,136,0,0
1537443774329,136,Del_ContactFrom,200,"Number of samples in transaction : 2, number of failing samples : 0",DeleteContact 2-7,,true,,3324,481,15,30,136,3045,0
1537443777276,359,Del_MainPage,200,OK,DeleteContact 2-8,text,true,,24309,446,15,30,358,0,0
1537443776170,359,Del_MainPage,200,"Number of samples in transaction : 2, number of failing samples : 0",DeleteContact 2-8,,true,,24309,446,15,30,358,988,0
1537443777276,366,Del_MainPage,200,OK,DeleteContact 2-9,text,true,,24309,446,15,30,366,0,107
1537443776170,366,Del_MainPage,200,"Number of samples in transaction : 2, number of failing samples : 0",DeleteContact 2-9,,true,,24309,446,15,30,366,988,107
1537443777582,80,Del_ContactFrom,200,OK,DeleteContact 2-6,text,true,,3388,481,15,30,80,0,1
1537443774518,80,Del_ContactFrom,200,"Number of samples in transaction : 2, number of failing samples : 0",DeleteContact 2-6,,true,,3388,481,15,30,80,2943,1
1537443777552,114,Add_MainPage,200,OK,AddContact 1-3,text,true,,24309,446,15,30,113,0,0
1537443776446,114,Add_MainPage,200,"Number of samples in transaction : 2, number of failing samples : 0",AddContact 1-3,,true,,24309,446,15,30,113,985,0
1537443777844,47,Add_ContactAction,200,OK,AddContact 1-10,text,true,,2477,1523,15,30,47,0,1
1537443774778,47,Add_ContactAction,200,"Number of samples in transaction : 2, number of failing samples : 0",AddContact 1-10,,true,,2477,1523,15,30,47,2945,1
1537443777845,49,Add_ContactAction,200,OK,AddContact 1-14,text,true,,2477,1391,15,30,49,0,1
1537443774776,49,Add_ContactAction,200,"Number of samples in transaction : 2, number of failing samples : 0",AddContact 1-14,,true,,2477,1391,15,30,49,2948,1
1537443778107,40,Add_MainPage,200,OK,AddContact 1-15,text,true,,24651,446,15,30,39,0,0
1537443777121,40,Add_MainPage,200,"Number of samples in transaction : 2, number of failing samples : 0",AddContact 1-15,,true,,24651,446,15,30,39,987,0
1537443778183,27,Del_MainPage,200,OK,DeleteContact 2-11,text,true,,24651,446,15,30,26,0,1
1537443777199,27,Del_MainPage,200,"Number of samples in transaction : 2, number of failing samples : 0",DeleteContact 2-11,,true,,24651,446,15,30,26,988,1
1537443778370,66,Del_MainPage,200,OK,DeleteContact 2-12,text,true,,24651,446,15,30,66,0,0
1537443777384,66,Del_MainPage,200,"Number of samples in transaction : 2, number of failing samples : 0",DeleteContact 2-12,,true,,24651,446,15,30,66,989,0
1537443778338,103,Del_Contact,200,OK,DeleteContact 2-14,text,true,,2485,511,15,30,103,0,0
1537443775287,103,Del_Contact,200,"Number of samples in transaction : 2, number of failing samples : 0",DeleteContact 2-14,,true,,2485,511,15,30,103,2930,0
1537443778337,106,Add_ContactAction,200,OK,AddContact 1-11,text,true,,2477,1559,15,30,106,0,1
1537443775284,106,Add_ContactAction,200,"Number of samples in transaction : 2, number of failing samples : 0",AddContact 1-11,,true,,2477,1559,15,30,106,2932,1
1537443778369,75,Del_Contact,200,OK,DeleteContact 2-2,text,true,,2485,511,15,30,75,0,0
1537443775305,75,Del_Contact,200,"Number of samples in transaction : 2, number of failing samples : 0",DeleteContact 2-2,,true,,2485,511,15,30,75,2944,0
1537443778370,79,Del_MainPage,200,OK,DeleteContact 2-10,text,true,,24651,446,15,30,78,0,0
1537443777384,79,Del_MainPage,200,"Number of samples in transaction : 2, number of failing samples : 0",DeleteContact 2-10,,true,,24651,446,15,30,78,989,0
1537443778645,24,Add_ContactForm,200,OK,AddContact 1-3,text,true,,3239,474,15,30,24,0,0
1537443777666,24,Add_ContactForm,200,"Number of samples in transaction : 2, number of failing samples : 0",AddContact 1-3,,true,,3239,474,15,30,24,979,0
1537443779122,23,Add_ContactForm,200,OK,AddContact 1-15,text,true,,3239,474,15,30,23,0,0
1537443778148,23,Add_ContactForm,200,"Number of samples in transaction : 2, number of failing samples : 0",AddContact 1-15,,true,,3239,474,15,30,23,974,0
1537443779198,41,Add_MainPage,200,OK,AddContact 1-4,text,true,,24583,446,15,30,39,0,1
1537443778214,41,Add_MainPage,200,"Number of samples in transaction : 2, number of failing samples : 0",AddContact 1-4,,true,,24583,446,15,30,39,984,1
1537443779522,77,Add_MainPage,200,OK,AddContact 1-5,text,true,,24583,446,15,30,76,0,1
1537443778537,77,Add_MainPage,200,"Number of samples in transaction : 2, number of failing samples : 0",AddContact 1-5,,true,,24583,446,15,30,76,985,1
1537443779691,52,Add_MainPage,200,OK,AddContact 1-6,text,true,,24583,446,15,30,50,0,1
1537443778706,52,Add_MainPage,200,"Number of samples in transaction : 2, number of failing samples : 0",AddContact 1-6,,true,,24583,446,15,30,50,985,1
1537443779692,67,Add_MainPage,200,OK,AddContact 1-2,text,true,,24583,446,15,30,65,0,1
1537443778706,67,Add_MainPage,200,"Number of samples in transaction : 2, number of failing samples : 0",AddContact 1-2,,true,,24583,446,15,30,65,986,1
1537443779922,69,Add_ContactAction,200,OK,AddContact 1-12,text,true,,2477,1529,15,30,69,0,1
1537443776997,69,Add_ContactAction,200,"Number of samples in transaction : 2, number of failing samples : 0",AddContact 1-12,,true,,2477,1529,15,30,69,2926,1
1537443779940,55,Add_ContactAction,200,OK,AddContact 1-1,text,true,,2477,1601,15,30,55,0,1
1537443776999,55,Add_ContactAction,200,"Number of samples in transaction : 2, number of failing samples : 0",AddContact 1-1,,true,,2477,1601,15,30,55,2941,1
1537443779941,56,Add_ContactAction,200,OK,AddContact 1-13,text,true,,2477,1145,15,30,56,0,1
1537443777001,56,Add_ContactAction,200,"Number of samples in transaction : 2, number of failing samples : 0",AddContact 1-13,,true,,2477,1145,15,30,56,2940,1
1537443780091,39,Del_Contact,200,OK,DeleteContact 2-5,text,true,,2485,511,15,30,38,0,0
1537443777164,39,Del_Contact,200,"Number of samples in transaction : 2, number of failing samples : 0",DeleteContact 2-5,,true,,2485,511,15,30,38,2927,0
1537443780214,23,Add_ContactForm,200,OK,AddContact 1-4,text,true,,3239,474,15,30,23,0,0
1537443779239,23,Add_ContactForm,200,"Number of samples in transaction : 2, number of failing samples : 0",AddContact 1-4,,true,,3239,474,15,30,23,975,0
1537443780414,40,Del_MainPage,200,OK,DeleteContact 2-13,text,true,,24866,446,15,30,39,0,1
1537443779430,40,Del_MainPage,200,"Number of samples in transaction : 2, number of failing samples : 0",DeleteContact 2-13,,true,,24866,446,15,30,39,988,1
1537443780606,59,Add_ContactForm,200,OK,AddContact 1-5,text,true,,3239,474,15,30,59,0,0
1537443779599,59,Add_ContactForm,200,"Number of samples in transaction : 2, number of failing samples : 0",AddContact 1-5,,true,,3239,474,15,30,59,1007,0
1537443780588,81,Del_ContactFrom,200,OK,DeleteContact 2-8,text,true,,3260,482,15,30,81,0,1
1537443777638,81,Del_ContactFrom,200,"Number of samples in transaction : 2, number of failing samples : 0",DeleteContact 2-8,,true,,3260,482,15,30,81,2951,1
1537443780606,65,Del_ContactFrom,200,OK,DeleteContact 2-9,text,true,,3259,481,15,30,65,0,0
1537443777645,65,Del_ContactFrom,200,"Number of samples in transaction : 2, number of failing samples : 0",DeleteContact 2-9,,true,,3259,481,15,30,65,2962,0
1537443780588,95,Del_Contact,200,OK,DeleteContact 2-7,text,true,,2484,510,15,30,95,0,0
1537443777631,95,Del_Contact,200,"Number of samples in transaction : 2, number of failing samples : 0",DeleteContact 2-7,,true,,2484,510,15,30,95,2957,0
1537443780555,131,Del_Contact,200,OK,DeleteContact 2-4,text,true,,2485,511,15,30,131,0,0
1537443777627,131,Del_Contact,200,"Number of samples in transaction : 2, number of failing samples : 0",DeleteContact 2-4,,true,,2485,511,15,30,131,2928,0
1537443780607,80,Del_Contact,200,OK,DeleteContact 2-6,text,true,,2484,510,15,30,80,0,0
1537443777662,80,Del_Contact,200,"Number of samples in transaction : 2, number of failing samples : 0",DeleteContact 2-6,,true,,2484,510,15,30,80,2946,0
1537443780553,136,Del_Contact,200,OK,DeleteContact 2-15,text,true,,2485,511,15,30,136,0,1
1537443777623,136,Del_Contact,200,"Number of samples in transaction : 2, number of failing samples : 0",DeleteContact 2-15,,true,,2485,511,15,30,136,2930,1
1537443780554,136,Del_Contact,200,OK,DeleteContact 2-3,text,true,,2485,511,15,30,136,0,0
1537443777625,136,Del_Contact,200,"Number of samples in transaction : 2, number of failing samples : 0",DeleteContact 2-3,,true,,2485,511,15,30,136,2929,0
1537443780555,142,Del_Contact,200,OK,DeleteContact 2-1,text,true,,2484,511,15,30,142,0,1
1537443777629,142,Del_Contact,200,"Number of samples in transaction : 2, number of failing samples : 0",DeleteContact 2-1,,true,,2484,511,15,30,142,2926,1
1537443780723,12,Add_ContactForm,200,OK,AddContact 1-6,text,true,,3239,474,15,30,12,0,0
1537443779743,12,Add_ContactForm,200,"Number of samples in transaction : 2, number of failing samples : 0",AddContact 1-6,,true,,3239,474,15,30,12,980,0
1537443780737,12,Add_ContactForm,200,OK,AddContact 1-2,text,true,,3239,474,15,30,12,0,0
1537443779759,12,Add_ContactForm,200,"Number of samples in transaction : 2, number of failing samples : 0",AddContact 1-2,,true,,3239,474,15,30,12,978,0
1537443781154,25,Del_ContactFrom,200,OK,DeleteContact 2-11,text,true,,3295,481,15,30,25,0,0
1537443778214,25,Del_ContactFrom,200,"Number of samples in transaction : 2, number of failing samples : 0",DeleteContact 2-11,,true,,3295,481,15,30,25,2940,0
1537443781368,37,Del_ContactFrom,200,OK,DeleteContact 2-12,text,true,,3396,482,15,30,37,0,1
1537443778439,37,Del_ContactFrom,200,"Number of samples in transaction : 2, number of failing samples : 0",DeleteContact 2-12,,true,,3396,482,15,30,37,2930,1
1537443781386,22,Del_ContactFrom,200,OK,DeleteContact 2-10,text,true,,3300,482,15,30,22,0,1
1537443778452,22,Del_ContactFrom,200,"Number of samples in transaction : 2, number of failing samples : 0",DeleteContact 2-10,,true,,3300,482,15,30,22,2934,1
1537443781599,38,Add_ContactAction,200,OK,AddContact 1-3,text,true,,2477,1181,15,30,38,0,1
1537443778669,38,Add_ContactAction,200,"Number of samples in transaction : 2, number of failing samples : 0",AddContact 1-3,,true,,2477,1181,15,30,38,2930,1
1537443782195,27,Add_ContactAction,200,OK,AddContact 1-15,text,true,,2477,1115,15,30,27,0,0
1537443779145,27,Add_ContactAction,200,"Number of samples in transaction : 2, number of failing samples : 0",AddContact 1-15,,true,,2477,1115,15,30,27,2947,0
1537443783287,29,Add_ContactAction,200,OK,AddContact 1-4,text,true,,2477,1451,15,30,29,0,2
1537443780237,29,Add_ContactAction,200,"Number of samples in transaction : 2, number of failing samples : 0",AddContact 1-4,,true,,2477,1451,15,30,29,2947,2
1537443783395,53,Add_MainPage,200,OK,AddContact 1-9,text,true,,24155,446,15,30,52,0,0
1537443782410,53,Add_MainPage,200,"Number of samples in transaction : 2, number of failing samples : 0",AddContact 1-9,,true,,24155,446,15,30,52,985,0
1537443783503,25,Del_ContactFrom,200,OK,DeleteContact 2-13,text,true,,3410,482,15,30,25,0,1
1537443780458,25,Del_ContactFrom,200,"Number of samples in transaction : 2, number of failing samples : 0",DeleteContact 2-13,,true,,3410,482,15,30,25,2943,1
1537443783719,57,Add_ContactAction,200,OK,AddContact 1-5,text,true,,2477,1169,15,30,57,0,1
1537443780665,57,Add_ContactAction,200,"Number of samples in transaction : 2, number of failing samples : 0",AddContact 1-5,,true,,2477,1169,15,30,57,2951,1
1537443783720,90,Del_Contact,200,OK,DeleteContact 2-8,text,true,,2485,511,15,30,90,0,1
1537443780670,90,Del_Contact,200,"Number of samples in transaction : 2, number of failing samples : 0",DeleteContact 2-8,,true,,2485,511,15,30,90,2947,1
1537443783721,92,Del_Contact,200,OK,DeleteContact 2-9,text,true,,2484,510,15,30,92,0,0
1537443780672,92,Del_Contact,200,"Number of samples in transaction : 2, number of failing samples : 0",DeleteContact 2-9,,true,,2484,510,15,30,92,2947,0
1537443783780,35,Add_ContactAction,200,OK,AddContact 1-6,text,true,,2477,1559,15,30,35,0,0
1537443780735,35,Add_ContactAction,200,"Number of samples in transaction : 2, number of failing samples : 0",AddContact 1-6,,true,,2477,1559,15,30,35,2942,0
1537443783795,24,Add_ContactAction,200,OK,AddContact 1-2,text,true,,2477,1403,15,30,24,0,1
1537443780749,24,Add_ContactAction,200,"Number of samples in transaction : 2, number of failing samples : 0",AddContact 1-2,,true,,2477,1403,15,30,24,2943,1
1537443783872,49,Add_MainPage,200,OK,AddContact 1-7,text,true,,24459,446,15,30,48,0,1
1537443782887,49,Add_MainPage,200,"Number of samples in transaction : 2, number of failing samples : 0",AddContact 1-7,,true,,24459,446,15,30,48,985,1
1537443783949,30,Add_MainPage,200,OK,AddContact 1-8,text,true,,24459,446,15,30,29,0,1
1537443782964,30,Add_MainPage,200,"Number of samples in transaction : 2, number of failing samples : 0",AddContact 1-8,,true,,24459,446,15,30,29,985,1
1537443784211,26,Del_Contact,200,OK,DeleteContact 2-11,text,true,,2485,510,15,30,26,0,0
1537443781179,26,Del_Contact,200,"Number of samples in transaction : 2, number of failing samples : 0",DeleteContact 2-11,,true,,2485,510,15,30,26,2929,0
1537443784410,70,Add_ContactForm,200,OK,AddContact 1-9,text,true,,3239,474,15,30,70,0,0
1537443783448,70,Add_ContactForm,200,"Number of samples in transaction : 2, number of failing samples : 0",AddContact 1-9,,true,,3239,474,15,30,70,962,0
1537443784410,95,Del_MainPage,200,OK,DeleteContact 2-14,text,true,,24350,446,15,30,94,0,1
1537443783440,95,Del_MainPage,200,"Number of samples in transaction : 2, number of failing samples : 0",DeleteContact 2-14,,true,,24350,446,15,30,94,973,1
1537443784440,72,Del_MainPage,200,OK,DeleteContact 2-2,text,true,,24350,446,15,30,71,0,0
1537443783457,72,Del_MainPage,200,"Number of samples in transaction : 2, number of failing samples : 0",DeleteContact 2-2,,true,,24350,446,15,30,71,986,0
1537443784451,68,Del_Contact,200,OK,DeleteContact 2-10,text,true,,2485,511,15,30,68,0,0
1537443781408,68,Del_Contact,200,"Number of samples in transaction : 2, number of failing samples : 0",DeleteContact 2-10,,true,,2485,511,15,30,68,2940,0
1537443784451,71,Del_Contact,200,OK,DeleteContact 2-12,text,true,,2485,511,15,30,71,0,1
1537443781406,71,Del_Contact,200,"Number of samples in transaction : 2, number of failing samples : 0",DeleteContact 2-12,,true,,2485,511,15,30,71,2942,1
1537443784888,32,Add_ContactForm,200,OK,AddContact 1-7,text,true,,3239,474,15,30,32,0,0
1537443783921,32,Add_ContactForm,200,"Number of samples in transaction : 2, number of failing samples : 0",AddContact 1-7,,true,,3239,474,15,30,32,967,0
1537443784934,14,Add_ContactForm,200,OK,AddContact 1-8,text,true,,3239,474,15,30,14,0,0
1537443783979,14,Add_ContactForm,200,"Number of samples in transaction : 2, number of failing samples : 0",AddContact 1-8,,true,,3239,474,15,30,14,955,0
1537443785827,80,Add_MainPage,200,OK,AddContact 1-10,text,true,,23999,446,15,30,79,0,0
1537443784841,80,Add_MainPage,200,"Number of samples in transaction : 2, number of failing samples : 0",AddContact 1-10,,true,,23999,446,15,30,79,986,0
1537443785842,70,Add_MainPage,200,OK,AddContact 1-14,text,true,,23999,446,15,30,68,0,0
1537443784857,70,Add_MainPage,200,"Number of samples in transaction : 2, number of failing samples : 0",AddContact 1-14,,true,,23999,446,15,30,68,985,0
1537443786118,49,Del_MainPage,200,OK,DeleteContact 2-5,text,true,,23999,446,15,30,43,0,1
1537443785134,49,Del_MainPage,200,"Number of samples in transaction : 2, number of failing samples : 0",DeleteContact 2-5,,true,,23999,446,15,30,43,987,1
1537443786380,51,Add_MainPage,200,OK,AddContact 1-11,text,true,,23999,446,15,30,50,0,1
1537443785395,51,Add_MainPage,200,"Number of samples in transaction : 2, number of failing samples : 0",AddContact 1-11,,true,,23999,446,15,30,50,985,1
1537443786458,15,Del_Contact,200,OK,DeleteContact 2-13,text,true,,2485,511,15,30,15,0,0
1537443783529,15,Del_Contact,200,"Number of samples in transaction : 2, number of failing samples : 0",DeleteContact 2-13,,true,,2485,511,15,30,15,2930,0
1537443786272,139,Del_MainPage,200,OK,DeleteContact 2-7,text,true,,23756,446,15,30,139,0,0
1537443785689,139,Del_MainPage,200,"Number of samples in transaction : 2, number of failing samples : 0",DeleteContact 2-7,,true,,23756,446,15,30,139,984,0
1537443786272,147,Del_MainPage,200,OK,DeleteContact 2-4,text,true,,23756,446,15,30,146,0,1
1537443785689,147,Del_MainPage,200,"Number of samples in transaction : 2, number of failing samples : 0",DeleteContact 2-4,,true,,23756,446,15,30,146,983,1
1537443786273,153,Del_MainPage,200,OK,DeleteContact 2-15,text,true,,23756,446,15,30,153,0,1
1537443785689,153,Del_MainPage,200,"Number of samples in transaction : 2, number of failing samples : 0",DeleteContact 2-15,,true,,23756,446,15,30,153,984,1
1537443786274,160,Del_MainPage,200,OK,DeleteContact 2-3,text,true,,23756,446,15,30,159,0,0
1537443785689,160,Del_MainPage,200,"Number of samples in transaction : 2, number of failing samples : 0",DeleteContact 2-3,,true,,23756,446,15,30,159,985,0
1537443786273,169,Del_MainPage,200,OK,DeleteContact 2-6,text,true,,23756,446,15,30,168,0,0
1537443785689,169,Del_MainPage,200,"Number of samples in transaction : 2, number of failing samples : 0",DeleteContact 2-6,,true,,23756,446,15,30,168,984,0
1537443786298,152,Del_MainPage,200,OK,DeleteContact 2-1,text,true,,23756,446,15,30,150,0,0
1537443785703,152,Del_MainPage,200,"Number of samples in transaction : 2, number of failing samples : 0",DeleteContact 2-1,,true,,23756,446,15,30,150,995,0
1537443786487,23,Add_ContactForm,200,OK,AddContact 1-10,text,true,,3239,474,15,30,23,0,0
1537443785907,23,Add_ContactForm,200,"Number of samples in transaction : 2, number of failing samples : 0",AddContact 1-10,,true,,3239,474,15,30,23,978,0
1537443786487,25,Add_ContactForm,200,OK,AddContact 1-14,text,true,,3239,474,15,30,25,0,0
1537443785912,25,Add_ContactForm,200,"Number of samples in transaction : 2, number of failing samples : 0",AddContact 1-14,,true,,3239,474,15,30,25,973,0
1537443787015,23,Add_ContactForm,200,OK,AddContact 1-11,text,true,,3239,474,15,30,23,0,0
1537443786431,23,Add_ContactForm,200,"Number of samples in transaction : 2, number of failing samples : 0",AddContact 1-11,,true,,3239,474,15,30,23,982,0
1537443787021,27,Add_ContactAction,200,OK,AddContact 1-9,text,true,,2477,1397,15,30,27,0,1
1537443784480,27,Add_ContactAction,200,"Number of samples in transaction : 2, number of failing samples : 0",AddContact 1-9,,true,,2477,1397,15,30,27,2938,1
1537443787066,160,Del_ContactFrom,200,OK,DeleteContact 2-2,text,true,,3312,481,15,30,160,0,85
1537443784515,160,Del_ContactFrom,200,"Number of samples in transaction : 2, number of failing samples : 0",DeleteContact 2-2,,true,,3312,481,15,30,160,2948,85
1537443787052,176,Del_ContactFrom,200,OK,DeleteContact 2-14,text,true,,3297,482,15,30,176,0,14
1537443784508,176,Del_ContactFrom,200,"Number of samples in transaction : 2, number of failing samples : 0",DeleteContact 2-14,,true,,3297,482,15,30,176,2941,14
1537443787467,53,Add_ContactAction,200,OK,AddContact 1-7,text,true,,2477,1235,15,30,53,0,22
1537443784920,53,Add_ContactAction,200,"Number of samples in transaction : 2, number of failing samples : 0",AddContact 1-7,,true,,2477,1235,15,30,53,2945,22
1537443787490,72,Add_ContactAction,200,OK,AddContact 1-8,text,true,,2477,1571,15,30,72,0,1
1537443784948,72,Add_ContactAction,200,"Number of samples in transaction : 2, number of failing samples : 0",AddContact 1-8,,true,,2477,1571,15,30,72,2939,1
1537443787530,60,Add_MainPage,200,OK,AddContact 1-12,text,true,,24225,446,15,30,59,0,0
1537443786545,60,Add_MainPage,200,"Number of samples in transaction : 2, number of failing samples : 0",AddContact 1-12,,true,,24225,446,15,30,59,985,0
1537443787530,73,Add_MainPage,200,OK,AddContact 1-1,text,true,,24225,446,15,30,72,0,1
1537443786545,73,Add_MainPage,200,"Number of samples in transaction : 2, number of failing samples : 0",AddContact 1-1,,true,,24225,446,15,30,72,985,1
1537443787531,77,Add_MainPage,200,OK,AddContact 1-13,text,true,,24225,446,15,30,75,0,0
1537443786545,77,Add_MainPage,200,"Number of samples in transaction : 2, number of failing samples : 0",AddContact 1-13,,true,,24225,446,15,30,75,986,0
1537443788574,37,Add_ContactForm,200,OK,AddContact 1-12,text,true,,3239,474,15,30,37,0,0
1537443787590,37,Add_ContactForm,200,"Number of samples in transaction : 2, number of failing samples : 0",AddContact 1-12,,true,,3239,474,15,30,37,984,0
1537443788589,28,Add_ContactForm,200,OK,AddContact 1-1,text,true,,3239,474,15,30,27,0,0
1537443787603,28,Add_ContactForm,200,"Number of samples in transaction : 2, number of failing samples : 0",AddContact 1-1,,true,,3239,474,15,30,27,986,0
1537443788600,18,Add_ContactForm,200,OK,AddContact 1-13,text,true,,3239,474,15,30,18,0,0
1537443787608,18,Add_ContactForm,200,"Number of samples in transaction : 2, number of failing samples : 0",AddContact 1-13,,true,,3239,474,15,30,18,993,0
1537443788723,14,Del_ContactFrom,200,OK,DeleteContact 2-5,text,true,,3381,482,15,30,14,0,1
1537443786170,14,Del_ContactFrom,200,"Number of samples in transaction : 2, number of failing samples : 0",DeleteContact 2-5,,true,,3381,482,15,30,14,2950,1
1537443789184,36,Add_MainPage,200,OK,AddContact 1-3,text,true,,24225,446,15,30,35,0,0
1537443788199,36,Add_MainPage,200,"Number of samples in transaction : 2, number of failing samples : 0",AddContact 1-3,,true,,24225,446,15,30,35,985,0
1537443789295,49,Del_MainPage,200,OK,DeleteContact 2-8,text,true,,24225,446,15,30,48,0,1
1537443789296,55,Del_MainPage,200,OK,DeleteContact 2-9,text,true,,24225,446,15,30,54,0,0
1537443788310,55,Del_MainPage,200,"Number of samples in transaction : 2, number of failing samples : 0",DeleteContact 2-9,,true,,24225,446,15,30,54,989,0
1537443788310,49,Del_MainPage,200,"Number of samples in transaction : 2, number of failing samples : 0",DeleteContact 2-8,,true,,24225,446,15,30,48,996,1
1537443789368,75,Del_ContactFrom,200,OK,DeleteContact 2-7,text,true,,3349,482,15,30,75,0,0
1537443786415,75,Del_ContactFrom,200,"Number of samples in transaction : 2, number of failing samples : 0",DeleteContact 2-7,,true,,3349,482,15,30,75,2953,0
1537443789377,68,Del_ContactFrom,200,OK,DeleteContact 2-4,text,true,,3312,481,15,30,68,0,1
1537443786422,68,Del_ContactFrom,200,"Number of samples in transaction : 2, number of failing samples : 0",DeleteContact 2-4,,true,,3312,481,15,30,68,2955,1
1537443789387,60,Del_ContactFrom,200,OK,DeleteContact 2-15,text,true,,3325,482,15,30,60,0,0
1537443786429,60,Del_ContactFrom,200,"Number of samples in transaction : 2, number of failing samples : 0",DeleteContact 2-15,,true,,3325,482,15,30,60,2958,0
1537443789397,52,Del_ContactFrom,200,OK,DeleteContact 2-3,text,true,,3412,482,15,30,52,0,0
1537443786437,52,Del_ContactFrom,200,"Number of samples in transaction : 2, number of failing samples : 0",DeleteContact 2-3,,true,,3412,482,15,30,52,2960,0
1537443789407,44,Del_ContactFrom,200,OK,DeleteContact 2-6,text,true,,3402,482,15,30,44,0,0
1537443786445,44,Del_ContactFrom,200,"Number of samples in transaction : 2, number of failing samples : 0",DeleteContact 2-6,,true,,3402,482,15,30,44,2962,0
1537443789407,46,Del_ContactFrom,200,OK,DeleteContact 2-1,text,true,,3399,482,15,30,46,0,0
1537443786453,46,Del_ContactFrom,200,"Number of samples in transaction : 2, number of failing samples : 0",DeleteContact 2-1,,true,,3399,482,15,30,46,2954,0
1537443789464,27,Add_ContactAction,200,OK,AddContact 1-10,text,true,,2477,1319,15,30,27,0,0
1537443786511,27,Add_ContactAction,200,"Number of samples in transaction : 2, number of failing samples : 0",AddContact 1-10,,true,,2477,1319,15,30,27,2953,0
1537443789467,28,Add_ContactAction,200,OK,AddContact 1-14,text,true,,2477,1553,15,30,27,0,0
1537443786513,28,Add_ContactAction,200,"Number of samples in transaction : 2, number of failing samples : 0",AddContact 1-14,,true,,2477,1553,15,30,27,2954,0
1537443789663,34,Add_MainPage,200,OK,AddContact 1-15,text,true,,24578,446,15,30,33,0,1
1537443788678,34,Add_MainPage,200,"Number of samples in transaction : 2, number of failing samples : 0",AddContact 1-15,,true,,24578,446,15,30,33,985,1
1537443789729,26,Del_MainPage,200,OK,DeleteContact 2-11,text,true,,24578,446,15,30,24,0,0
1537443788744,26,Del_MainPage,200,"Number of samples in transaction : 2, number of failing samples : 0",DeleteContact 2-11,,true,,24578,446,15,30,24,988,0
1537443789992,20,Add_ContactAction,200,OK,AddContact 1-11,text,true,,2477,1241,15,30,20,0,0
1537443787039,20,Add_ContactAction,200,"Number of samples in transaction : 2, number of failing samples : 0",AddContact 1-11,,true,,2477,1241,15,30,20,2953,0
1537443790021,49,Del_MainPage,200,OK,DeleteContact 2-12,text,true,,24684,446,15,30,48,0,1
1537443789037,49,Del_MainPage,200,"Number of samples in transaction : 2, number of failing samples : 0",DeleteContact 2-12,,true,,24684,446,15,30,48,987,1
1537443790022,55,Del_MainPage,200,OK,DeleteContact 2-10,text,true,,24684,446,15,30,54,0,0
1537443789037,55,Del_MainPage,200,"Number of samples in transaction : 2, number of failing samples : 0",DeleteContact 2-10,,true,,24684,446,15,30,54,989,0
1537443790180,40,Del_Contact,200,OK,DeleteContact 2-2,text,true,,2484,510,15,30,40,0,0
1537443787226,40,Del_Contact,200,"Number of samples in transaction : 2, number of failing samples : 0",DeleteContact 2-2,,true,,2484,510,15,30,40,2954,0
1537443790204,19,Add_ContactForm,200,OK,AddContact 1-3,text,true,,3239,474,15,30,19,0,0
1537443789221,19,Add_ContactForm,200,"Number of samples in transaction : 2, number of failing samples : 0",AddContact 1-3,,true,,3239,474,15,30,19,983,0
1537443790191,34,Del_Contact,200,OK,DeleteContact 2-14,text,true,,2485,511,15,30,34,0,0
1537443787228,34,Del_Contact,200,"Number of samples in transaction : 2, number of failing samples : 0",DeleteContact 2-14,,true,,2485,511,15,30,34,2963,0
1537443790682,16,Add_ContactForm,200,OK,AddContact 1-15,text,true,,3239,474,15,30,16,0,0
1537443789697,16,Add_ContactForm,200,"Number of samples in transaction : 2, number of failing samples : 0",AddContact 1-15,,true,,3239,474,15,30,16,986,0
1537443790757,27,Add_MainPage,200,OK,AddContact 1-4,text,true,,24448,446,15,30,26,0,1
1537443789772,27,Add_MainPage,200,"Number of samples in transaction : 2, number of failing samples : 0",AddContact 1-4,,true,,24448,446,15,30,26,985,1
1537443790796,43,Add_MainPage,200,OK,AddContact 1-5,text,true,,24448,446,15,30,43,0,0
1537443790235,43,Add_MainPage,200,"Number of samples in transaction : 2, number of failing samples : 0",AddContact 1-5,,true,,24448,446,15,30,43,985,0
1537443790766,97,Add_ContactAction,200,OK,AddContact 1-13,text,true,,2477,1433,15,30,97,0,1
1537443788619,97,Add_ContactAction,200,"Number of samples in transaction : 2, number of failing samples : 0",AddContact 1-13,,true,,2477,1433,15,30,97,2571,1
1537443790766,98,Add_ContactAction,200,OK,AddContact 1-1,text,true,,2477,1079,15,30,98,0,0
1537443788617,98,Add_ContactAction,200,"Number of samples in transaction : 2, number of failing samples : 0",AddContact 1-1,,true,,2477,1079,15,30,98,2573,0
1537443790759,107,Add_ContactAction,200,OK,AddContact 1-12,text,true,,2477,1391,15,30,107,0,1
1537443788611,107,Add_ContactAction,200,"Number of samples in transaction : 2, number of failing samples : 0",AddContact 1-12,,true,,2477,1391,15,30,107,2572,1
1537443790825,299,Del_Contact,200,OK,DeleteContact 2-5,text,true,,2485,511,13,23,299,0,0
1537443788737,299,Del_Contact,200,"Number of samples in transaction : 2, number of failing samples : 0",DeleteContact 2-5,,true,,2485,511,13,23,299,2523,0
1537443790841,300,Add_MainPage,200,OK,AddContact 1-6,text,true,,24878,446,10,22,299,0,0
1537443790280,300,Add_MainPage,200,"Number of samples in transaction : 2, number of failing samples : 0",AddContact 1-6,,true,,24878,446,10,22,299,985,0
1537443790841,309,Add_MainPage,200,OK,AddContact 1-2,text,true,,24878,446,9,21,309,0,1
1537443790280,309,Add_MainPage,200,"Number of samples in transaction : 2, number of failing samples : 0",AddContact 1-2,,true,,24878,446,9,21,309,986,1
1537443790892,281,Del_Contact,200,OK,DeleteContact 2-4,text,true,,2489,510,12,20,281,0,0
1537443789445,281,Del_Contact,200,"Number of samples in transaction : 2, number of failing samples : 0",DeleteContact 2-4,,true,,2489,510,12,20,281,1871,0
1537443791010,169,Add_ContactForm,200,OK,AddContact 1-4,text,true,,3239,474,8,19,169,0,0
1537443790784,169,Add_ContactForm,200,"Number of samples in transaction : 2, number of failing samples : 0",AddContact 1-4,,true,,3239,474,8,19,169,651,0
1537443790881,309,Del_ContactFrom,200,OK,DeleteContact 2-9,text,true,,3349,482,11,18,309,0,0
1537443789354,309,Del_ContactFrom,200,"Number of samples in transaction : 2, number of failing samples : 0",DeleteContact 2-9,,true,,3349,482,11,18,309,1952,0
1537443790882,313,Del_ContactFrom,200,OK,DeleteContact 2-8,text,true,,3326,482,10,17,313,0,0
1537443789355,313,Del_ContactFrom,200,"Number of samples in transaction : 2, number of failing samples : 0",DeleteContact 2-8,,true,,3326,482,10,17,313,1953,0
1537443790961,241,Del_ContactFrom,200,OK,DeleteContact 2-11,text,true,,3324,482,9,16,241,0,0
1537443789758,241,Del_ContactFrom,200,"Number of samples in transaction : 2, number of failing samples : 0",DeleteContact 2-11,,true,,3324,482,9,16,241,1627,0
1537443790971,235,Del_ContactFrom,200,OK,DeleteContact 2-10,text,true,,3336,482,8,15,235,0,0
1537443790081,235,Del_ContactFrom,200,"Number of samples in transaction : 2, number of failing samples : 0",DeleteContact 2-10,,true,,3336,482,8,15,235,1314,0
1537443790971,238,Del_ContactFrom,200,OK,DeleteContact 2-12,text,true,,3306,482,7,14,238,0,0
1537443790073,238,Del_ContactFrom,200,"Number of samples in transaction : 2, number of failing samples : 0",DeleteContact 2-12,,true,,3306,482,7,14,238,1322,0
1537443790921,350,Add_ContactAction,200,OK,AddContact 1-3,text,true,,2476,1614,7,13,350,0,0
1537443790223,350,Add_ContactAction,200,"Number of samples in transaction : 2, number of failing samples : 0",AddContact 1-3,,true,,2476,1614,7,13,350,1123,0
1537443791002,280,Add_MainPage,200,OK,AddContact 1-9,text,true,,24723,446,6,12,274,0,0
1537443791027,280,Add_MainPage,200,"Number of samples in transaction : 2, number of failing samples : 0",AddContact 1-9,,true,,24723,446,6,12,274,399,0
1537443791026,263,Add_MainPage,200,OK,AddContact 1-14,text,true,,24722,446,5,11,261,0,0
1537443790848,263,Add_MainPage,200,"Number of samples in transaction : 2, number of failing samples : 0",AddContact 1-14,,true,,24722,446,5,11,261,179,0
1537443791025,271,Add_MainPage,200,OK,AddContact 1-10,text,true,,24722,446,4,10,270,0,0
1537443790848,271,Add_MainPage,200,"Number of samples in transaction : 2, number of failing samples : 0",AddContact 1-10,,true,,24722,446,4,10,270,178,0
1537443791010,293,Add_MainPage,200,OK,AddContact 1-7,text,true,,24723,446,3,9,292,0,0
1537443791075,293,Add_MainPage,200,"Number of samples in transaction : 2, number of failing samples : 0",AddContact 1-7,,true,,24723,446,3,9,292,360,0
1537443791011,300,Add_MainPage,200,OK,AddContact 1-8,text,true,,24723,446,2,8,299,0,0
1537443791078,300,Add_MainPage,200,"Number of samples in transaction : 2, number of failing samples : 0",AddContact 1-8,,true,,24723,446,2,8,299,357,0
1537443790892,421,Del_Contact,200,OK,DeleteContact 2-15,text,true,,2484,511,6,7,421,0,0
1537443789447,421,Del_Contact,200,"Number of samples in transaction : 2, number of failing samples : 0",DeleteContact 2-15,,true,,2484,511,6,7,421,1870,0
1537443790891,426,Del_Contact,200,OK,DeleteContact 2-7,text,true,,2482,511,5,6,426,0,0
1537443789443,426,Del_Contact,200,"Number of samples in transaction : 2, number of failing samples : 0",DeleteContact 2-7,,true,,2482,511,5,6,426,1872,0
1537443790892,427,Del_Contact,200,OK,DeleteContact 2-1,text,true,,2484,511,4,5,427,0,0
1537443789453,427,Del_Contact,200,"Number of samples in transaction : 2, number of failing samples : 0",DeleteContact 2-1,,true,,2484,511,4,5,427,1864,0
1537443791042,283,Del_MainPage,200,OK,DeleteContact 2-13,text,true,,24723,446,3,4,282,0,14
1537443790963,283,Del_MainPage,200,"Number of samples in transaction : 2, number of failing samples : 0",DeleteContact 2-13,,true,,24723,446,3,4,282,507,14
1537443790892,439,Del_Contact,200,OK,DeleteContact 2-3,text,true,,2484,511,2,3,439,0,0
1537443789449,439,Del_Contact,200,"Number of samples in transaction : 2, number of failing samples : 0",DeleteContact 2-3,,true,,2484,511,2,3,439,1868,0
1537443790892,442,Del_Contact,200,OK,DeleteContact 2-6,text,true,,2484,511,1,2,442,0,0
1537443789451,442,Del_Contact,200,"Number of samples in transaction : 2, number of failing samples : 0",DeleteContact 2-6,,true,,2484,511,1,2,442,1866,0
1537443790968,370,Add_ContactAction,200,OK,AddContact 1-15,text,true,,2476,1565,1,1,370,0,0
1537443790699,370,Add_ContactAction,200,"Number of samples in transaction : 2, number of failing samples : 0",AddContact 1-15,,true,,2476,1565,1,1,370,693,0
